2025-05-18 17:46:11 INFO  main [mitsuba.cpp:274] Mitsuba version 0.6.0 (Linux, 64 bit), Copyright (c) 2017 Wenzel Jakob
2025-05-18 17:46:11 INFO  main [mitsuba.cpp:377] Parsing scene description from "scene/modern-living-room/modern-living-room.xml" ..
2025-05-18 17:46:11 INFO  main [scenehandler.cpp:675] In file "/mitsuba/scene/modern-living-room/modern-living-room.xml" (near line 13): Parsing included file "pmm_focal_recursive.xml" ..
2025-05-18 17:46:11 INFO  main [PluginManager] Loading plugin "plugins/pmm_focal_recursive.so" ..
2025-05-18 17:46:11 INFO  main [octree.h:535] root weight: 8.000e-20 (0.000000)
2025-05-18 17:46:11 INFO  main [octree.h:536] splitting threshold: 8.000e-23 (0.000000)
2025-05-18 17:46:11 INFO  main [octree.h:551] node count: 1 -> 585 -> 585

2025-05-18 17:46:11 INFO  main [octree.h:535] root weight: 8.000e-20 (0.000000)
2025-05-18 17:46:11 INFO  main [octree.h:536] splitting threshold: 8.000e-23 (0.000000)
2025-05-18 17:46:11 INFO  main [octree.h:551] node count: 1 -> 585 -> 585

2025-05-18 17:46:11 INFO  main [MIFocalGuidingPathTracer] budget: 600
2025-05-18 17:46:11 INFO  main [MIFocalGuidingPathTracer] dumpPrimaryRays: false
2025-05-18 17:46:11 INFO  main [MIFocalGuidingPathTracer] dumpScene: false
2025-05-18 17:46:11 INFO  main [MIFocalGuidingPathTracer] gmm.alpha: 0.4
2025-05-18 17:46:11 INFO  main [MIFocalGuidingPathTracer] gmm.initMethod: KMeans
2025-05-18 17:46:11 INFO  main [MIFocalGuidingPathTracer] gmm.maxNumComp: 10
2025-05-18 17:46:11 INFO  main [MIFocalGuidingPathTracer] gmm.mergingThreshold: 0.65
2025-05-18 17:46:11 INFO  main [MIFocalGuidingPathTracer] gmm.minNumComp: 3
2025-05-18 17:46:11 INFO  main [MIFocalGuidingPathTracer] gmm.splittingThreshold: 100
2025-05-18 17:46:11 INFO  main [MIFocalGuidingPathTracer] iterationBudget: 10
2025-05-18 17:46:11 INFO  main [MIFocalGuidingPathTracer] iterationCount: 15
2025-05-18 17:46:11 INFO  main [MIFocalGuidingPathTracer] maxDepth: 40
2025-05-18 17:46:11 INFO  main [MIFocalGuidingPathTracer] minSamplesToStartFitting: 128
2025-05-18 17:46:11 INFO  main [MIFocalGuidingPathTracer] normalBinning: disabled
2025-05-18 17:46:11 INFO  main [MIFocalGuidingPathTracer] renderMaxSeconds: 36000
2025-05-18 17:46:11 INFO  main [MIFocalGuidingPathTracer] rrDepth: 14
2025-05-18 17:46:11 INFO  main [MIFocalGuidingPathTracer] samplingMode: 2
2025-05-18 17:46:11 INFO  main [MIFocalGuidingPathTracer] strictNormals: true
2025-05-18 17:46:11 INFO  main [MIFocalGuidingPathTracer] trainingSamples: 4
2025-05-18 17:46:11 INFO  main [MIFocalGuidingPathTracer] tree.threshold: 0.001
2025-05-18 17:46:11 INFO  main [MIFocalGuidingPathTracer] unboundedSplatting: true
2025-05-18 17:46:11 INFO  main [PluginManager] Loading plugin "plugins/independent.so" ..
2025-05-18 17:46:11 INFO  main [PluginManager] Loading plugin "plugins/box.so" ..
2025-05-18 17:46:11 INFO  main [PluginManager] Loading plugin "plugins/hdrfilm.so" ..
2025-05-18 17:46:11 INFO  main [PluginManager] Loading plugin "plugins/perspective.so" ..
2025-05-18 17:46:11 INFO  main [PluginManager] Loading plugin "plugins/bitmap.so" ..
2025-05-18 17:46:11 INFO  main [BitmapTexture] Loading texture "Abstract.jpg"
2025-05-18 17:46:11 INFO  main [PluginManager] Loading plugin "plugins/lanczos.so" ..
2025-05-18 17:46:11 INFO  main [PluginManager] Loading plugin "plugins/diffuse.so" ..
2025-05-18 17:46:11 INFO  main [PluginManager] Loading plugin "plugins/twosided.so" ..
2025-05-18 17:46:11 INFO  main [BitmapTexture] Loading texture "WoodFloor.jpg"
2025-05-18 17:46:11 INFO  main [MIPMap] Generating MIP map cache file "/mitsuba/scene/modern-living-room/textures/WoodFloor.mip" ..
2025-05-18 17:46:12 INFO  main [PluginManager] Loading plugin "plugins/roughplastic.so" ..
2025-05-18 17:46:12 INFO  main [PluginManager] Loading plugin "plugins/dielectric.so" ..
2025-05-18 17:46:12 INFO  main [PluginManager] Loading plugin "plugins/roughconductor.so" ..
2025-05-18 17:46:12 INFO  main [spectrum.cpp:599] "Cu.eta.spd": loaded a spectral power distribution with 55 entries (between 302.400421 and 885.601257 nm)
2025-05-18 17:46:12 INFO  main [spectrum.cpp:599] "Cu.k.spd": loaded a spectral power distribution with 55 entries (between 302.400421 and 885.601257 nm)
2025-05-18 17:46:12 INFO  main [BitmapTexture] Loading texture "Fabric.jpg"
2025-05-18 17:46:12 INFO  main [PluginManager] Loading plugin "plugins/obj.so" ..
2025-05-18 17:46:12 INFO  main [WavefrontOBJ] Loading geometry from "Mesh019.obj" ..
2025-05-18 17:46:12 INFO  main [WavefrontOBJ] Mesh019: 22528 triangles, 11268 vertices (merged 56316 vertices).
2025-05-18 17:46:12 INFO  main [WavefrontOBJ] Done with "Mesh019.obj" (took 46 ms)
2025-05-18 17:46:12 INFO  main [WavefrontOBJ] Loading geometry from "Mesh033.obj" ..
2025-05-18 17:46:12 INFO  main [WavefrontOBJ] Mesh033: 22528 triangles, 11268 vertices (merged 56316 vertices).
2025-05-18 17:46:12 INFO  main [WavefrontOBJ] Done with "Mesh033.obj" (took 45 ms)
2025-05-18 17:46:12 INFO  main [WavefrontOBJ] Loading geometry from "Mesh020.obj" ..
2025-05-18 17:46:12 INFO  main [WavefrontOBJ] Mesh020: 6784 triangles, 3425 vertices (merged 16927 vertices).
2025-05-18 17:46:12 INFO  main [WavefrontOBJ] Done with "Mesh020.obj" (took 13 ms)
2025-05-18 17:46:12 INFO  main [WavefrontOBJ] Loading geometry from "Mesh016.obj" ..
2025-05-18 17:46:12 INFO  main [WavefrontOBJ] Mesh016: 18944 triangles, 9537 vertices (merged 47295 vertices).
2025-05-18 17:46:12 INFO  main [WavefrontOBJ] Done with "Mesh016.obj" (took 39 ms)
2025-05-18 17:46:12 INFO  main [WavefrontOBJ] Loading geometry from "Mesh017.obj" ..
2025-05-18 17:46:12 INFO  main [WavefrontOBJ] Mesh017: 4864 triangles, 2434 vertices (merged 12158 vertices).
2025-05-18 17:46:12 INFO  main [WavefrontOBJ] Done with "Mesh017.obj" (took 9 ms)
2025-05-18 17:46:12 INFO  main [WavefrontOBJ] Loading geometry from "Mesh014.obj" ..
2025-05-18 17:46:12 INFO  main [WavefrontOBJ] Mesh014: 4864 triangles, 2434 vertices (merged 12158 vertices).
2025-05-18 17:46:12 INFO  main [WavefrontOBJ] Done with "Mesh014.obj" (took 9 ms)
2025-05-18 17:46:12 INFO  main [WavefrontOBJ] Loading geometry from "Mesh025.obj" ..
2025-05-18 17:46:12 INFO  main [WavefrontOBJ] Mesh025: 19456 triangles, 9730 vertices (merged 48638 vertices).
2025-05-18 17:46:12 INFO  main [WavefrontOBJ] Done with "Mesh025.obj" (took 39 ms)
2025-05-18 17:46:12 INFO  main [WavefrontOBJ] Loading geometry from "Mesh013.obj" ..
2025-05-18 17:46:12 INFO  main [WavefrontOBJ] Mesh013: 35840 triangles, 17922 vertices (merged 89598 vertices).
2025-05-18 17:46:12 INFO  main [WavefrontOBJ] Done with "Mesh013.obj" (took 73 ms)
2025-05-18 17:46:12 INFO  main [WavefrontOBJ] Loading geometry from "Mesh021.obj" ..
2025-05-18 17:46:12 INFO  main [WavefrontOBJ] Mesh021: 35840 triangles, 17922 vertices (merged 89598 vertices).
2025-05-18 17:46:12 INFO  main [WavefrontOBJ] Done with "Mesh021.obj" (took 75 ms)
2025-05-18 17:46:12 INFO  main [WavefrontOBJ] Loading geometry from "Mesh022.obj" ..
2025-05-18 17:46:12 INFO  main [WavefrontOBJ] Mesh022: 18944 triangles, 9537 vertices (merged 47295 vertices).
2025-05-18 17:46:12 INFO  main [WavefrontOBJ] Done with "Mesh022.obj" (took 40 ms)
2025-05-18 17:46:12 INFO  main [WavefrontOBJ] Loading geometry from "Mesh015.obj" ..
2025-05-18 17:46:12 INFO  main [WavefrontOBJ] Mesh015: 63488 triangles, 31752 vertices (merged 158712 vertices).
2025-05-18 17:46:12 INFO  main [WavefrontOBJ] Done with "Mesh015.obj" (took 144 ms)
2025-05-18 17:46:12 INFO  main [WavefrontOBJ] Loading geometry from "Mesh024.obj" ..
2025-05-18 17:46:12 INFO  main [WavefrontOBJ] Mesh024: 6272 triangles, 3169 vertices (merged 15647 vertices).
2025-05-18 17:46:12 INFO  main [WavefrontOBJ] Done with "Mesh024.obj" (took 13 ms)
2025-05-18 17:46:12 INFO  main [WavefrontOBJ] Loading geometry from "Mesh026.obj" ..
2025-05-18 17:46:12 INFO  main [WavefrontOBJ] Mesh026: 25088 triangles, 12609 vertices (merged 62655 vertices).
2025-05-18 17:46:12 INFO  main [WavefrontOBJ] Done with "Mesh026.obj" (took 54 ms)
2025-05-18 17:46:12 INFO  main [WavefrontOBJ] Loading geometry from "Mesh034.obj" ..
2025-05-18 17:46:12 INFO  main [WavefrontOBJ] Mesh034: 20736 triangles, 10704 vertices (merged 51504 vertices).
2025-05-18 17:46:12 INFO  main [WavefrontOBJ] Done with "Mesh034.obj" (took 43 ms)
2025-05-18 17:46:12 INFO  main [WavefrontOBJ] Loading geometry from "Mesh029.obj" ..
2025-05-18 17:46:12 INFO  main [WavefrontOBJ] Mesh029: 4320 triangles, 2178 vertices (merged 10782 vertices).
2025-05-18 17:46:12 INFO  main [WavefrontOBJ] Done with "Mesh029.obj" (took 8 ms)
2025-05-18 17:46:12 INFO  main [WavefrontOBJ] Loading geometry from "Mesh018.obj" ..
2025-05-18 17:46:12 INFO  main [WavefrontOBJ] Mesh018: 53248 triangles, 26624 vertices (merged 133120 vertices).
2025-05-18 17:46:12 INFO  main [WavefrontOBJ] Done with "Mesh018.obj" (took 114 ms)
2025-05-18 17:46:12 INFO  main [WavefrontOBJ] Loading geometry from "Mesh032.obj" ..
2025-05-18 17:46:12 INFO  main [WavefrontOBJ] Mesh032: 30 triangles, 64 vertices (merged 26 vertices).
2025-05-18 17:46:12 INFO  main [WavefrontOBJ] Done with "Mesh032.obj" (took 0 ms)
2025-05-18 17:46:12 INFO  main [WavefrontOBJ] Loading geometry from "Mesh035.obj" ..
2025-05-18 17:46:13 INFO  main [WavefrontOBJ] Mesh035: 13312 triangles, 6656 vertices (merged 33280 vertices).
2025-05-18 17:46:13 INFO  main [WavefrontOBJ] Done with "Mesh035.obj" (took 27 ms)
2025-05-18 17:46:13 INFO  main [WavefrontOBJ] Loading geometry from "Mesh031.obj" ..
2025-05-18 17:46:13 INFO  main [WavefrontOBJ] Mesh031: 792 triangles, 1304 vertices (merged 1072 vertices).
2025-05-18 17:46:13 INFO  main [WavefrontOBJ] Done with "Mesh031.obj" (took 3 ms)
2025-05-18 17:46:13 INFO  main [WavefrontOBJ] Loading geometry from "Mesh012.obj" ..
2025-05-18 17:46:13 INFO  main [WavefrontOBJ] Mesh012: 102 triangles, 162 vertices (merged 144 vertices).
2025-05-18 17:46:13 INFO  main [WavefrontOBJ] Done with "Mesh012.obj" (took 0 ms)
2025-05-18 17:46:13 INFO  main [WavefrontOBJ] Loading geometry from "Mesh011.obj" ..
2025-05-18 17:46:13 INFO  main [WavefrontOBJ] Mesh011: 102 triangles, 162 vertices (merged 144 vertices).
2025-05-18 17:46:13 INFO  main [WavefrontOBJ] Done with "Mesh011.obj" (took 0 ms)
2025-05-18 17:46:13 INFO  main [WavefrontOBJ] Loading geometry from "Mesh010.obj" ..
2025-05-18 17:46:13 INFO  main [WavefrontOBJ] Mesh010: 102 triangles, 166 vertices (merged 140 vertices).
2025-05-18 17:46:13 INFO  main [WavefrontOBJ] Done with "Mesh010.obj" (took 0 ms)
2025-05-18 17:46:13 INFO  main [WavefrontOBJ] Loading geometry from "Mesh028.obj" ..
2025-05-18 17:46:13 INFO  main [WavefrontOBJ] Mesh028: 105472 triangles, 52738 vertices (merged 263678 vertices).
2025-05-18 17:46:13 INFO  main [WavefrontOBJ] Done with "Mesh028.obj" (took 218 ms)
2025-05-18 17:46:13 INFO  main [WavefrontOBJ] Loading geometry from "Mesh009.obj" ..
2025-05-18 17:46:13 INFO  main [WavefrontOBJ] Mesh009: 65472 triangles, 50844 vertices (merged 145572 vertices).
2025-05-18 17:46:13 INFO  main [WavefrontOBJ] Done with "Mesh009.obj" (took 180 ms)
2025-05-18 17:46:13 INFO  main [WavefrontOBJ] Loading geometry from "Mesh007.obj" ..
2025-05-18 17:46:13 INFO  main [WavefrontOBJ] Mesh007: 65472 triangles, 50844 vertices (merged 145572 vertices).
2025-05-18 17:46:13 INFO  main [WavefrontOBJ] Done with "Mesh007.obj" (took 184 ms)
2025-05-18 17:46:13 INFO  main [WavefrontOBJ] Loading geometry from "Mesh006.obj" ..
2025-05-18 17:46:13 INFO  main [WavefrontOBJ] Mesh006: 71680 triangles, 35844 vertices (merged 179196 vertices).
2025-05-18 17:46:13 INFO  main [WavefrontOBJ] Done with "Mesh006.obj" (took 150 ms)
2025-05-18 17:46:13 INFO  main [WavefrontOBJ] Loading geometry from "Mesh030.obj" ..
2025-05-18 17:46:13 INFO  main [WavefrontOBJ] Mesh030: 27136 triangles, 13638 vertices (merged 67770 vertices).
2025-05-18 17:46:13 INFO  main [WavefrontOBJ] Done with "Mesh030.obj" (took 54 ms)
2025-05-18 17:46:13 INFO  main [WavefrontOBJ] Loading geometry from "Mesh005.obj" ..
2025-05-18 17:46:13 INFO  main [WavefrontOBJ] Mesh005: 96 triangles, 192 vertices (merged 96 vertices).
2025-05-18 17:46:13 INFO  main [WavefrontOBJ] Done with "Mesh005.obj" (took 0 ms)
2025-05-18 17:46:13 INFO  main [WavefrontOBJ] Loading geometry from "Mesh004.obj" ..
2025-05-18 17:46:14 INFO  main [WavefrontOBJ] Mesh004: 65472 triangles, 50844 vertices (merged 145572 vertices).
2025-05-18 17:46:14 INFO  main [WavefrontOBJ] Done with "Mesh004.obj" (took 181 ms)
2025-05-18 17:46:14 INFO  main [WavefrontOBJ] Loading geometry from "Mesh023.obj" ..
2025-05-18 17:46:14 INFO  main [WavefrontOBJ] Mesh023: 6912 triangles, 3458 vertices (merged 17278 vertices).
2025-05-18 17:46:14 INFO  main [WavefrontOBJ] Done with "Mesh023.obj" (took 14 ms)
2025-05-18 17:46:14 INFO  main [WavefrontOBJ] Loading geometry from "Mesh002.obj" ..
2025-05-18 17:46:14 INFO  main [WavefrontOBJ] Mesh002: 96 triangles, 192 vertices (merged 96 vertices).
2025-05-18 17:46:14 INFO  main [WavefrontOBJ] Done with "Mesh002.obj" (took 0 ms)
2025-05-18 17:46:14 INFO  main [WavefrontOBJ] Loading geometry from "Mesh008.obj" ..
2025-05-18 17:46:14 INFO  main [WavefrontOBJ] Mesh008: 2 triangles, 4 vertices (merged 2 vertices).
2025-05-18 17:46:14 INFO  main [WavefrontOBJ] Done with "Mesh008.obj" (took 0 ms)
2025-05-18 17:46:14 INFO  main [WavefrontOBJ] Loading geometry from "Mesh027.obj" ..
2025-05-18 17:46:14 INFO  main [WavefrontOBJ] Mesh027: 8 triangles, 16 vertices (merged 8 vertices).
2025-05-18 17:46:14 INFO  main [WavefrontOBJ] Done with "Mesh027.obj" (took 0 ms)
2025-05-18 17:46:14 INFO  main [WavefrontOBJ] Loading geometry from "Mesh003.obj" ..
2025-05-18 17:46:14 INFO  main [WavefrontOBJ] Mesh003: 2 triangles, 4 vertices (merged 2 vertices).
2025-05-18 17:46:14 INFO  main [WavefrontOBJ] Done with "Mesh003.obj" (took 0 ms)
2025-05-18 17:46:14 INFO  main [WavefrontOBJ] Loading geometry from "Mesh001.obj" ..
2025-05-18 17:46:14 INFO  main [WavefrontOBJ] Mesh001: 204 triangles, 398 vertices (merged 214 vertices).
2025-05-18 17:46:14 INFO  main [WavefrontOBJ] Done with "Mesh001.obj" (took 1 ms)
2025-05-18 17:46:14 INFO  main [PluginManager] Loading plugin "plugins/area.so" ..
2025-05-18 17:46:14 INFO  main [PluginManager] Loading plugin "plugins/sphere.so" ..
2025-05-18 17:46:14 INFO  ren0 [KDTreeBase] Constructing a SAH kd-tree (786209 primitives) ..
2025-05-18 17:46:14 INFO  ren0 [KDTreeBase] Finished -- took 680 ms.
2025-05-18 17:46:14 INFO  ren0 [octree.h:535] root weight: 8.000e-20 (0.000000)
2025-05-18 17:46:14 INFO  ren0 [octree.h:536] splitting threshold: 8.000e-23 (0.000000)
2025-05-18 17:46:14 INFO  ren0 [octree.h:551] node count: 1 -> 585 -> 585

2025-05-18 17:46:14 INFO  ren0 [octree.h:535] root weight: 4.096e-17 (0.000000)
2025-05-18 17:46:14 INFO  ren0 [octree.h:536] splitting threshold: 4.096e-20 (0.000000)
2025-05-18 17:46:14 INFO  ren0 [octree.h:551] node count: 585 -> 585 -> 585

2025-05-18 17:46:14 INFO  ren0 [octree.h:535] root weight: 8.000e-20 (0.000000)
2025-05-18 17:46:14 INFO  ren0 [octree.h:536] splitting threshold: 8.000e-23 (0.000000)
2025-05-18 17:46:14 INFO  ren0 [octree.h:551] node count: 1 -> 585 -> 585

2025-05-18 17:46:14 INFO  ren0 [octree.h:535] root weight: 8.000e-20 (0.000000)
2025-05-18 17:46:14 INFO  ren0 [octree.h:536] splitting threshold: 8.000e-23 (0.000000)
2025-05-18 17:46:14 INFO  ren0 [octree.h:551] node count: 1 -> 585 -> 585

2025-05-18 17:46:14 INFO  ren0 [octree.h:535] root weight: 4.096e-17 (0.000000)
2025-05-18 17:46:14 INFO  ren0 [octree.h:536] splitting threshold: 4.096e-20 (0.000000)
2025-05-18 17:46:14 INFO  ren0 [octree.h:551] node count: 585 -> 585 -> 585

2025-05-18 17:46:14 INFO  ren0 [octree.h:535] root weight: 8.000e-20 (0.000000)
2025-05-18 17:46:14 INFO  ren0 [octree.h:536] splitting threshold: 8.000e-23 (0.000000)
2025-05-18 17:46:14 INFO  ren0 [octree.h:551] node count: 1 -> 585 -> 585

2025-05-18 17:46:14 INFO  ren0 [MIFocalGuidingPathTracer] AABB3[min=[-6.02975, -0.00717345, -6.68615], max=[0.32406, 2.72573, 0.00770017]]
2025-05-18 17:46:14 INFO  ren0 [MIFocalGuidingPathTracer] Starting render job (1280x720, 12 cores, SSE2 enabled) ..
2025-05-18 17:46:14 INFO  ren0 [MIFocalGuidingPathTracer] ITERATION 0, until 10.0 seconds
2025-05-18 17:46:27 INFO  ren0 [MIFocalGuidingPathTracer]   12.97 seconds elapsed, passes this iteration: 2, total passes: 2
2025-05-18 17:46:27 INFO  ren0 [MIFocalGuidingPathTracer] Got 314996082 non-zero samples
2025-05-18 17:46:28 INFO  ren0 [gaussian_mixture_model.h:808] Processing mega batch of size 26591486
2025-05-18 17:46:29 INFO  ren0 [gaussian_mixture_model.h:547] KMeans
2025-05-18 17:46:52 INFO  ren0 [gaussian_mixture_model.h:808] Processing mega batch of size 25774506
2025-05-18 17:47:14 INFO  ren0 [gaussian_mixture_model.h:808] Processing mega batch of size 26172213
2025-05-18 17:47:36 INFO  ren0 [gaussian_mixture_model.h:808] Processing mega batch of size 26456207
2025-05-18 17:47:58 INFO  ren0 [gaussian_mixture_model.h:808] Processing mega batch of size 25630706
2025-05-18 17:48:20 INFO  ren0 [gaussian_mixture_model.h:808] Processing mega batch of size 26388454
2025-05-18 17:48:42 INFO  ren0 [gaussian_mixture_model.h:808] Processing mega batch of size 25900847
2025-05-18 17:49:05 INFO  ren0 [gaussian_mixture_model.h:808] Processing mega batch of size 26590279
2025-05-18 17:49:27 INFO  ren0 [gaussian_mixture_model.h:808] Processing mega batch of size 26479741
2025-05-18 17:49:50 INFO  ren0 [gaussian_mixture_model.h:808] Processing mega batch of size 25978382
2025-05-18 17:50:12 INFO  ren0 [gaussian_mixture_model.h:808] Processing mega batch of size 26558915
2025-05-18 17:50:35 INFO  ren0 [gaussian_mixture_model.h:808] Processing mega batch of size 26474346
2025-05-18 17:50:56 INFO  ren0 [MIFocalGuidingPathTracer] GMM[
weight = 0.000876171 mean = [-3.36023 0.656793 -1.01705] covariance = [[0.275502 0.0548823 0.0365442][0.0548823 0.271892 -0.0331116][0.0365442 -0.0331116 0.354836]]
weight = 0.000876171 mean = [-3.7852 1.0887 -0.820777] covariance = [[0.275502 0.0548823 0.0365442][0.0548823 0.271892 -0.0331116][0.0365442 -0.0331116 0.354836]]
weight = 0.0356822 mean = [-1.34701 1.56011 -3.87594] covariance = [[1.49001 -0.0909952 0.278918][-0.0909952 0.819726 -0.06594][0.278918 -0.06594 1.4243]]
weight = 0.0176414 mean = [-3.73714 2.02737 -0.828166] covariance = [[0.586862 0.0978812 0.0810756][0.0978812 0.415262 0.0178321][0.0810756 0.0178321 0.521027]]
weight = 0.0235325 mean = [-5.43722 1.66104 -0.801059] covariance = [[0.240645 0.0625962 -0.0250223][0.0625962 0.569849 0.00632713][-0.0250223 0.00632713 0.568594]]
weight = 0.0235325 mean = [-5.32983 1.80576 -1.8537] covariance = [[0.240645 0.0625962 -0.0250223][0.0625962 0.569849 0.00632713][-0.0250223 0.00632713 0.568594]]
weight = 0.897859 mean = [-2.2816 1.47198 -1.24503] covariance = [[3.67323 -0.214141 1.05684][-0.214141 0.618548 -0.123939][1.05684 -0.123939 1.64127]]
]
2025-05-18 17:50:56 INFO  ren0 [octree.h:535] root weight: 4.262e+06 (4262310.000000)
2025-05-18 17:50:56 INFO  ren0 [octree.h:536] splitting threshold: 4.262e+03 (4262.310059)
2025-05-18 17:50:56 INFO  ren0 [octree.h:535] root weight: 1.368e+06 (1368417.625000)
2025-05-18 17:50:56 INFO  ren0 [octree.h:536] splitting threshold: 1.368e+03 (1368.417725)
2025-05-18 17:50:56 INFO  ren0 [octree.h:551] node count: 585 -> 677 -> 449

2025-05-18 17:50:56 INFO  ren0 [octree.h:551] node count: 585 -> 609 -> 360

2025-05-18 17:50:56 INFO  ren0 [MIFocalGuidingPathTracer] ITERATION 1, until 20.0 seconds
2025-05-18 17:51:38 INFO  ren0 [MIFocalGuidingPathTracer]   323.26 seconds elapsed, passes this iteration: 1, total passes: 3
2025-05-18 17:51:38 INFO  ren0 [MIFocalGuidingPathTracer] Got 86361397 non-zero samples
2025-05-18 17:51:44 INFO  ren0 [gaussian_mixture_model.h:808] Processing mega batch of size 86361397
2025-05-18 17:53:01 INFO  ren0 [MIFocalGuidingPathTracer] GMM[
weight = 0.000220667 mean = [-5.39657 0.0125335 -0.0114701] covariance = [[0.00109757 5.29687e-05 -0.000187918][5.29687e-05 0.00470101 -0.000735546][-0.000187918 -0.000735546 0.000383699]]
weight = 0.0441315 mean = [-4.4504 1.70279 -0.740548] covariance = [[0.751826 0.153225 0.0965158][0.153225 0.482829 -0.117318][0.0965158 -0.117318 0.293574]]
weight = 0.0107219 mean = [-3.89646 1.35548 -0.0503679] covariance = [[0.0926292 -0.0128655 -0.013938][-0.0128655 0.0420083 -0.00358081][-0.013938 -0.00358081 0.0160171]]
weight = 0.438416 mean = [-2.06218 1.55951 -1.51921] covariance = [[1.08807 0.071752 0.12592][0.071752 0.685007 -0.124335][0.12592 -0.124335 0.988192]]
weight = 0.0237416 mean = [-5.48032 2.32022 -0.340431] covariance = [[0.294 0.0279194 -0.0221399][0.0279194 0.0521493 -0.00220127][-0.0221399 -0.00220127 0.215838]]
weight = 0.000220667 mean = [-5.39439 0.109305 -0.0275905] covariance = [[0.00109757 5.29687e-05 -0.000187918][5.29687e-05 0.00470101 -0.000735546][-0.000187918 -0.000735546 0.000383699]]
weight = 0.0441315 mean = [-3.26955 2.19611 -0.634887] covariance = [[0.751826 0.153225 0.0965158][0.153225 0.482829 -0.117318][0.0965158 -0.117318 0.293574]]
weight = 0.438416 mean = [-0.806735 1.52059 -0.641695] covariance = [[1.08807 0.071752 0.12592][0.071752 0.685007 -0.124335][0.12592 -0.124335 0.988192]]
]
2025-05-18 17:53:01 INFO  ren0 [octree.h:535] root weight: 3.004e+07 (30037584.000000)
2025-05-18 17:53:01 INFO  ren0 [octree.h:536] splitting threshold: 3.004e+04 (30037.585938)
2025-05-18 17:53:01 INFO  ren0 [octree.h:535] root weight: 1.133e+07 (11325422.000000)
2025-05-18 17:53:01 INFO  ren0 [octree.h:536] splitting threshold: 1.133e+04 (11325.422852)
2025-05-18 17:53:01 INFO  ren0 [octree.h:551] node count: 449 -> 516 -> 427

2025-05-18 17:53:01 INFO  ren0 [octree.h:551] node count: 360 -> 422 -> 390

2025-05-18 17:53:01 INFO  ren0 [MIFocalGuidingPathTracer] ITERATION 2, until 30.0 seconds
2025-05-18 17:53:42 INFO  ren0 [MIFocalGuidingPathTracer]   448.06 seconds elapsed, passes this iteration: 1, total passes: 4
2025-05-18 17:53:42 INFO  ren0 [MIFocalGuidingPathTracer] Got 82874815 non-zero samples
2025-05-18 17:53:48 INFO  ren0 [gaussian_mixture_model.h:808] Processing mega batch of size 82874815
2025-05-18 17:55:01 INFO  ren0 [MIFocalGuidingPathTracer] GMM[
weight = 0.013067 mean = [-5.99503 0.984906 -0.00297659] covariance = [[0.00580016 0.000320072 -0.00168682][0.000320072 0.00878634 0.001756][-0.00168682 0.001756 0.00286183]]
weight = 0.013067 mean = [-5.98891 0.854175 -0.040389] covariance = [[0.00580016 0.000320072 -0.00168682][0.000320072 0.00878634 0.001756][-0.00168682 0.001756 0.00286183]]
weight = 0.111148 mean = [-2.96839 1.29287 -0.295861] covariance = [[0.940435 0.0103641 0.0129516][0.0103641 0.555592 0.0282848][0.0129516 0.0282848 0.0702358]]
weight = 0.037036 mean = [-4.87782 1.11002 -2.48262] covariance = [[0.911711 0.0497694 0.0139596][0.0497694 0.664932 -0.0742446][0.0139596 -0.0742446 0.943965]]
weight = 0.111148 mean = [-1.5973 1.33134 -0.274217] covariance = [[0.940435 0.0103641 0.0129516][0.0103641 0.555592 0.0282848][0.0129516 0.0282848 0.0702358]]
weight = 0.037036 mean = [-3.54456 1.36484 -2.46901] covariance = [[0.911711 0.0497694 0.0139596][0.0497694 0.664932 -0.0742446][0.0139596 -0.0742446 0.943965]]
weight = 0.0476159 mean = [-5.00027 1.74044 -0.621502] covariance = [[0.65612 0.208486 -0.0723699][0.208486 0.520252 -0.0196737][-0.0723699 -0.0196737 0.258911]]
weight = 0.0016762 mean = [-5.94543 0.0853951 -1.33672] covariance = [[0.00532193 -0.000341306 -0.0274387][-0.000341306 0.000721087 0.00858816][-0.0274387 0.00858816 1.11082]]
weight = 0.628206 mean = [-0.873137 1.35184 -1.09759] covariance = [[0.759627 -0.0568661 -0.0575346][-0.0568661 0.669112 0.11074][-0.0575346 0.11074 0.70342]]
]
2025-05-18 17:55:01 INFO  ren0 [octree.h:535] root weight: 3.584e+07 (35838580.000000)
2025-05-18 17:55:01 INFO  ren0 [octree.h:536] splitting threshold: 3.584e+04 (35838.582031)
2025-05-18 17:55:01 INFO  ren0 [octree.h:535] root weight: 1.230e+07 (12303070.000000)
2025-05-18 17:55:01 INFO  ren0 [octree.h:536] splitting threshold: 1.230e+04 (12303.070312)
2025-05-18 17:55:01 INFO  ren0 [octree.h:551] node count: 427 -> 486 -> 448

2025-05-18 17:55:01 INFO  ren0 [octree.h:551] node count: 390 -> 413 -> 369

2025-05-18 17:55:01 INFO  ren0 [MIFocalGuidingPathTracer] ITERATION 3, until 40.0 seconds
2025-05-18 17:55:48 INFO  ren0 [MIFocalGuidingPathTracer]   573.68 seconds elapsed, passes this iteration: 1, total passes: 5
2025-05-18 17:55:48 INFO  ren0 [MIFocalGuidingPathTracer] Got 86841167 non-zero samples
2025-05-18 17:55:53 INFO  ren0 [gaussian_mixture_model.h:808] Processing mega batch of size 86841167
2025-05-18 17:56:57 INFO  ren0 [MIFocalGuidingPathTracer] GMM[
weight = 0.00521166 mean = [-5.40635 2.4802 -3.19481] covariance = [[0.0439323 -0.00343105 -0.0320074][-0.00343105 0.00406566 -0.000820624][-0.0320074 -0.000820624 0.153444]]
weight = 0.0109129 mean = [-5.58653 2.44058 -0.83829] covariance = [[0.0506362 -0.00762079 -0.0181173][-0.00762079 0.0152027 -0.0209239][-0.0181173 -0.0209239 0.818196]]
weight = 0.0159449 mean = [-5.65221 1.68471 -4.831] covariance = [[0.143803 -0.0553913 0.0298182][-0.0553913 0.535064 0.00775862][0.0298182 0.00775862 0.656358]]
weight = 0.0156647 mean = [-5.58448 1.93441 -3.41378] covariance = [[0.0866684 0.0204883 -0.0210442][0.0204883 0.260245 0.0575992][-0.0210442 0.0575992 0.241574]]
weight = 0.273944 mean = [-2.31385 1.56088 -2.267] covariance = [[3.81195 0.326442 -1.19348][0.326442 0.837925 -0.197029][-1.19348 -0.197029 1.75982]]
weight = 0.678322 mean = [-1.22512 1.50337 -0.464001] covariance = [[0.920638 -0.0934719 -0.152222][-0.0934719 0.423027 -0.023734][-0.152222 -0.023734 0.323234]]
]
2025-05-18 17:57:11 INFO  ren0 [octree.h:535] root weight: 2.819e+07 (28191416.000000)
2025-05-18 17:57:11 INFO  ren0 [octree.h:536] splitting threshold: 2.819e+04 (28191.417969)
2025-05-18 17:57:11 INFO  ren0 [octree.h:535] root weight: 9.573e+06 (9572505.000000)
2025-05-18 17:57:11 INFO  ren0 [octree.h:536] splitting threshold: 9.573e+03 (9572.505859)
2025-05-18 17:57:11 INFO  ren0 [octree.h:551] node count: 448 -> 471 -> 442

2025-05-18 17:57:11 INFO  ren0 [octree.h:551] node count: 369 -> 377 -> 359

2025-05-18 17:57:11 INFO  ren0 [MIFocalGuidingPathTracer] ITERATION 4, until 50.0 seconds
2025-05-18 17:57:43 INFO  ren0 [MIFocalGuidingPathTracer]   688.52 seconds elapsed, passes this iteration: 1, total passes: 6
2025-05-18 17:57:43 INFO  ren0 [RenderJob] Render time: 11.4880m
2025-05-18 17:57:43 INFO  ren0 [HDRFilm] Writing image to "/mitsuba/scene/modern-living-room/modern-living-room.exr" ..
2025-05-18 17:57:43 INFO  main [statistics.cpp:142] Statistics:
------------------------------------------------------------
 * Loaded plugins :
    -  plugins/area.so [Area light]
    -  plugins/bitmap.so [Bitmap texture]
    -  plugins/box.so [Box filter]
    -  plugins/dielectric.so [Smooth dielectric BSDF]
    -  plugins/diffuse.so [Smooth diffuse BRDF]
    -  plugins/hdrfilm.so [High dynamic range film]
    -  plugins/independent.so [Independent sampler]
    -  plugins/lanczos.so [Lanczos Sinc filter]
    -  plugins/obj.so [OBJ triangle mesh loader]
    -  plugins/perspective.so [Perspective camera]
    -  plugins/pmm_focal_recursive.so [MI focal guiding path tracer]
    -  plugins/roughconductor.so [Rough conductor BRDF]
    -  plugins/roughplastic.so [Rough plastic BRDF]
    -  plugins/sphere.so [Sphere intersection primitive]
    -  plugins/twosided.so [Two-sided BRDF adapter]

  * General :
    -  Normal rays traced : 53.695 M
    -  Shadow rays traced : 48.827 M

  * PathGuiding :
    -  Average path length : 9.21 (50.91 M / 5.53 M)

  * Texture system :
    -  Cumulative MIP map memory allocations : 76.918 MiB
    -  Filtered texture lookups : 0.00 % (0.00 of 16.20 M)
------------------------------------------------------------
