2025-05-18 20:10:30 INFO  main [mitsuba.cpp:274] Mitsuba version 0.6.0 (Linux, 64 bit), Copyright (c) 2017 Wenzel Jakob
2025-05-18 20:10:30 INFO  main [mitsuba.cpp:377] Parsing scene description from "scene/modern-hall/modern-hall.xml" ..
2025-05-18 20:10:30 INFO  main [scenehandler.cpp:675] In file "/mitsuba/scene/modern-hall/modern-hall.xml" (near line 20): Parsing included file "pmm_focal_recursive.xml" ..
2025-05-18 20:10:30 INFO  main [PluginManager] Loading plugin "plugins/pmm_focal_recursive.so" ..
2025-05-18 20:10:30 INFO  main [octree.h:535] root weight: 8.000e-20 (0.000000)
2025-05-18 20:10:30 INFO  main [octree.h:536] splitting threshold: 8.000e-23 (0.000000)
2025-05-18 20:10:30 INFO  main [octree.h:551] node count: 1 -> 585 -> 585

2025-05-18 20:10:30 INFO  main [octree.h:535] root weight: 8.000e-20 (0.000000)
2025-05-18 20:10:30 INFO  main [octree.h:536] splitting threshold: 8.000e-23 (0.000000)
2025-05-18 20:10:30 INFO  main [octree.h:551] node count: 1 -> 585 -> 585

2025-05-18 20:10:30 INFO  main [MIFocalGuidingPathTracer] budget: 600
2025-05-18 20:10:30 INFO  main [MIFocalGuidingPathTracer] dumpPrimaryRays: false
2025-05-18 20:10:30 INFO  main [MIFocalGuidingPathTracer] dumpScene: false
2025-05-18 20:10:30 INFO  main [MIFocalGuidingPathTracer] gmm.alpha: 0.4
2025-05-18 20:10:30 INFO  main [MIFocalGuidingPathTracer] gmm.initMethod: KMeans
2025-05-18 20:10:30 INFO  main [MIFocalGuidingPathTracer] gmm.maxNumComp: 10
2025-05-18 20:10:30 INFO  main [MIFocalGuidingPathTracer] gmm.mergingThreshold: 0.5
2025-05-18 20:10:30 INFO  main [MIFocalGuidingPathTracer] gmm.minNumComp: 3
2025-05-18 20:10:30 INFO  main [MIFocalGuidingPathTracer] gmm.splittingThreshold: 100
2025-05-18 20:10:30 INFO  main [MIFocalGuidingPathTracer] iterationBudget: 10
2025-05-18 20:10:30 INFO  main [MIFocalGuidingPathTracer] iterationCount: 15
2025-05-18 20:10:30 INFO  main [MIFocalGuidingPathTracer] maxDepth: 40
2025-05-18 20:10:30 INFO  main [MIFocalGuidingPathTracer] minSamplesToStartFitting: 128
2025-05-18 20:10:30 INFO  main [MIFocalGuidingPathTracer] normalBinning: disabled
2025-05-18 20:10:30 INFO  main [MIFocalGuidingPathTracer] renderMaxSeconds: 36000
2025-05-18 20:10:30 INFO  main [MIFocalGuidingPathTracer] rrDepth: 14
2025-05-18 20:10:30 INFO  main [MIFocalGuidingPathTracer] samplingMode: 2
2025-05-18 20:10:30 INFO  main [MIFocalGuidingPathTracer] strictNormals: true
2025-05-18 20:10:30 INFO  main [MIFocalGuidingPathTracer] trainingSamples: 4
2025-05-18 20:10:30 INFO  main [MIFocalGuidingPathTracer] tree.threshold: 0.001
2025-05-18 20:10:30 INFO  main [MIFocalGuidingPathTracer] unboundedSplatting: true
2025-05-18 20:10:30 INFO  main [PluginManager] Loading plugin "plugins/independent.so" ..
2025-05-18 20:10:30 INFO  main [PluginManager] Loading plugin "plugins/box.so" ..
2025-05-18 20:10:30 INFO  main [PluginManager] Loading plugin "plugins/hdrfilm.so" ..
2025-05-18 20:10:30 INFO  main [PluginManager] Loading plugin "plugins/perspective.so" ..
2025-05-18 20:10:30 INFO  main [PluginManager] Loading plugin "plugins/dielectric.so" ..
2025-05-18 20:10:30 INFO  main [PluginManager] Loading plugin "plugins/bitmap.so" ..
2025-05-18 20:10:30 INFO  main [BitmapTexture] Loading texture "wood5.jpg"
2025-05-18 20:10:30 INFO  main [PluginManager] Loading plugin "plugins/lanczos.so" ..
2025-05-18 20:10:30 INFO  main [MIPMap] Generating MIP map cache file "/mitsuba/scene/modern-hall/textures/wood5.mip" ..
2025-05-18 20:10:30 INFO  main [PluginManager] Loading plugin "plugins/roughplastic.so" ..
2025-05-18 20:10:30 INFO  main [PluginManager] Loading plugin "plugins/twosided.so" ..
2025-05-18 20:10:30 INFO  main [BitmapTexture] Loading texture "Tiles.jpg"
2025-05-18 20:10:30 INFO  main [PluginManager] Loading plugin "plugins/diffuse.so" ..
2025-05-18 20:10:30 INFO  main [BitmapTexture] Loading texture "Wallpaper.jpg"
2025-05-18 20:10:30 INFO  main [PluginManager] Loading plugin "plugins/roughconductor.so" ..
2025-05-18 20:10:30 INFO  main [spectrum.cpp:599] "Cu.eta.spd": loaded a spectral power distribution with 55 entries (between 302.400421 and 885.601257 nm)
2025-05-18 20:10:30 INFO  main [spectrum.cpp:599] "Cu.k.spd": loaded a spectral power distribution with 55 entries (between 302.400421 and 885.601257 nm)
2025-05-18 20:10:30 INFO  main [spectrum.cpp:599] "Cu.eta.spd": loaded a spectral power distribution with 55 entries (between 302.400421 and 885.601257 nm)
2025-05-18 20:10:30 INFO  main [spectrum.cpp:599] "Cu.k.spd": loaded a spectral power distribution with 55 entries (between 302.400421 and 885.601257 nm)
2025-05-18 20:10:30 INFO  main [PluginManager] Loading plugin "plugins/difftrans.so" ..
2025-05-18 20:10:30 INFO  main [PluginManager] Loading plugin "plugins/area.so" ..
2025-05-18 20:10:30 INFO  main [PluginManager] Loading plugin "plugins/rectangle.so" ..
2025-05-18 20:10:30 INFO  main [PluginManager] Loading plugin "plugins/cube.so" ..
2025-05-18 20:10:30 INFO  main [PluginManager] Loading plugin "plugins/obj.so" ..
2025-05-18 20:10:30 INFO  main [WavefrontOBJ] Loading geometry from "Mesh008.obj" ..
2025-05-18 20:10:30 INFO  main [WavefrontOBJ] Mesh008: 5184 triangles, 2664 vertices (merged 12888 vertices).
2025-05-18 20:10:30 INFO  main [WavefrontOBJ] Done with "Mesh008.obj" (took 12 ms)
2025-05-18 20:10:30 INFO  main [WavefrontOBJ] Loading geometry from "Mesh004.obj" ..
2025-05-18 20:10:30 INFO  main [WavefrontOBJ] Mesh004: 5184 triangles, 2664 vertices (merged 12888 vertices).
2025-05-18 20:10:30 INFO  main [WavefrontOBJ] Done with "Mesh004.obj" (took 10 ms)
2025-05-18 20:10:30 INFO  main [WavefrontOBJ] Loading geometry from "Mesh003.obj" ..
2025-05-18 20:10:30 INFO  main [WavefrontOBJ] Mesh003: 5184 triangles, 2664 vertices (merged 12888 vertices).
2025-05-18 20:10:30 INFO  main [WavefrontOBJ] Done with "Mesh003.obj" (took 10 ms)
2025-05-18 20:10:30 INFO  main [WavefrontOBJ] Loading geometry from "Mesh006.obj" ..
2025-05-18 20:10:30 INFO  main [WavefrontOBJ] Mesh006: 5184 triangles, 2664 vertices (merged 12888 vertices).
2025-05-18 20:10:30 INFO  main [WavefrontOBJ] Done with "Mesh006.obj" (took 10 ms)
2025-05-18 20:10:30 INFO  main [WavefrontOBJ] Loading geometry from "Mesh012.obj" ..
2025-05-18 20:10:30 INFO  main [WavefrontOBJ] Mesh012: 444 triangles, 882 vertices (merged 450 vertices).
2025-05-18 20:10:30 INFO  main [WavefrontOBJ] Done with "Mesh012.obj" (took 2 ms)
2025-05-18 20:10:30 INFO  main [WavefrontOBJ] Loading geometry from "Mesh013.obj" ..
2025-05-18 20:10:30 INFO  main [WavefrontOBJ] Mesh013: 5184 triangles, 2664 vertices (merged 12888 vertices).
2025-05-18 20:10:30 INFO  main [WavefrontOBJ] Done with "Mesh013.obj" (took 10 ms)
2025-05-18 20:10:30 INFO  main [WavefrontOBJ] Loading geometry from "Mesh010.obj" ..
2025-05-18 20:10:30 INFO  main [WavefrontOBJ] Mesh010: 32 triangles, 60 vertices (merged 36 vertices).
2025-05-18 20:10:30 INFO  main [WavefrontOBJ] Done with "Mesh010.obj" (took 0 ms)
2025-05-18 20:10:30 INFO  main [WavefrontOBJ] Loading geometry from "Mesh015.obj" ..
2025-05-18 20:10:30 INFO  main [WavefrontOBJ] Mesh015: 32 triangles, 60 vertices (merged 36 vertices).
2025-05-18 20:10:30 INFO  main [WavefrontOBJ] Done with "Mesh015.obj" (took 0 ms)
2025-05-18 20:10:30 INFO  main [WavefrontOBJ] Loading geometry from "Mesh002.obj" ..
2025-05-18 20:10:30 INFO  main [WavefrontOBJ] Mesh002: 32 triangles, 60 vertices (merged 36 vertices).
2025-05-18 20:10:30 INFO  main [WavefrontOBJ] Done with "Mesh002.obj" (took 0 ms)
2025-05-18 20:10:30 INFO  main [WavefrontOBJ] Loading geometry from "Mesh007.obj" ..
2025-05-18 20:10:30 INFO  main [WavefrontOBJ] Mesh007: 32 triangles, 60 vertices (merged 36 vertices).
2025-05-18 20:10:30 INFO  main [WavefrontOBJ] Done with "Mesh007.obj" (took 0 ms)
2025-05-18 20:10:30 INFO  main [WavefrontOBJ] Loading geometry from "Mesh005.obj" ..
2025-05-18 20:10:30 INFO  main [WavefrontOBJ] Mesh005: 12 triangles, 20 vertices (merged 16 vertices).
2025-05-18 20:10:30 INFO  main [WavefrontOBJ] Done with "Mesh005.obj" (took 0 ms)
2025-05-18 20:10:30 INFO  main [WavefrontOBJ] Loading geometry from "Mesh016.obj" ..
2025-05-18 20:10:30 INFO  main [WavefrontOBJ] Mesh016: 120 triangles, 204 vertices (merged 156 vertices).
2025-05-18 20:10:30 INFO  main [WavefrontOBJ] Done with "Mesh016.obj" (took 0 ms)
2025-05-18 20:10:30 INFO  main [WavefrontOBJ] Loading geometry from "Mesh017.obj" ..
2025-05-18 20:10:30 INFO  main [WavefrontOBJ] Mesh017: 20 triangles, 40 vertices (merged 20 vertices).
2025-05-18 20:10:30 INFO  main [WavefrontOBJ] Done with "Mesh017.obj" (took 0 ms)
2025-05-18 20:10:30 INFO  main [WavefrontOBJ] Loading geometry from "Mesh018.obj" ..
2025-05-18 20:10:30 INFO  main [WavefrontOBJ] Mesh018: 2 triangles, 4 vertices (merged 2 vertices).
2025-05-18 20:10:30 INFO  main [WavefrontOBJ] Done with "Mesh018.obj" (took 0 ms)
2025-05-18 20:10:30 INFO  main [WavefrontOBJ] Loading geometry from "Mesh011.obj" ..
2025-05-18 20:10:30 INFO  main [WavefrontOBJ] Mesh011: 32 triangles, 30 vertices (merged 66 vertices).
2025-05-18 20:10:30 INFO  main [WavefrontOBJ] Done with "Mesh011.obj" (took 0 ms)
2025-05-18 20:10:30 INFO  main [PluginManager] Loading plugin "plugins/homogeneous.so" ..
2025-05-18 20:10:30 INFO  main [PluginManager] Loading plugin "plugins/isotropic.so" ..
2025-05-18 20:10:30 INFO  main [WavefrontOBJ] Loading geometry from "Mesh014.obj" ..
2025-05-18 20:10:30 INFO  main [WavefrontOBJ] Mesh014: 36 triangles, 72 vertices (merged 36 vertices).
2025-05-18 20:10:30 INFO  main [WavefrontOBJ] Done with "Mesh014.obj" (took 0 ms)
2025-05-18 20:10:30 INFO  main [WavefrontOBJ] Loading geometry from "Mesh001.obj" ..
2025-05-18 20:10:30 INFO  main [WavefrontOBJ] Mesh001: 924 triangles, 2016 vertices (merged 756 vertices).
2025-05-18 20:10:30 INFO  main [WavefrontOBJ] Done with "Mesh001.obj" (took 5 ms)
2025-05-18 20:10:30 INFO  main [WavefrontOBJ] Loading geometry from "Mesh000.obj" ..
2025-05-18 20:10:30 INFO  main [WavefrontOBJ] Mesh000: 3127 triangles, 2075 vertices (merged 7306 vertices).
2025-05-18 20:10:30 INFO  main [WavefrontOBJ] Done with "Mesh000.obj" (took 11 ms)
2025-05-18 20:10:30 INFO  main [WavefrontOBJ] Loading geometry from "Mesh009.obj" ..
2025-05-18 20:10:30 INFO  main [WavefrontOBJ] Mesh009: 146 triangles, 110 vertices (merged 328 vertices).
2025-05-18 20:10:30 INFO  main [WavefrontOBJ] Done with "Mesh009.obj" (took 0 ms)
2025-05-18 20:10:30 INFO  ren0 [KDTreeBase] Constructing a SAH kd-tree (30963 primitives) ..
2025-05-18 20:10:30 INFO  ren0 [KDTreeBase] Finished -- took 107 ms.
2025-05-18 20:10:30 INFO  ren0 [octree.h:535] root weight: 8.000e-20 (0.000000)
2025-05-18 20:10:30 INFO  ren0 [octree.h:536] splitting threshold: 8.000e-23 (0.000000)
2025-05-18 20:10:30 INFO  ren0 [octree.h:551] node count: 1 -> 585 -> 585

2025-05-18 20:10:30 INFO  ren0 [octree.h:535] root weight: 4.096e-17 (0.000000)
2025-05-18 20:10:30 INFO  ren0 [octree.h:536] splitting threshold: 4.096e-20 (0.000000)
2025-05-18 20:10:30 INFO  ren0 [octree.h:551] node count: 585 -> 585 -> 585

2025-05-18 20:10:30 INFO  ren0 [octree.h:535] root weight: 8.000e-20 (0.000000)
2025-05-18 20:10:30 INFO  ren0 [octree.h:536] splitting threshold: 8.000e-23 (0.000000)
2025-05-18 20:10:30 INFO  ren0 [octree.h:551] node count: 1 -> 585 -> 585

2025-05-18 20:10:30 INFO  ren0 [octree.h:535] root weight: 8.000e-20 (0.000000)
2025-05-18 20:10:30 INFO  ren0 [octree.h:536] splitting threshold: 8.000e-23 (0.000000)
2025-05-18 20:10:30 INFO  ren0 [octree.h:551] node count: 1 -> 585 -> 585

2025-05-18 20:10:30 INFO  ren0 [octree.h:535] root weight: 4.096e-17 (0.000000)
2025-05-18 20:10:30 INFO  ren0 [octree.h:536] splitting threshold: 4.096e-20 (0.000000)
2025-05-18 20:10:30 INFO  ren0 [octree.h:551] node count: 585 -> 585 -> 585

2025-05-18 20:10:30 INFO  ren0 [octree.h:535] root weight: 8.000e-20 (0.000000)
2025-05-18 20:10:30 INFO  ren0 [octree.h:536] splitting threshold: 8.000e-23 (0.000000)
2025-05-18 20:10:30 INFO  ren0 [octree.h:551] node count: 1 -> 585 -> 585

2025-05-18 20:10:30 INFO  ren0 [MIFocalGuidingPathTracer] AABB3[min=[-21.7494, -3.70393, -3.09172], max=[7.19249, 11.2965, 6.96201]]
2025-05-18 20:10:30 INFO  ren0 [MIFocalGuidingPathTracer] Starting render job (1280x720, 12 cores, SSE2 enabled) ..
2025-05-18 20:10:30 INFO  ren0 [MIFocalGuidingPathTracer] ITERATION 0, until 10.0 seconds
2025-05-18 20:10:42 INFO  ren0 [MIFocalGuidingPathTracer]   11.55 seconds elapsed, passes this iteration: 7, total passes: 7
2025-05-18 20:10:42 INFO  ren0 [MIFocalGuidingPathTracer] Got 140163 non-zero samples
2025-05-18 20:10:42 INFO  ren0 [gaussian_mixture_model.h:808] Processing mega batch of size 140163
2025-05-18 20:10:42 INFO  ren0 [gaussian_mixture_model.h:547] KMeans
2025-05-18 20:10:42 INFO  ren0 [MIFocalGuidingPathTracer] GMM[
weight = 0.0677805 mean = [-4.94329 3.59113 -0.905249] covariance = [[4.46982 -0.429433 -0.190109][-0.429433 4.21933 -1.61806][-0.190109 -1.61806 3.92393]]
weight = 0.0525901 mean = [5.94568 1.72312 3.82466] covariance = [[0.894904 0.0269193 -0.197693][0.0269193 2.5916 -0.630709][-0.197693 -0.630709 3.47142]]
weight = 0.0677805 mean = [-2.03247 3.53346 -1.66678] covariance = [[4.46982 -0.429433 -0.190109][-0.429433 4.21933 -1.61806][-0.190109 -1.61806 3.92393]]
weight = 0.0525901 mean = [6.12316 2.99091 1.37797] covariance = [[0.894904 0.0269193 -0.197693][0.0269193 2.5916 -0.630709][-0.197693 -0.630709 3.47142]]
weight = 0.583545 mean = [2.08513 1.90205 -2.61575] covariance = [[2.97059 -0.556258 0.283632][-0.556258 1.49187 0.369437][0.283632 0.369437 0.522843]]
weight = 0.011035 mean = [-3.94737 8.2733 -0.756262] covariance = [[27.8872 6.00669 -0.915011][6.00669 5.28413 -0.392337][-0.915011 -0.392337 2.17847]]
weight = 0.00537145 mean = [-11.9363 5.6623 4.65279] covariance = [[22.1314 1.13831 3.63684][1.13831 9.74042 -1.23809][3.63684 -1.23809 3.96695]]
weight = 0.0984076 mean = [2.68107 1.54115 1.23806] covariance = [[2.20936 -0.497052 -0.54703][-0.497052 3.59383 -0.115733][-0.54703 -0.115733 2.66027]]
weight = 0.0608997 mean = [3.20329 4.85595 3.52379] covariance = [[7.63635 -0.344444 1.73107][-0.344444 3.15504 -0.749152][1.73107 -0.749152 3.94349]]
]
2025-05-18 20:10:42 INFO  ren0 [octree.h:535] root weight: 3.446e+06 (3446391.750000)
2025-05-18 20:10:42 INFO  ren0 [octree.h:536] splitting threshold: 3.446e+03 (3446.391846)
2025-05-18 20:10:42 INFO  ren0 [octree.h:535] root weight: 3.660e+05 (366008.375000)
2025-05-18 20:10:42 INFO  ren0 [octree.h:536] splitting threshold: 3.660e+02 (366.008392)
2025-05-18 20:10:42 INFO  ren0 [octree.h:551] node count: 585 -> 900 -> 715

2025-05-18 20:10:42 INFO  ren0 [octree.h:551] node count: 585 -> 603 -> 450

2025-05-18 20:10:42 INFO  ren0 [MIFocalGuidingPathTracer] ITERATION 1, until 20.0 seconds
2025-05-18 20:11:01 INFO  ren0 [MIFocalGuidingPathTracer]   30.74 seconds elapsed, passes this iteration: 1, total passes: 8
2025-05-18 20:11:01 INFO  ren0 [MIFocalGuidingPathTracer] Got 54258 non-zero samples
2025-05-18 20:11:01 INFO  ren0 [gaussian_mixture_model.h:808] Processing mega batch of size 54258
2025-05-18 20:11:01 INFO  ren0 [MIFocalGuidingPathTracer] GMM[
weight = 0.0171148 mean = [-4.32771 4.66622 -2.10555] covariance = [[3.70172 -0.158558 -0.0292166][-0.158558 3.27202 -0.510559][-0.0292166 -0.510559 2.69781]]
weight = 0.0808664 mean = [-2.84416 3.72095 -1.60542] covariance = [[7.54433 -0.455562 -0.696329][-0.455562 4.15844 -1.50098][-0.696329 -1.50098 3.38664]]
weight = 0.146894 mean = [5.99092 2.61912 2.32374] covariance = [[0.939403 -0.0195859 -0.364527][-0.0195859 3.30273 -1.71359][-0.364527 -1.71359 7.14778]]
weight = 0.510364 mean = [2.17078 1.88484 -2.62779] covariance = [[3.03081 -0.750006 0.314657][-0.750006 1.42025 0.256718][0.314657 0.256718 0.4128]]
weight = 0.0124712 mean = [-4.5446 7.66421 -0.746115] covariance = [[43.0077 14.1931 -1.65719][14.1931 8.58554 -0.644626][-1.65719 -0.644626 1.72467]]
weight = 0.0171148 mean = [-5.64869 2.7542 -0.840815] covariance = [[3.70172 -0.158558 -0.0292166][-0.158558 3.27202 -0.510559][-0.0292166 -0.510559 2.69781]]
weight = 0.00520406 mean = [-11.6422 5.66864 3.96797] covariance = [[32.0044 4.33005 6.17907][4.33005 9.69531 1.42402][6.17907 1.42402 4.62524]]
weight = 0.12623 mean = [2.96661 1.55902 1.07139] covariance = [[1.74895 -0.345637 -0.288873][-0.345637 3.69761 -0.218687][-0.288873 -0.218687 2.58662]]
weight = 0.0837412 mean = [4.59943 4.64047 4.5481] covariance = [[3.73845 0.115568 2.02633][0.115568 1.98692 -0.248738][2.02633 -0.248738 4.57382]]
]
2025-05-18 20:11:01 INFO  ren0 [octree.h:535] root weight: 2.480e+06 (2479674.500000)
2025-05-18 20:11:01 INFO  ren0 [octree.h:536] splitting threshold: 2.480e+03 (2479.674561)
2025-05-18 20:11:01 INFO  ren0 [octree.h:535] root weight: 2.380e+05 (237957.421875)
2025-05-18 20:11:01 INFO  ren0 [octree.h:536] splitting threshold: 2.380e+02 (237.957428)
2025-05-18 20:11:01 INFO  ren0 [octree.h:551] node count: 715 -> 808 -> 785

2025-05-18 20:11:01 INFO  ren0 [octree.h:551] node count: 450 -> 464 -> 456

2025-05-18 20:11:01 INFO  ren0 [MIFocalGuidingPathTracer] ITERATION 2, until 30.0 seconds
2025-05-18 20:11:22 INFO  ren0 [MIFocalGuidingPathTracer]   52.25 seconds elapsed, passes this iteration: 1, total passes: 9
2025-05-18 20:11:22 INFO  ren0 [MIFocalGuidingPathTracer] Got 66201 non-zero samples
2025-05-18 20:11:22 INFO  ren0 [gaussian_mixture_model.h:808] Processing mega batch of size 66201
2025-05-18 20:11:22 INFO  ren0 [MIFocalGuidingPathTracer] GMM[
weight = 0.123929 mean = [5.978 3.29701 1.52655] covariance = [[0.819376 0.0205969 -0.534194][0.0205969 2.81128 -0.914108][-0.534194 -0.914108 5.72656]]
weight = 0.507823 mean = [1.96117 1.99696 -2.65424] covariance = [[3.24699 -0.997802 0.289158][-0.997802 1.47086 0.219065][0.289158 0.219065 0.327862]]
weight = 0.13413 mean = [-3.55701 4.07989 -1.38902] covariance = [[9.2048 0.0698589 -0.933124][0.0698589 4.12524 -0.691768][-0.933124 -0.691768 2.90357]]
weight = 0.00766692 mean = [-8.89416 5.47989 4.07491] covariance = [[25.6391 4.75027 4.75757][4.75027 9.40678 1.86018][4.75757 1.86018 3.4237]]
weight = 0.151451 mean = [2.78628 2.10542 0.910478] covariance = [[1.51064 -0.339655 -0.186015][-0.339655 3.65779 -0.0528583][-0.186015 -0.0528583 2.62381]]
weight = 0.0750002 mean = [4.11166 4.42731 3.60377] covariance = [[3.68095 0.191913 1.69495][0.191913 1.74009 -0.532663][1.69495 -0.532663 4.57604]]
]
2025-05-18 20:11:22 INFO  ren0 [octree.h:535] root weight: 2.140e+06 (2140184.750000)
2025-05-18 20:11:22 INFO  ren0 [octree.h:536] splitting threshold: 2.140e+03 (2140.184814)
2025-05-18 20:11:22 INFO  ren0 [octree.h:535] root weight: 1.922e+05 (192183.656250)
2025-05-18 20:11:22 INFO  ren0 [octree.h:536] splitting threshold: 1.922e+02 (192.183670)
2025-05-18 20:11:22 INFO  ren0 [octree.h:551] node count: 785 -> 907 -> 783

2025-05-18 20:11:22 INFO  ren0 [octree.h:551] node count: 456 -> 467 -> 455

2025-05-18 20:11:22 INFO  ren0 [MIFocalGuidingPathTracer] ITERATION 3, until 40.0 seconds
2025-05-18 20:11:38 INFO  ren0 [MIFocalGuidingPathTracer]   67.93 seconds elapsed, passes this iteration: 1, total passes: 10
2025-05-18 20:11:38 INFO  ren0 [MIFocalGuidingPathTracer] Got 68851 non-zero samples
2025-05-18 20:11:38 INFO  ren0 [gaussian_mixture_model.h:808] Processing mega batch of size 68851
2025-05-18 20:11:38 INFO  ren0 [MIFocalGuidingPathTracer] GMM[
weight = 0.358143 mean = [-0.0128827 2.5958 -2.95838] covariance = [[0.801253 -0.249691 0.092554][-0.249691 0.33376 0.0366595][0.092554 0.0366595 0.0788526]]
weight = 0.0391005 mean = [-5.7592 3.49476 0.0393017] covariance = [[6.57272 -0.173144 -1.14387][-0.173144 4.04954 -0.861466][-1.14387 -0.861466 3.14023]]
weight = 0.358143 mean = [1.22871 2.07009 -2.84406] covariance = [[0.801253 -0.249691 0.092554][-0.249691 0.33376 0.0366595][0.092554 0.0366595 0.0788526]]
weight = 0.00533219 mean = [-11.3345 5.77235 2.60028] covariance = [[11.4375 0.487076 1.91076][0.487076 11.4294 -2.07742][1.91076 -2.07742 3.13907]]
weight = 0.0391005 mean = [-2.20708 3.61085 -1.06166] covariance = [[6.57272 -0.173144 -1.14387][-0.173144 4.04954 -0.861466][-1.14387 -0.861466 3.14023]]
weight = 0.00533219 mean = [-6.9771 4.08294 3.95979] covariance = [[11.4375 0.487076 1.91076][0.487076 11.4294 -2.07742][1.91076 -2.07742 3.13907]]
weight = 0.194849 mean = [4.23017 2.95948 1.85766] covariance = [[4.01174 0.783764 0.72876][0.783764 4.44918 0.799899][0.72876 0.799899 5.64873]]
]
2025-05-18 20:11:38 INFO  ren0 [octree.h:535] root weight: 2.570e+06 (2570296.250000)
2025-05-18 20:11:38 INFO  ren0 [octree.h:536] splitting threshold: 2.570e+03 (2570.296387)
2025-05-18 20:11:38 INFO  ren0 [octree.h:535] root weight: 1.528e+05 (152801.671875)
2025-05-18 20:11:38 INFO  ren0 [octree.h:536] splitting threshold: 1.528e+02 (152.801682)
2025-05-18 20:11:38 INFO  ren0 [octree.h:551] node count: 783 -> 953 -> 748

2025-05-18 20:11:38 INFO  ren0 [octree.h:551] node count: 455 -> 458 -> 437

2025-05-18 20:11:38 INFO  ren0 [MIFocalGuidingPathTracer] ITERATION 4, until 50.0 seconds
2025-05-18 20:11:52 INFO  ren0 [MIFocalGuidingPathTracer]   81.44 seconds elapsed, passes this iteration: 1, total passes: 11
2025-05-18 20:11:52 INFO  ren0 [MIFocalGuidingPathTracer] Got 148904 non-zero samples
2025-05-18 20:11:52 INFO  ren0 [gaussian_mixture_model.h:808] Processing mega batch of size 148904
2025-05-18 20:11:52 INFO  ren0 [MIFocalGuidingPathTracer] GMM[
weight = 0.00525449 mean = [-0.774302 3.02721 -2.96685] covariance = [[0.821299 -0.467469 -0.00715055][-0.467469 0.319383 0.00842477][-0.00715055 0.00842477 0.00680655]]
weight = 0.00525449 mean = [-2.04771 3.78894 -2.95266] covariance = [[0.821299 -0.467469 -0.00715055][-0.467469 0.319383 0.00842477][-0.00715055 0.00842477 0.00680655]]
weight = 0.295982 mean = [-4.33809 4.80937 -1.02467] covariance = [[11.0431 0.946093 -0.00110001][0.946093 13.7976 -2.68363][-0.00110001 -2.68363 3.08553]]
weight = 0.0463843 mean = [-10.0575 4.66163 1.18281] covariance = [[25.0744 0.903806 7.33085][0.903806 19.5258 -6.74362][7.33085 -6.74362 9.0249]]
weight = 0.372126 mean = [1.19756 1.99272 -2.90407] covariance = [[2.17242 -1.01825 0.0989636][-1.01825 0.672854 -0.00376765][0.0989636 -0.00376765 0.058277]]
weight = 0.274999 mean = [3.68082 2.07752 0.558416] covariance = [[5.23759 0.514065 -0.315924][0.514065 4.57563 0.68533][-0.315924 0.68533 6.34339]]
]
2025-05-18 20:11:52 INFO  ren0 [octree.h:535] root weight: 2.012e+06 (2012088.500000)
2025-05-18 20:11:52 INFO  ren0 [octree.h:536] splitting threshold: 2.012e+03 (2012.088623)
2025-05-18 20:11:52 INFO  ren0 [octree.h:535] root weight: 2.531e+05 (253091.421875)
2025-05-18 20:11:52 INFO  ren0 [octree.h:536] splitting threshold: 2.531e+02 (253.091431)
2025-05-18 20:11:52 INFO  ren0 [octree.h:551] node count: 748 -> 834 -> 774

2025-05-18 20:11:52 INFO  ren0 [octree.h:551] node count: 437 -> 469 -> 465

2025-05-18 20:11:52 INFO  ren0 [MIFocalGuidingPathTracer] ITERATION 5, until 60.0 seconds
2025-05-18 20:12:03 INFO  ren0 [MIFocalGuidingPathTracer]   93.36 seconds elapsed, passes this iteration: 1, total passes: 12
2025-05-18 20:12:04 INFO  ren0 [MIFocalGuidingPathTracer] Got 108126 non-zero samples
2025-05-18 20:12:04 INFO  ren0 [gaussian_mixture_model.h:808] Processing mega batch of size 108126
2025-05-18 20:12:04 INFO  ren0 [MIFocalGuidingPathTracer] GMM[
weight = 0.0137355 mean = [-1.2106 3.30693 -2.97464] covariance = [[1.53939 -0.906974 -0.00660063][-0.906974 0.548864 0.004408][-0.00660063 0.004408 0.00140968]]
weight = 0.00916385 mean = [-4.46431 3.61205 -1.32232] covariance = [[4.82068 -0.276243 -0.0330362][-0.276243 4.50015 -0.932965][-0.0330362 -0.932965 1.52491]]
weight = 0.00058645 mean = [-6.97022 -0.189368 2.86561] covariance = [[10.8471 0.822133 1.45488][0.822133 12.726 0.00659765][1.45488 0.00659765 4.60665]]
weight = 0.00916385 mean = [-6.47579 1.47573 -0.638896] covariance = [[4.82068 -0.276243 -0.0330362][-0.276243 4.50015 -0.932965][-0.0330362 -0.932965 1.52491]]
weight = 0.00058645 mean = [-11.1444 1.62354 1.89163] covariance = [[10.8471 0.822133 1.45488][0.822133 12.726 0.00659765][1.45488 0.00659765 4.60665]]
weight = 0.0243419 mean = [-8.92251 2.92897 2.44408] covariance = [[44.5918 4.47457 7.84781][4.47457 14.1831 -3.66038][7.84781 -3.66038 7.22619]]
weight = 0.312014 mean = [1.83998 1.59353 -2.92866] covariance = [[2.16877 -1.17333 -0.00431432][-1.17333 0.75373 0.0201767][-0.00431432 0.0201767 0.0222785]]
weight = 0.630408 mean = [3.95482 2.92588 0.782615] covariance = [[4.85531 0.0239435 1.01547][0.0239435 3.88884 0.719274][1.01547 0.719274 7.63926]]
]
2025-05-18 20:12:04 INFO  ren0 [octree.h:535] root weight: 1.834e+06 (1834324.000000)
2025-05-18 20:12:04 INFO  ren0 [octree.h:536] splitting threshold: 1.834e+03 (1834.324097)
2025-05-18 20:12:04 INFO  ren0 [octree.h:535] root weight: 2.095e+05 (209537.671875)
2025-05-18 20:12:04 INFO  ren0 [octree.h:536] splitting threshold: 2.095e+02 (209.537689)
2025-05-18 20:12:04 INFO  ren0 [octree.h:551] node count: 774 -> 890 -> 769

2025-05-18 20:12:04 INFO  ren0 [octree.h:551] node count: 465 -> 478 -> 464

2025-05-18 20:12:04 INFO  ren0 [MIFocalGuidingPathTracer] ITERATION 6, until 70.0 seconds
2025-05-18 20:12:24 INFO  ren0 [MIFocalGuidingPathTracer]   114.16 seconds elapsed, passes this iteration: 1, total passes: 13
2025-05-18 20:12:24 INFO  ren0 [MIFocalGuidingPathTracer] Got 242481 non-zero samples
2025-05-18 20:12:24 INFO  ren0 [gaussian_mixture_model.h:808] Processing mega batch of size 242481
2025-05-18 20:12:24 INFO  ren0 [MIFocalGuidingPathTracer] GMM[
weight = 0.0960901 mean = [-1.08748 3.24579 -2.98496] covariance = [[1.66826 -1.03525 0.00156148][-1.03525 0.646139 -0.0016274][0.00156148 -0.0016274 0.000346996]]
weight = 0.0434909 mean = [-5.21499 3.07078 -0.768527] covariance = [[14.8943 -1.05577 -3.25781][-1.05577 5.52945 -1.31422][-3.25781 -1.31422 3.23729]]
weight = 0.210248 mean = [1.85903 1.49392 -2.93583] covariance = [[2.34236 -1.32909 -0.0600689][-1.32909 0.791445 0.0336024][-0.0600689 0.0336024 0.0121617]]
weight = 0.650171 mean = [3.22362 3.03351 0.336163] covariance = [[7.08865 -0.661908 0.198803][-0.661908 4.18117 0.233697][0.198803 0.233697 5.34557]]
]
2025-05-18 20:12:24 INFO  ren0 [octree.h:535] root weight: 1.475e+06 (1474641.125000)
2025-05-18 20:12:24 INFO  ren0 [octree.h:536] splitting threshold: 1.475e+03 (1474.641235)
2025-05-18 20:12:24 INFO  ren0 [octree.h:535] root weight: 1.609e+05 (160885.421875)
2025-05-18 20:12:24 INFO  ren0 [octree.h:536] splitting threshold: 1.609e+02 (160.885437)
2025-05-18 20:12:24 INFO  ren0 [octree.h:551] node count: 769 -> 860 -> 781

2025-05-18 20:12:24 INFO  ren0 [octree.h:551] node count: 464 -> 469 -> 459

2025-05-18 20:12:24 INFO  ren0 [MIFocalGuidingPathTracer] ITERATION 7, until 80.0 seconds
2025-05-18 20:12:36 INFO  ren0 [MIFocalGuidingPathTracer]   126.22 seconds elapsed, passes this iteration: 1, total passes: 14
2025-05-18 20:12:36 INFO  ren0 [MIFocalGuidingPathTracer] Got 543916 non-zero samples
2025-05-18 20:12:36 INFO  ren0 [gaussian_mixture_model.h:808] Processing mega batch of size 543916
2025-05-18 20:12:37 INFO  ren0 [MIFocalGuidingPathTracer] GMM[
weight = 0.00814587 mean = [0.233197 3.07065 -1.76176] covariance = [[1.56855 -0.346032 0.0639802][-0.346032 1.17273 0.190618][0.0639802 0.190618 1.35977]]
weight = 0.507752 mean = [-5.88001 5.20886 -2.44598] covariance = [[2.20629 0.368041 -0.819954][0.368041 0.545988 -0.379985][-0.819954 -0.379985 0.802987]]
weight = 0.137504 mean = [1.82936 1.51636 -2.97843] covariance = [[1.457 -0.827152 0.0014384][-0.827152 0.47565 -0.000910675][0.0014384 -0.000910675 0.000376318]]
weight = 0.346598 mean = [3.67866 2.56974 0.103419] covariance = [[5.69455 -0.140029 0.312032][-0.140029 4.11984 0.604082][0.312032 0.604082 7.02384]]
]
2025-05-18 20:12:37 INFO  ren0 [octree.h:535] root weight: 1.443e+06 (1442764.500000)
2025-05-18 20:12:37 INFO  ren0 [octree.h:536] splitting threshold: 1.443e+03 (1442.764526)
2025-05-18 20:12:37 INFO  ren0 [octree.h:535] root weight: 1.365e+05 (136517.937500)
2025-05-18 20:12:37 INFO  ren0 [octree.h:536] splitting threshold: 1.365e+02 (136.517944)
2025-05-18 20:12:37 INFO  ren0 [octree.h:551] node count: 781 -> 881 -> 799

2025-05-18 20:12:37 INFO  ren0 [octree.h:551] node count: 459 -> 472 -> 457

2025-05-18 20:12:37 INFO  ren0 [MIFocalGuidingPathTracer] ITERATION 8, until 90.0 seconds
2025-05-18 20:12:46 INFO  ren0 [MIFocalGuidingPathTracer]   135.97 seconds elapsed, passes this iteration: 1, total passes: 15
2025-05-18 20:12:46 INFO  ren0 [MIFocalGuidingPathTracer] Got 302255 non-zero samples
2025-05-18 20:12:46 INFO  ren0 [gaussian_mixture_model.h:808] Processing mega batch of size 302255
2025-05-18 20:12:46 INFO  ren0 [MIFocalGuidingPathTracer] GMM[
weight = 0.0156401 mean = [0.120897 2.60323 -2.52416] covariance = [[1.1537 -0.597642 -0.0532343][-0.597642 0.519776 0.0820695][-0.0532343 0.0820695 0.256558]]
weight = 0.000805346 mean = [-8.04041 4.41828 -2.06025] covariance = [[0.00210173 0.000105396 1.58839e-05][0.000105396 0.0112427 -0.00123233][1.58839e-05 -0.00123233 0.000206329]]
weight = 0.0378318 mean = [-6.71295 4.69647 -2.19663] covariance = [[2.30017 0.206006 -0.219107][0.206006 0.765139 -0.119534][-0.219107 -0.119534 0.498617]]
weight = 0.173736 mean = [0.833819 2.08553 -2.98341] covariance = [[1.25545 -0.72751 0.0012262][-0.72751 0.429402 -0.000650721][0.0012262 -0.000650721 2.3516e-05]]
weight = 0.272389 mean = [2.44596 2.24735 -0.305736] covariance = [[3.90293 -0.108382 -0.295868][-0.108382 4.18181 0.367128][-0.295868 0.367128 5.43419]]
weight = 0.0156401 mean = [1.60903 1.70353 -2.64537] covariance = [[1.1537 -0.597642 -0.0532343][-0.597642 0.519776 0.0820695][-0.0532343 0.0820695 0.256558]]
weight = 0.0378318 mean = [-4.57941 4.99297 -2.46731] covariance = [[2.30017 0.206006 -0.219107][0.206006 0.765139 -0.119534][-0.219107 -0.119534 0.498617]]
weight = 0.173736 mean = [2.41746 1.16354 -2.9819] covariance = [[1.25545 -0.72751 0.0012262][-0.72751 0.429402 -0.000650721][0.0012262 -0.000650721 2.3516e-05]]
weight = 0.272389 mean = [5.1548 2.67325 0.0993384] covariance = [[3.90293 -0.108382 -0.295868][-0.108382 4.18181 0.367128][-0.295868 0.367128 5.43419]]
]
2025-05-18 20:12:46 INFO  ren0 [octree.h:535] root weight: 1.198e+06 (1198321.625000)
2025-05-18 20:12:46 INFO  ren0 [octree.h:536] splitting threshold: 1.198e+03 (1198.321655)
2025-05-18 20:12:46 INFO  ren0 [octree.h:535] root weight: 1.330e+05 (132987.031250)
2025-05-18 20:12:46 INFO  ren0 [octree.h:536] splitting threshold: 1.330e+02 (132.987030)
2025-05-18 20:12:46 INFO  ren0 [octree.h:551] node count: 799 -> 887 -> 806

2025-05-18 20:12:46 INFO  ren0 [octree.h:551] node count: 457 -> 473 -> 467

2025-05-18 20:12:46 INFO  ren0 [MIFocalGuidingPathTracer] ITERATION 9, until 100.0 seconds
2025-05-18 20:13:11 INFO  ren0 [MIFocalGuidingPathTracer]   160.68 seconds elapsed, passes this iteration: 1, total passes: 16
2025-05-18 20:13:11 INFO  ren0 [pmm_focal_guiding_recursive.cpp:214] starting iterative narrowing
2025-05-18 20:13:11 INFO  ren0 [MIFocalGuidingPathTracer] Got 1655792 non-zero samples
2025-05-18 20:13:11 INFO  ren0 [gaussian_mixture_model.h:808] Processing mega batch of size 1655792
2025-05-18 20:13:12 INFO  ren0 [MIFocalGuidingPathTracer] GMM[
weight = 4.94318e-05 mean = [-4.45979 5.19855 -2.97939] covariance = [[0.202643 -0.120495 0.00185522][-0.120495 0.0718693 -0.00101937][0.00185522 -0.00101937 9.8257e-05]]
weight = 4.94318e-05 mean = [-5.09633 5.57735 -2.98511] covariance = [[0.202643 -0.120495 0.00185522][-0.120495 0.0718693 -0.00101937][0.00185522 -0.00101937 9.8257e-05]]
weight = 4.67166e-05 mean = [-3.15503 4.4013 -2.97231] covariance = [[0.846397 -0.520117 0.00563817][-0.520117 0.320117 -0.00337832][0.00563817 -0.00337832 7.78384e-05]]
weight = 4.67166e-05 mean = [-4.45602 5.20111 -2.98091] covariance = [[0.846397 -0.520117 0.00563817][-0.520117 0.320117 -0.00337832][0.00563817 -0.00337832 7.78384e-05]]
weight = 8.57845e-05 mean = [-4.95799 5.50569 -2.98061] covariance = [[0.000106144 3.61542e-06 -2.61829e-05][3.61542e-06 6.15822e-05 1.45301e-05][-2.61829e-05 1.45301e-05 3.22591e-05]]
weight = 0.0123179 mean = [0.158403 2.50924 -2.97872] covariance = [[0.000659901 -0.000201122 5.04291e-05][-0.000201122 0.000289484 2.54675e-05][5.04291e-05 2.54675e-05 2.0076e-05]]
weight = 0.987404 mean = [0.412538 3.00816 -1.05194] covariance = [[19.5464 -3.41539 3.26236][-3.41539 4.16256 -0.00963652][3.26236 -0.00963652 5.90517]]
]
2025-05-18 20:13:12 INFO  ren0 [octree.h:535] root weight: 1.169e+06 (1169380.750000)
2025-05-18 20:13:12 INFO  ren0 [octree.h:536] splitting threshold: 1.169e+03 (1169.380859)
2025-05-18 20:13:12 INFO  ren0 [octree.h:535] root weight: 1.344e+05 (134388.750000)
2025-05-18 20:13:12 INFO  ren0 [octree.h:536] splitting threshold: 1.344e+02 (134.388763)
2025-05-18 20:13:12 INFO  ren0 [octree.h:551] node count: 806 -> 898 -> 823

2025-05-18 20:13:12 INFO  ren0 [octree.h:551] node count: 467 -> 475 -> 465

2025-05-18 20:13:12 INFO  ren0 [MIFocalGuidingPathTracer] ITERATION 10, until 110.0 seconds
2025-05-18 20:13:27 INFO  ren0 [MIFocalGuidingPathTracer]   176.40 seconds elapsed, passes this iteration: 1, total passes: 17
2025-05-18 20:13:27 INFO  ren0 [MIFocalGuidingPathTracer] Got 228442 non-zero samples
2025-05-18 20:13:27 INFO  ren0 [gaussian_mixture_model.h:808] Processing mega batch of size 228442
2025-05-18 20:13:27 INFO  ren0 [MIFocalGuidingPathTracer] GMM[
weight = 0.000222867 mean = [-2.16596 3.87082 -2.9863] covariance = [[0.0693247 -0.0412685 -0.000581022][-0.0412685 0.024847 0.000308313][-0.000581022 0.000308313 0.000135798]]
weight = 0.000222867 mean = [-2.53815 4.09304 -2.98327] covariance = [[0.0693247 -0.0412685 -0.000581022][-0.0412685 0.024847 0.000308313][-0.000581022 0.000308313 0.000135798]]
weight = 8.38819e-05 mean = [-4.94263 5.50407 -2.97609] covariance = [[5.75136e-05 -8.93187e-06 2.41271e-05][-8.93187e-06 1.17589e-05 -8.74653e-06][2.41271e-05 -8.74653e-06 4.65556e-05]]
weight = 0.000453598 mean = [-4.87488 5.51362 -2.96511] covariance = [[0.00182345 -0.000410134 -0.00039791][-0.000410134 0.000387834 0.000275923][-0.00039791 0.000275923 0.000322097]]
weight = 0.00980414 mean = [-2.34347 3.96246 -2.97346] covariance = [[0.00247679 -0.000802789 -0.00056857][-0.000802789 0.000366197 0.000114355][-0.00056857 0.000114355 0.000260272]]
weight = 0.00225659 mean = [0.140555 2.55762 -2.97793] covariance = [[0.000722 8.35674e-05 3.11812e-05][8.35674e-05 0.000226103 4.6964e-05][3.11812e-05 4.6964e-05 1.10721e-05]]
weight = 0.986956 mean = [2.42856 1.19616 -2.95645] covariance = [[0.680137 -0.386445 -0.00131775][-0.386445 0.234515 0.0121413][-0.00131775 0.0121413 0.0280856]]
]
2025-05-18 20:13:27 INFO  ren0 [octree.h:535] root weight: 4.387e+07 (43867644.000000)
2025-05-18 20:13:27 INFO  ren0 [octree.h:536] splitting threshold: 4.387e+04 (43867.644531)
2025-05-18 20:13:27 INFO  ren0 [octree.h:535] root weight: 3.417e+04 (34166.414062)
2025-05-18 20:13:27 INFO  ren0 [octree.h:536] splitting threshold: 3.417e+01 (34.166416)
2025-05-18 20:13:27 INFO  ren0 [octree.h:551] node count: 823 -> 1180 -> 1062

2025-05-18 20:13:27 INFO  ren0 [octree.h:551] node count: 465 -> 465 -> 457

2025-05-18 20:13:27 INFO  ren0 [MIFocalGuidingPathTracer] ITERATION 11, until 120.0 seconds
2025-05-18 20:13:34 INFO  ren0 [MIFocalGuidingPathTracer]   183.44 seconds elapsed, passes this iteration: 1, total passes: 18
2025-05-18 20:13:34 INFO  ren0 [MIFocalGuidingPathTracer] Got 604623 non-zero samples
2025-05-18 20:13:34 INFO  ren0 [gaussian_mixture_model.h:808] Processing mega batch of size 604623
2025-05-18 20:13:34 INFO  ren0 [MIFocalGuidingPathTracer] GMM[
weight = 1.99213e-05 mean = [-2.22262 3.95056 -2.96493] covariance = [[0.00122138 -0.000302456 7.63371e-05][-0.000302456 0.000182717 -1.82208e-05][7.63371e-05 -1.82208e-05 9.20315e-05]]
weight = 6.38626e-05 mean = [-2.19545 3.93989 -2.9719] covariance = [[0.00728745 -0.00237944 -0.000340818][-0.00237944 0.000828618 0.000133275][-0.000340818 0.000133275 6.5278e-05]]
weight = 0.0152313 mean = [-2.30147 4.00991 -2.94479] covariance = [[3.1143e-05 7.10434e-08 -7.39443e-08][7.10434e-08 3.05469e-05 5.48572e-08][-7.39443e-08 5.48572e-08 3.05722e-05]]
weight = 0.00123469 mean = [-4.80344 5.50202 -2.88425] covariance = [[0.00379827 -0.000787917 0.00262119][-0.000787917 0.000497445 -0.000432713][0.00262119 -0.000432713 0.00194045]]
weight = 1.06834e-05 mean = [-2.28452 3.94706 -2.97931] covariance = [[0.0002036 -4.60066e-05 0.000119857][-4.60066e-05 3.35647e-05 -2.37335e-05][0.000119857 -2.37335e-05 0.000139534]]
weight = 1.99213e-05 mean = [-2.27171 3.96381 -2.96821] covariance = [[0.00122138 -0.000302456 7.63371e-05][-0.000302456 0.000182717 -1.82208e-05][7.63371e-05 -1.82208e-05 9.20315e-05]]
weight = 0.98342 mean = [2.17533 1.34114 -2.96258] covariance = [[0.869725 -0.504679 -0.000172967][-0.504679 0.293425 0.000196975][-0.000172967 0.000196975 0.000121573]]
]
2025-05-18 20:13:34 INFO  ren0 [octree.h:535] root weight: 1.741e+07 (17407694.000000)
2025-05-18 20:13:34 INFO  ren0 [octree.h:536] splitting threshold: 1.741e+04 (17407.695312)
2025-05-18 20:13:34 INFO  ren0 [octree.h:535] root weight: 6.178e+03 (6178.409668)
2025-05-18 20:13:34 INFO  ren0 [octree.h:536] splitting threshold: 6.178e+00 (6.178410)
2025-05-18 20:13:34 INFO  ren0 [octree.h:551] node count: 1062 -> 1209 -> 1168

2025-05-18 20:13:34 INFO  ren0 [octree.h:551] node count: 457 -> 457 -> 457

2025-05-18 20:13:34 INFO  ren0 [MIFocalGuidingPathTracer] ITERATION 12, until 130.0 seconds
2025-05-18 20:13:46 INFO  ren0 [MIFocalGuidingPathTracer]   195.57 seconds elapsed, passes this iteration: 1, total passes: 19
2025-05-18 20:13:46 INFO  ren0 [MIFocalGuidingPathTracer] Got 4905508 non-zero samples
2025-05-18 20:13:46 INFO  ren0 [gaussian_mixture_model.h:808] Processing mega batch of size 4905508
2025-05-18 20:13:50 INFO  ren0 [MIFocalGuidingPathTracer] GMM[
weight = 1.84564e-05 mean = [2.59133 1.09858 -2.96069] covariance = [[0.000115576 -3.19211e-05 2.70076e-05][-3.19211e-05 0.00017487 3.74149e-06][2.70076e-05 3.74149e-06 7.45144e-05]]
weight = 0.00589481 mean = [2.59825 1.09619 -2.96301] covariance = [[3.93024e-05 -4.96413e-06 9.1123e-06][-4.96413e-06 4.09403e-05 9.09746e-07][9.1123e-06 9.09746e-07 3.26267e-05]]
weight = 1.84564e-05 mean = [2.58342 1.11574 -2.96199] covariance = [[0.000115576 -3.19211e-05 2.70076e-05][-3.19211e-05 0.00017487 3.74149e-06][2.70076e-05 3.74149e-06 7.45144e-05]]
weight = 0.00589481 mean = [2.59606 1.08974 -2.96664] covariance = [[3.93024e-05 -4.96413e-06 9.1123e-06][-4.96413e-06 4.09403e-05 9.09746e-07][9.1123e-06 9.09746e-07 3.26267e-05]]
weight = 0.871707 mean = [-2.31507 3.98196 -2.96528] covariance = [[0.220256 -0.1201 0.000958415][-0.1201 0.0675502 -0.000614977][0.000958415 -0.000614977 8.13744e-05]]
weight = 0.0144165 mean = [2.60262 1.09341 -2.96366] covariance = [[3.66037e-05 -5.92951e-06 1.29453e-05][-5.92951e-06 3.42573e-05 8.90332e-06][1.29453e-05 8.90332e-06 1.61417e-05]]
weight = 0.00808648 mean = [-2.28331 3.99988 -2.95619] covariance = [[0.0249011 -0.013788 0.000280316][-0.013788 0.00884873 8.28582e-05][0.000280316 8.28582e-05 6.859e-05]]
weight = 0.0724349 mean = [-2.40311 3.99468 -2.95175] covariance = [[0.000704577 -0.000425327 -3.53357e-06][-0.000425327 0.000270043 2.65049e-06][-3.53357e-06 2.65049e-06 9.44621e-06]]
weight = 0.0215281 mean = [-2.3059 4.0023 -2.9503] covariance = [[0.000790781 -0.000468881 -1.14477e-06][-0.000468881 0.000310543 1.6274e-06][-1.14477e-06 1.6274e-06 2.64955e-05]]
]
2025-05-18 20:13:50 INFO  ren0 [octree.h:535] root weight: 1.781e+08 (178121056.000000)
2025-05-18 20:13:50 INFO  ren0 [octree.h:536] splitting threshold: 1.781e+05 (178121.062500)
2025-05-18 20:13:50 INFO  ren0 [octree.h:535] root weight: 2.593e+03 (2592.737793)
2025-05-18 20:13:50 INFO  ren0 [octree.h:536] splitting threshold: 2.593e+00 (2.592738)
2025-05-18 20:13:50 INFO  ren0 [octree.h:551] node count: 1168 -> 1561 -> 1374

