2025-05-18 11:51:50 INFO  main [mitsuba.cpp:274] Mitsuba version 0.6.0 (Linux, 64 bit), Copyright (c) 2017 Wenzel Jakob
2025-05-18 11:51:50 INFO  main [mitsuba.cpp:377] Parsing scene description from "scene/modern-hall/modern-hall.xml" ..
2025-05-18 11:51:50 INFO  main [scenehandler.cpp:675] In file "/mitsuba/scene/modern-hall/modern-hall.xml" (near line 20): Parsing included file "pmm_focal_recursive.xml" ..
2025-05-18 11:51:50 INFO  main [PluginManager] Loading plugin "plugins/pmm_focal_recursive.so" ..
2025-05-18 11:51:50 INFO  main [octree.h:535] root weight: 8.000e-20 (0.000000)
2025-05-18 11:51:50 INFO  main [octree.h:536] splitting threshold: 8.000e-23 (0.000000)
2025-05-18 11:51:50 INFO  main [octree.h:551] node count: 1 -> 585 -> 585

2025-05-18 11:51:50 INFO  main [octree.h:535] root weight: 8.000e-20 (0.000000)
2025-05-18 11:51:50 INFO  main [octree.h:536] splitting threshold: 8.000e-23 (0.000000)
2025-05-18 11:51:50 INFO  main [octree.h:551] node count: 1 -> 585 -> 585

2025-05-18 11:51:50 INFO  main [MIFocalGuidingPathTracer] budget: 600
2025-05-18 11:51:50 INFO  main [MIFocalGuidingPathTracer] dumpPrimaryRays: false
2025-05-18 11:51:50 INFO  main [MIFocalGuidingPathTracer] dumpScene: false
2025-05-18 11:51:50 INFO  main [MIFocalGuidingPathTracer] gmm.alpha: 0.4
2025-05-18 11:51:50 INFO  main [MIFocalGuidingPathTracer] gmm.initMethod: Random
2025-05-18 11:51:50 INFO  main [MIFocalGuidingPathTracer] gmm.maxNumComp: 10
2025-05-18 11:51:50 INFO  main [MIFocalGuidingPathTracer] gmm.mergingThreshold: 0.65
2025-05-18 11:51:50 INFO  main [MIFocalGuidingPathTracer] gmm.minNumComp: 3
2025-05-18 11:51:50 INFO  main [MIFocalGuidingPathTracer] gmm.splittingThreshold: 100
2025-05-18 11:51:50 INFO  main [MIFocalGuidingPathTracer] iterationBudget: 10
2025-05-18 11:51:50 INFO  main [MIFocalGuidingPathTracer] iterationCount: 15
2025-05-18 11:51:50 INFO  main [MIFocalGuidingPathTracer] maxDepth: 40
2025-05-18 11:51:50 INFO  main [MIFocalGuidingPathTracer] minSamplesToStartFitting: 128
2025-05-18 11:51:50 INFO  main [MIFocalGuidingPathTracer] normalBinning: disabled
2025-05-18 11:51:50 INFO  main [MIFocalGuidingPathTracer] renderMaxSeconds: 36000
2025-05-18 11:51:50 INFO  main [MIFocalGuidingPathTracer] rrDepth: 14
2025-05-18 11:51:50 INFO  main [MIFocalGuidingPathTracer] samplingMode: 2
2025-05-18 11:51:50 INFO  main [MIFocalGuidingPathTracer] strictNormals: true
2025-05-18 11:51:50 INFO  main [MIFocalGuidingPathTracer] trainingSamples: 4
2025-05-18 11:51:50 INFO  main [MIFocalGuidingPathTracer] tree.threshold: 0.001
2025-05-18 11:51:50 INFO  main [MIFocalGuidingPathTracer] unboundedSplatting: true
2025-05-18 11:51:50 INFO  main [PluginManager] Loading plugin "plugins/independent.so" ..
2025-05-18 11:51:50 INFO  main [PluginManager] Loading plugin "plugins/box.so" ..
2025-05-18 11:51:50 INFO  main [PluginManager] Loading plugin "plugins/hdrfilm.so" ..
2025-05-18 11:51:50 INFO  main [PluginManager] Loading plugin "plugins/perspective.so" ..
2025-05-18 11:51:50 INFO  main [PluginManager] Loading plugin "plugins/dielectric.so" ..
2025-05-18 11:51:50 INFO  main [PluginManager] Loading plugin "plugins/bitmap.so" ..
2025-05-18 11:51:50 INFO  main [BitmapTexture] Loading texture "wood5.jpg"
2025-05-18 11:51:50 INFO  main [PluginManager] Loading plugin "plugins/lanczos.so" ..
2025-05-18 11:51:50 INFO  main [MIPMap] Generating MIP map cache file "/mitsuba/scene/modern-hall/textures/wood5.mip" ..
2025-05-18 11:51:50 INFO  main [PluginManager] Loading plugin "plugins/roughplastic.so" ..
2025-05-18 11:51:50 INFO  main [PluginManager] Loading plugin "plugins/twosided.so" ..
2025-05-18 11:51:50 INFO  main [BitmapTexture] Loading texture "Tiles.jpg"
2025-05-18 11:51:50 INFO  main [PluginManager] Loading plugin "plugins/diffuse.so" ..
2025-05-18 11:51:50 INFO  main [BitmapTexture] Loading texture "Wallpaper.jpg"
2025-05-18 11:51:50 INFO  main [PluginManager] Loading plugin "plugins/roughconductor.so" ..
2025-05-18 11:51:50 INFO  main [spectrum.cpp:599] "Cu.eta.spd": loaded a spectral power distribution with 55 entries (between 302.400421 and 885.601257 nm)
2025-05-18 11:51:50 INFO  main [spectrum.cpp:599] "Cu.k.spd": loaded a spectral power distribution with 55 entries (between 302.400421 and 885.601257 nm)
2025-05-18 11:51:50 INFO  main [spectrum.cpp:599] "Cu.eta.spd": loaded a spectral power distribution with 55 entries (between 302.400421 and 885.601257 nm)
2025-05-18 11:51:50 INFO  main [spectrum.cpp:599] "Cu.k.spd": loaded a spectral power distribution with 55 entries (between 302.400421 and 885.601257 nm)
2025-05-18 11:51:50 INFO  main [PluginManager] Loading plugin "plugins/difftrans.so" ..
2025-05-18 11:51:50 INFO  main [PluginManager] Loading plugin "plugins/area.so" ..
2025-05-18 11:51:50 INFO  main [PluginManager] Loading plugin "plugins/rectangle.so" ..
2025-05-18 11:51:50 INFO  main [PluginManager] Loading plugin "plugins/cube.so" ..
2025-05-18 11:51:50 INFO  main [PluginManager] Loading plugin "plugins/obj.so" ..
2025-05-18 11:51:50 INFO  main [WavefrontOBJ] Loading geometry from "Mesh008.obj" ..
2025-05-18 11:51:50 INFO  main [WavefrontOBJ] Mesh008: 5184 triangles, 2664 vertices (merged 12888 vertices).
2025-05-18 11:51:50 INFO  main [WavefrontOBJ] Done with "Mesh008.obj" (took 12 ms)
2025-05-18 11:51:50 INFO  main [WavefrontOBJ] Loading geometry from "Mesh004.obj" ..
2025-05-18 11:51:50 INFO  main [WavefrontOBJ] Mesh004: 5184 triangles, 2664 vertices (merged 12888 vertices).
2025-05-18 11:51:50 INFO  main [WavefrontOBJ] Done with "Mesh004.obj" (took 11 ms)
2025-05-18 11:51:50 INFO  main [WavefrontOBJ] Loading geometry from "Mesh003.obj" ..
2025-05-18 11:51:50 INFO  main [WavefrontOBJ] Mesh003: 5184 triangles, 2664 vertices (merged 12888 vertices).
2025-05-18 11:51:50 INFO  main [WavefrontOBJ] Done with "Mesh003.obj" (took 11 ms)
2025-05-18 11:51:50 INFO  main [WavefrontOBJ] Loading geometry from "Mesh006.obj" ..
2025-05-18 11:51:50 INFO  main [WavefrontOBJ] Mesh006: 5184 triangles, 2664 vertices (merged 12888 vertices).
2025-05-18 11:51:50 INFO  main [WavefrontOBJ] Done with "Mesh006.obj" (took 11 ms)
2025-05-18 11:51:50 INFO  main [WavefrontOBJ] Loading geometry from "Mesh012.obj" ..
2025-05-18 11:51:50 INFO  main [WavefrontOBJ] Mesh012: 444 triangles, 882 vertices (merged 450 vertices).
2025-05-18 11:51:50 INFO  main [WavefrontOBJ] Done with "Mesh012.obj" (took 2 ms)
2025-05-18 11:51:50 INFO  main [WavefrontOBJ] Loading geometry from "Mesh013.obj" ..
2025-05-18 11:51:50 INFO  main [WavefrontOBJ] Mesh013: 5184 triangles, 2664 vertices (merged 12888 vertices).
2025-05-18 11:51:50 INFO  main [WavefrontOBJ] Done with "Mesh013.obj" (took 11 ms)
2025-05-18 11:51:50 INFO  main [WavefrontOBJ] Loading geometry from "Mesh010.obj" ..
2025-05-18 11:51:50 INFO  main [WavefrontOBJ] Mesh010: 32 triangles, 60 vertices (merged 36 vertices).
2025-05-18 11:51:50 INFO  main [WavefrontOBJ] Done with "Mesh010.obj" (took 0 ms)
2025-05-18 11:51:50 INFO  main [WavefrontOBJ] Loading geometry from "Mesh015.obj" ..
2025-05-18 11:51:50 INFO  main [WavefrontOBJ] Mesh015: 32 triangles, 60 vertices (merged 36 vertices).
2025-05-18 11:51:50 INFO  main [WavefrontOBJ] Done with "Mesh015.obj" (took 0 ms)
2025-05-18 11:51:50 INFO  main [WavefrontOBJ] Loading geometry from "Mesh002.obj" ..
2025-05-18 11:51:50 INFO  main [WavefrontOBJ] Mesh002: 32 triangles, 60 vertices (merged 36 vertices).
2025-05-18 11:51:50 INFO  main [WavefrontOBJ] Done with "Mesh002.obj" (took 0 ms)
2025-05-18 11:51:50 INFO  main [WavefrontOBJ] Loading geometry from "Mesh007.obj" ..
2025-05-18 11:51:50 INFO  main [WavefrontOBJ] Mesh007: 32 triangles, 60 vertices (merged 36 vertices).
2025-05-18 11:51:50 INFO  main [WavefrontOBJ] Done with "Mesh007.obj" (took 0 ms)
2025-05-18 11:51:50 INFO  main [WavefrontOBJ] Loading geometry from "Mesh005.obj" ..
2025-05-18 11:51:50 INFO  main [WavefrontOBJ] Mesh005: 12 triangles, 20 vertices (merged 16 vertices).
2025-05-18 11:51:50 INFO  main [WavefrontOBJ] Done with "Mesh005.obj" (took 0 ms)
2025-05-18 11:51:50 INFO  main [WavefrontOBJ] Loading geometry from "Mesh016.obj" ..
2025-05-18 11:51:50 INFO  main [WavefrontOBJ] Mesh016: 120 triangles, 204 vertices (merged 156 vertices).
2025-05-18 11:51:50 INFO  main [WavefrontOBJ] Done with "Mesh016.obj" (took 0 ms)
2025-05-18 11:51:50 INFO  main [WavefrontOBJ] Loading geometry from "Mesh017.obj" ..
2025-05-18 11:51:50 INFO  main [WavefrontOBJ] Mesh017: 20 triangles, 40 vertices (merged 20 vertices).
2025-05-18 11:51:50 INFO  main [WavefrontOBJ] Done with "Mesh017.obj" (took 0 ms)
2025-05-18 11:51:50 INFO  main [WavefrontOBJ] Loading geometry from "Mesh018.obj" ..
2025-05-18 11:51:50 INFO  main [WavefrontOBJ] Mesh018: 2 triangles, 4 vertices (merged 2 vertices).
2025-05-18 11:51:50 INFO  main [WavefrontOBJ] Done with "Mesh018.obj" (took 0 ms)
2025-05-18 11:51:50 INFO  main [WavefrontOBJ] Loading geometry from "Mesh011.obj" ..
2025-05-18 11:51:50 INFO  main [WavefrontOBJ] Mesh011: 32 triangles, 30 vertices (merged 66 vertices).
2025-05-18 11:51:50 INFO  main [WavefrontOBJ] Done with "Mesh011.obj" (took 0 ms)
2025-05-18 11:51:50 INFO  main [PluginManager] Loading plugin "plugins/homogeneous.so" ..
2025-05-18 11:51:50 INFO  main [PluginManager] Loading plugin "plugins/isotropic.so" ..
2025-05-18 11:51:50 INFO  main [WavefrontOBJ] Loading geometry from "Mesh014.obj" ..
2025-05-18 11:51:50 INFO  main [WavefrontOBJ] Mesh014: 36 triangles, 72 vertices (merged 36 vertices).
2025-05-18 11:51:50 INFO  main [WavefrontOBJ] Done with "Mesh014.obj" (took 0 ms)
2025-05-18 11:51:50 INFO  main [WavefrontOBJ] Loading geometry from "Mesh001.obj" ..
2025-05-18 11:51:50 INFO  main [WavefrontOBJ] Mesh001: 924 triangles, 2016 vertices (merged 756 vertices).
2025-05-18 11:51:50 INFO  main [WavefrontOBJ] Done with "Mesh001.obj" (took 5 ms)
2025-05-18 11:51:50 INFO  main [WavefrontOBJ] Loading geometry from "Mesh000.obj" ..
2025-05-18 11:51:50 INFO  main [WavefrontOBJ] Mesh000: 3127 triangles, 2075 vertices (merged 7306 vertices).
2025-05-18 11:51:50 INFO  main [WavefrontOBJ] Done with "Mesh000.obj" (took 13 ms)
2025-05-18 11:51:50 INFO  main [WavefrontOBJ] Loading geometry from "Mesh009.obj" ..
2025-05-18 11:51:50 INFO  main [WavefrontOBJ] Mesh009: 146 triangles, 110 vertices (merged 328 vertices).
2025-05-18 11:51:50 INFO  main [WavefrontOBJ] Done with "Mesh009.obj" (took 0 ms)
2025-05-18 11:51:50 INFO  ren0 [KDTreeBase] Constructing a SAH kd-tree (30963 primitives) ..
2025-05-18 11:51:50 INFO  ren0 [KDTreeBase] Finished -- took 114 ms.
2025-05-18 11:51:50 INFO  ren0 [octree.h:535] root weight: 8.000e-20 (0.000000)
2025-05-18 11:51:50 INFO  ren0 [octree.h:536] splitting threshold: 8.000e-23 (0.000000)
2025-05-18 11:51:50 INFO  ren0 [octree.h:551] node count: 1 -> 585 -> 585

2025-05-18 11:51:50 INFO  ren0 [octree.h:535] root weight: 4.096e-17 (0.000000)
2025-05-18 11:51:50 INFO  ren0 [octree.h:536] splitting threshold: 4.096e-20 (0.000000)
2025-05-18 11:51:50 INFO  ren0 [octree.h:551] node count: 585 -> 585 -> 585

2025-05-18 11:51:50 INFO  ren0 [octree.h:535] root weight: 8.000e-20 (0.000000)
2025-05-18 11:51:50 INFO  ren0 [octree.h:536] splitting threshold: 8.000e-23 (0.000000)
2025-05-18 11:51:50 INFO  ren0 [octree.h:551] node count: 1 -> 585 -> 585

2025-05-18 11:51:50 INFO  ren0 [octree.h:535] root weight: 8.000e-20 (0.000000)
2025-05-18 11:51:50 INFO  ren0 [octree.h:536] splitting threshold: 8.000e-23 (0.000000)
2025-05-18 11:51:50 INFO  ren0 [octree.h:551] node count: 1 -> 585 -> 585

2025-05-18 11:51:50 INFO  ren0 [octree.h:535] root weight: 4.096e-17 (0.000000)
2025-05-18 11:51:50 INFO  ren0 [octree.h:536] splitting threshold: 4.096e-20 (0.000000)
2025-05-18 11:51:50 INFO  ren0 [octree.h:551] node count: 585 -> 585 -> 585

2025-05-18 11:51:50 INFO  ren0 [octree.h:535] root weight: 8.000e-20 (0.000000)
2025-05-18 11:51:50 INFO  ren0 [octree.h:536] splitting threshold: 8.000e-23 (0.000000)
2025-05-18 11:51:50 INFO  ren0 [octree.h:551] node count: 1 -> 585 -> 585

2025-05-18 11:51:50 INFO  ren0 [MIFocalGuidingPathTracer] AABB3[min=[-21.7494, -3.70393, -3.09172], max=[7.19249, 11.2965, 6.96201]]
2025-05-18 11:51:50 INFO  ren0 [MIFocalGuidingPathTracer] Starting render job (1280x720, 12 cores, SSE2 enabled) ..
2025-05-18 11:51:50 INFO  ren0 [MIFocalGuidingPathTracer] ITERATION 0, until 10.0 seconds
2025-05-18 11:52:01 INFO  ren0 [MIFocalGuidingPathTracer]   11.06 seconds elapsed, passes this iteration: 6, total passes: 6
2025-05-18 11:52:01 INFO  ren0 [MIFocalGuidingPathTracer] Got 111324 non-zero samples
2025-05-18 11:52:01 INFO  ren0 [gaussian_mixture_model.h:808] Processing mega batch of size 111324
2025-05-18 11:52:01 INFO  ren0 [gaussian_mixture_model.h:547] Random
2025-05-18 11:52:01 INFO  ren0 [MIFocalGuidingPathTracer] GMM[
weight = 0.010238 mean = [-9.40124 0.433607 0.454456] covariance = [[6.47605 -1.13176 -0.534353][-1.13176 5.82779 -0.433682][-0.534353 -0.433682 5.92739]]
weight = 0.010238 mean = [-12.52 2.60547 0.963333] covariance = [[6.47605 -1.13176 -0.534353][-1.13176 5.82779 -0.433682][-0.534353 -0.433682 5.92739]]
weight = 0.0842316 mean = [-5.77999 4.59806 -0.698893] covariance = [[2.96502 0.0282139 -1.48039][0.0282139 3.91292 -1.41793][-1.48039 -1.41793 6.53173]]
weight = 0.231531 mean = [4.85892 3.11192 1.36028] covariance = [[2.52098 -0.592065 0.794873][-0.592065 2.98947 -0.897199][0.794873 -0.897199 7.23835]]
weight = 0.437378 mean = [1.94622 1.53197 -2.82621] covariance = [[1.37872 -0.742918 0.0634506][-0.742918 0.612683 4.88584e-05][0.0634506 4.88584e-05 0.201446]]
weight = 0.00228923 mean = [4.32869 8.7807 -1.28494] covariance = [[3.73822 -0.354506 0.406623][-0.354506 1.89924 0.0885906][0.406623 0.0885906 1.02022]]
weight = 0.0136808 mean = [3.39509 -1.4888 -0.918701] covariance = [[2.37197 -0.11309 0.945231][-0.11309 1.87233 -0.994871][0.945231 -0.994871 2.90453]]
weight = 0.0117156 mean = [4.27393 6.58213 5.11433] covariance = [[3.46756 -1.29461 0.386558][-1.29461 3.50577 -1.4591][0.386558 -1.4591 2.55426]]
weight = 0.198698 mean = [-0.855602 3.0378 -0.894985] covariance = [[4.51735 -1.24014 3.2238][-1.24014 2.99953 -1.87353][3.2238 -1.87353 5.75464]]
]
2025-05-18 11:52:01 INFO  ren0 [octree.h:535] root weight: 2.861e+06 (2860933.500000)
2025-05-18 11:52:01 INFO  ren0 [octree.h:536] splitting threshold: 2.861e+03 (2860.933594)
2025-05-18 11:52:01 INFO  ren0 [octree.h:535] root weight: 2.943e+05 (294348.468750)
2025-05-18 11:52:01 INFO  ren0 [octree.h:536] splitting threshold: 2.943e+02 (294.348480)
2025-05-18 11:52:01 INFO  ren0 [octree.h:551] node count: 585 -> 967 -> 783

2025-05-18 11:52:01 INFO  ren0 [octree.h:551] node count: 585 -> 596 -> 429

2025-05-18 11:52:01 INFO  ren0 [MIFocalGuidingPathTracer] ITERATION 1, until 20.0 seconds
2025-05-18 11:52:22 INFO  ren0 [MIFocalGuidingPathTracer]   32.22 seconds elapsed, passes this iteration: 1, total passes: 7
2025-05-18 11:52:22 INFO  ren0 [MIFocalGuidingPathTracer] Got 96901 non-zero samples
2025-05-18 11:52:22 INFO  ren0 [gaussian_mixture_model.h:808] Processing mega batch of size 96901
2025-05-18 11:52:22 INFO  ren0 [MIFocalGuidingPathTracer] GMM[
weight = 0.0115168 mean = [-7.13825 -0.962272 -0.20776] covariance = [[4.84151 -1.58419 -0.70428][-1.58419 4.23383 -0.659745][-0.70428 -0.659745 4.43421]]
weight = 0.0115168 mean = [-9.8895 1.19754 0.0891382] covariance = [[4.84151 -1.58419 -0.70428][-1.58419 4.23383 -0.659745][-0.70428 -0.659745 4.43421]]
weight = 0.0713955 mean = [-6.13571 3.94913 -0.781159] covariance = [[4.76749 1.03959 -1.25471][1.03959 5.21609 -1.52935][-1.25471 -1.52935 5.8167]]
weight = 0.258026 mean = [4.90481 2.93334 -0.00709121] covariance = [[2.93075 -0.774482 0.659542][-0.774482 2.7637 -0.874243][0.659542 -0.874243 6.09849]]
weight = 0.456136 mean = [2.03866 1.44206 -2.83428] covariance = [[1.35517 -0.7336 0.0489807][-0.7336 0.554593 -0.00943997][0.0489807 -0.00943997 0.13364]]
weight = 0.00142067 mean = [3.19118 8.79419 -1.13847] covariance = [[6.55845 -1.23368 -0.262747][-1.23368 2.34088 0.134324][-0.262747 0.134324 0.904841]]
weight = 0.0236753 mean = [3.00973 -1.33661 -0.945895] covariance = [[2.86713 0.832718 -0.0103234][0.832718 1.79886 -0.675358][-0.0103234 -0.675358 1.75191]]
weight = 0.0079688 mean = [4.12505 6.76273 4.96995] covariance = [[4.1834 -1.86859 0.626517][-1.86859 4.35494 -1.44199][0.626517 -1.44199 2.14866]]
weight = 0.158344 mean = [-0.202319 2.90656 -0.358012] covariance = [[5.1519 -1.50989 3.20769][-1.50989 3.10665 -1.61995][3.20769 -1.61995 5.36914]]
]
2025-05-18 11:52:22 INFO  ren0 [octree.h:535] root weight: 2.213e+06 (2212956.250000)
2025-05-18 11:52:22 INFO  ren0 [octree.h:536] splitting threshold: 2.213e+03 (2212.956299)
2025-05-18 11:52:22 INFO  ren0 [octree.h:535] root weight: 2.552e+05 (255167.531250)
2025-05-18 11:52:22 INFO  ren0 [octree.h:536] splitting threshold: 2.552e+02 (255.167542)
2025-05-18 11:52:22 INFO  ren0 [octree.h:551] node count: 783 -> 889 -> 744

2025-05-18 11:52:22 INFO  ren0 [octree.h:551] node count: 429 -> 448 -> 436

2025-05-18 11:52:22 INFO  ren0 [MIFocalGuidingPathTracer] ITERATION 2, until 30.0 seconds
2025-05-18 11:52:45 INFO  ren0 [MIFocalGuidingPathTracer]   54.41 seconds elapsed, passes this iteration: 1, total passes: 8
2025-05-18 11:52:45 INFO  ren0 [MIFocalGuidingPathTracer] Got 135674 non-zero samples
2025-05-18 11:52:45 INFO  ren0 [gaussian_mixture_model.h:808] Processing mega batch of size 135674
2025-05-18 11:52:45 INFO  ren0 [MIFocalGuidingPathTracer] GMM[
weight = 0.00674779 mean = [-3.08217 -2.26914 2.95672] covariance = [[6.19213 -2.11416 1.022][-2.11416 2.7058 -0.980825][1.022 -0.980825 4.56459]]
weight = 0.0128008 mean = [-12.7401 2.0496 0.692589] covariance = [[13.9634 -3.98847 2.72856][-3.98847 4.09332 -0.594815][2.72856 -0.594815 4.44457]]
weight = 0.0763615 mean = [-5.84535 4.2606 -0.822451] covariance = [[3.91609 -0.137154 -1.87692][-0.137154 3.4115 -1.61087][-1.87692 -1.61087 5.26242]]
weight = 0.00674779 mean = [-6.31133 -0.619453 1.41727] covariance = [[6.19213 -2.11416 1.022][-2.11416 2.7058 -0.980825][1.022 -0.980825 4.56459]]
weight = 0.490911 mean = [1.91205 1.48102 -2.90581] covariance = [[1.63661 -0.94779 0.0213756][-0.94779 0.605887 -0.0105833][0.0213756 -0.0105833 0.0477332]]
weight = 0.00145213 mean = [2.6234 9.83539 -1.02233] covariance = [[9.07066 -2.37041 0.594087][-2.37041 1.86807 -0.12223][0.594087 -0.12223 0.717695]]
weight = 0.0280602 mean = [2.94201 -1.17206 -0.562264] covariance = [[3.27473 0.351631 -0.567449][0.351631 2.11252 -1.05836][-0.567449 -1.05836 1.93444]]
weight = 0.0106063 mean = [4.3934 6.02481 5.1584] covariance = [[4.21547 -2.37166 0.535452][-2.37166 5.24268 -1.51263][0.535452 -1.51263 1.90983]]
weight = 0.366312 mean = [1.56975 2.97651 -0.101235] covariance = [[8.00009 -0.840402 2.6588][-0.840402 3.21336 -1.56065][2.6588 -1.56065 5.38024]]
]
2025-05-18 11:52:45 INFO  ren0 [octree.h:535] root weight: 1.782e+06 (1782445.500000)
2025-05-18 11:52:45 INFO  ren0 [octree.h:536] splitting threshold: 1.782e+03 (1782.445557)
2025-05-18 11:52:45 INFO  ren0 [octree.h:535] root weight: 2.019e+05 (201929.765625)
2025-05-18 11:52:45 INFO  ren0 [octree.h:536] splitting threshold: 2.019e+02 (201.929779)
2025-05-18 11:52:45 INFO  ren0 [octree.h:551] node count: 744 -> 835 -> 783

2025-05-18 11:52:45 INFO  ren0 [octree.h:551] node count: 436 -> 449 -> 441

2025-05-18 11:52:45 INFO  ren0 [MIFocalGuidingPathTracer] ITERATION 3, until 40.0 seconds
2025-05-18 11:53:05 INFO  ren0 [MIFocalGuidingPathTracer]   75.38 seconds elapsed, passes this iteration: 1, total passes: 9
2025-05-18 11:53:06 INFO  ren0 [MIFocalGuidingPathTracer] Got 218039 non-zero samples
2025-05-18 11:53:06 INFO  ren0 [gaussian_mixture_model.h:808] Processing mega batch of size 218039
2025-05-18 11:53:06 INFO  ren0 [MIFocalGuidingPathTracer] GMM[
weight = 0.00449078 mean = [-1.53157 -1.7935 3.61995] covariance = [[2.6243 -0.409026 0.183131][-0.409026 1.69995 0.688924][0.183131 0.688924 2.17243]]
weight = 0.00449078 mean = [-3.4712 -0.633409 4.32477] covariance = [[2.6243 -0.409026 0.183131][-0.409026 1.69995 0.688924][0.183131 0.688924 2.17243]]
weight = 0.0727726 mean = [-7.44633 4.73601 2.58395] covariance = [[2.56888 -0.324051 -0.44114][-0.324051 1.01646 -0.492947][-0.44114 -0.492947 2.90187]]
weight = 0.0727726 mean = [-6.14864 5.02827 0.417001] covariance = [[2.56888 -0.324051 -0.44114][-0.324051 1.01646 -0.492947][-0.44114 -0.492947 2.90187]]
weight = 0.0208284 mean = [-4.08702 -0.0280459 4.05214] covariance = [[4.21998 -0.356632 1.75085][-0.356632 0.77938 0.012228][1.75085 0.012228 4.26794]]
weight = 0.477267 mean = [1.10634 1.91042 -2.99256] covariance = [[2.20276 -1.2569 0.00190206][-1.2569 0.722543 -0.00152412][0.00190206 -0.00152412 0.00383322]]
weight = 0.000795062 mean = [0.747761 9.57414 -1.4846] covariance = [[17.875 -2.75895 1.69001][-2.75895 0.767786 -0.222099][1.69001 -0.222099 1.18917]]
weight = 0.0264681 mean = [6.08878 5.18272 4.97412] covariance = [[1.55057 -0.415851 -0.0804473][-0.415851 1.25746 -0.0556347][-0.0804473 -0.0556347 1.05924]]
weight = 0.320115 mean = [2.19629 2.11088 -0.18648] covariance = [[7.65268 -0.0532086 0.846564][-0.0532086 4.53923 -0.0376489][0.846564 -0.0376489 4.31326]]
]
2025-05-18 11:53:06 INFO  ren0 [octree.h:535] root weight: 2.285e+06 (2285352.750000)
2025-05-18 11:53:06 INFO  ren0 [octree.h:536] splitting threshold: 2.285e+03 (2285.352783)
2025-05-18 11:53:06 INFO  ren0 [octree.h:535] root weight: 4.617e+05 (461729.031250)
2025-05-18 11:53:06 INFO  ren0 [octree.h:536] splitting threshold: 4.617e+02 (461.729065)
2025-05-18 11:53:06 INFO  ren0 [octree.h:551] node count: 783 -> 928 -> 711

2025-05-18 11:53:06 INFO  ren0 [octree.h:551] node count: 441 -> 540 -> 512

2025-05-18 11:53:06 INFO  ren0 [MIFocalGuidingPathTracer] ITERATION 4, until 50.0 seconds
2025-05-18 11:53:24 INFO  ren0 [MIFocalGuidingPathTracer]   93.85 seconds elapsed, passes this iteration: 1, total passes: 10
2025-05-18 11:53:24 INFO  ren0 [MIFocalGuidingPathTracer] Got 569354 non-zero samples
2025-05-18 11:53:24 INFO  ren0 [gaussian_mixture_model.h:808] Processing mega batch of size 569354
2025-05-18 11:53:24 INFO  ren0 [MIFocalGuidingPathTracer] GMM[
weight = 0.000989809 mean = [2.9976 -3.17656 3.30184] covariance = [[1.0272 -0.13571 -0.00140416][-0.13571 0.25738 -0.0554555][-0.00140416 -0.0554555 1.23772]]
weight = 0.000709109 mean = [0.590297 -2.60894 3.59894] covariance = [[4.11553 -0.905631 -0.280217][-0.905631 0.611747 0.0501153][-0.280217 0.0501153 2.25003]]
weight = 0.0382754 mean = [-5.72505 5.92655 1.45202] covariance = [[10.0944 1.76306 3.42351][1.76306 4.13448 0.826697][3.42351 0.826697 8.05012]]
weight = 0.490984 mean = [0.513609 2.28835 -2.98585] covariance = [[4.08631 -2.38392 0.00619636][-2.38392 1.39254 -0.00342407][0.00619636 -0.00342407 0.000158954]]
weight = 0.00116189 mean = [-5.57597 10.0998 -1.43824] covariance = [[24.2081 -1.12384 0.271787][-1.12384 0.38127 -0.0111046][0.271787 -0.0111046 0.41103]]
weight = 0.000989809 mean = [1.56973 -2.93633 3.36215] covariance = [[1.0272 -0.13571 -0.00140416][-0.13571 0.25738 -0.0554555][-0.00140416 -0.0554555 1.23772]]
weight = 0.0234646 mean = [-7.85892 2.02802 0.0130541] covariance = [[11.3168 -5.50268 6.07045][-5.50268 11.1647 -8.17985][6.07045 -8.17985 10.086]]
weight = 0.443425 mean = [3.38307 2.85396 0.0825742] covariance = [[6.12664 0.572109 1.88267][0.572109 4.53012 1.03235][1.88267 1.03235 6.48213]]
]
2025-05-18 11:53:24 INFO  ren0 [octree.h:535] root weight: 1.808e+06 (1808021.375000)
2025-05-18 11:53:24 INFO  ren0 [octree.h:536] splitting threshold: 1.808e+03 (1808.021484)
2025-05-18 11:53:24 INFO  ren0 [octree.h:535] root weight: 3.186e+05 (318619.000000)
2025-05-18 11:53:24 INFO  ren0 [octree.h:536] splitting threshold: 3.186e+02 (318.619019)
2025-05-18 11:53:24 INFO  ren0 [octree.h:551] node count: 711 -> 794 -> 732

2025-05-18 11:53:24 INFO  ren0 [octree.h:551] node count: 512 -> 523 -> 443

2025-05-18 11:53:24 INFO  ren0 [MIFocalGuidingPathTracer] ITERATION 5, until 60.0 seconds
2025-05-18 11:53:45 INFO  ren0 [MIFocalGuidingPathTracer]   115.30 seconds elapsed, passes this iteration: 1, total passes: 11
2025-05-18 11:53:45 INFO  ren0 [MIFocalGuidingPathTracer] Got 2016335 non-zero samples
2025-05-18 11:53:46 INFO  ren0 [gaussian_mixture_model.h:808] Processing mega batch of size 2016335
2025-05-18 11:53:47 INFO  ren0 [MIFocalGuidingPathTracer] GMM[
weight = 8.15701e-05 mean = [0.0586395 2.52019 -2.97803] covariance = [[0.00106647 -0.000315023 2.1088e-05][-0.000315023 0.000864717 1.5708e-05][2.1088e-05 1.5708e-05 0.000238874]]
weight = 0.0136415 mean = [0.0808811 2.55092 -2.97604] covariance = [[0.00373868 -0.000408513 9.0731e-05][-0.000408513 0.000542924 -6.91455e-06][9.0731e-05 -6.91455e-06 9.44513e-05]]
weight = 0.000386668 mean = [-2.30885 3.97412 -2.97802] covariance = [[0.000370595 -0.00029851 6.35186e-05][-0.00029851 0.000380703 -9.99081e-05][6.35186e-05 -9.99081e-05 6.08033e-05]]
weight = 0.00502332 mean = [0.164331 2.47854 -2.98952] covariance = [[0.00351088 -0.000416004 7.45025e-05][-0.000416004 0.000422236 5.06947e-05][7.45025e-05 5.06947e-05 1.7084e-05]]
weight = 8.15701e-05 mean = [0.0176598 2.55008 -2.9784] covariance = [[0.00106647 -0.000315023 2.1088e-05][-0.000315023 0.000864717 1.5708e-05][2.1088e-05 1.5708e-05 0.000238874]]
weight = 0.000942431 mean = [0.103719 2.45746 -2.98795] covariance = [[0.00323706 0.000231448 -0.000105734][0.000231448 5.7053e-05 -3.19876e-06][-0.000105734 -3.19876e-06 1.09513e-05]]
weight = 0.0107708 mean = [-10.691 9.41851 -1.56921] covariance = [[0.0580004 0.00727749 0.00118549][0.00727749 0.0011113 0.000115523][0.00118549 0.000115523 4.02706e-05]]
weight = 0.00681691 mean = [-2.34352 3.94816 -2.979] covariance = [[0.00183267 -8.50035e-05 9.50316e-05][-8.50035e-05 0.000449636 8.49667e-05][9.50316e-05 8.49667e-05 8.18301e-05]]
weight = 0.962255 mean = [1.36412 2.476 -0.628398] covariance = [[14.3648 -1.05287 1.35813][-1.05287 3.23322 1.44726][1.35813 1.44726 7.07463]]
]
2025-05-18 11:53:47 INFO  ren0 [octree.h:535] root weight: 1.535e+06 (1534771.125000)
2025-05-18 11:53:47 INFO  ren0 [octree.h:536] splitting threshold: 1.535e+03 (1534.771240)
2025-05-18 11:53:47 INFO  ren0 [octree.h:535] root weight: 2.430e+05 (243049.000000)
2025-05-18 11:53:47 INFO  ren0 [octree.h:536] splitting threshold: 2.430e+02 (243.049011)
2025-05-18 11:53:47 INFO  ren0 [octree.h:551] node count: 732 -> 831 -> 765

2025-05-18 11:53:47 INFO  ren0 [octree.h:551] node count: 443 -> 458 -> 449

2025-05-18 11:53:47 INFO  ren0 [MIFocalGuidingPathTracer] ITERATION 6, until 70.0 seconds
2025-05-18 11:54:07 INFO  ren0 [MIFocalGuidingPathTracer]   136.49 seconds elapsed, passes this iteration: 1, total passes: 12
2025-05-18 11:54:07 INFO  ren0 [MIFocalGuidingPathTracer] Got 445100 non-zero samples
2025-05-18 11:54:07 INFO  ren0 [gaussian_mixture_model.h:808] Processing mega batch of size 445100
2025-05-18 11:54:07 INFO  ren0 [MIFocalGuidingPathTracer] GMM[
weight = 0.00128804 mean = [0.13349 2.43923 -2.8908] covariance = [[0.000991983 -0.000755917 0.000747353][-0.000755917 0.0020537 -0.000159862][0.000747353 -0.000159862 0.00179706]]
weight = 0.00251177 mean = [0.0859857 2.51031 -2.92202] covariance = [[0.000224459 -0.000176267 5.50783e-05][-0.000176267 0.000601358 0.000184866][5.50783e-05 0.000184866 0.00022273]]
weight = 0.0094767 mean = [-2.28399 3.97322 -2.98585] covariance = [[0.000179959 -5.76644e-05 -7.6261e-05][-5.76644e-05 4.24364e-05 2.85076e-05][-7.6261e-05 2.85076e-05 6.33159e-05]]
weight = 0.00128804 mean = [0.0953893 2.48965 -2.92926] covariance = [[0.000991983 -0.000755917 0.000747353][-0.000755917 0.0020537 -0.000159862][0.000747353 -0.000159862 0.00179706]]
weight = 0.0371689 mean = [0.100378 2.54513 -2.97634] covariance = [[0.00222795 -0.000202858 1.64255e-06][-0.000202858 0.000836095 -0.000199362][1.64255e-06 -0.000199362 0.000520408]]
weight = 0.0125401 mean = [0.0603475 2.47905 -2.98725] covariance = [[0.00123568 -0.000236733 0.000245462][-0.000236733 0.000283363 -0.000145658][0.000245462 -0.000145658 0.000266049]]
weight = 0.0017359 mean = [-10.8956 9.33239 -1.55411] covariance = [[0.000324288 8.06125e-05 -6.52672e-06][8.06125e-05 3.50854e-05 -3.59727e-06][-6.52672e-06 -3.59727e-06 1.09047e-05]]
weight = 0.0128347 mean = [-2.38556 3.96619 -2.97489] covariance = [[0.00305009 -0.000544233 0.000235975][-0.000544233 0.00143304 -0.000147577][0.000235975 -0.000147577 0.000234888]]
weight = 0.921156 mean = [2.1131 2.31965 -0.298209] covariance = [[13.6603 -1.68143 2.06892][-1.68143 4.03132 1.13511][2.06892 1.13511 8.19312]]
]
2025-05-18 11:54:07 INFO  ren0 [octree.h:535] root weight: 1.468e+06 (1467688.750000)
2025-05-18 11:54:07 INFO  ren0 [octree.h:536] splitting threshold: 1.468e+03 (1467.688843)
2025-05-18 11:54:07 INFO  ren0 [octree.h:535] root weight: 2.117e+05 (211689.531250)
2025-05-18 11:54:07 INFO  ren0 [octree.h:536] splitting threshold: 2.117e+02 (211.689545)
2025-05-18 11:54:07 INFO  ren0 [octree.h:551] node count: 765 -> 891 -> 821

2025-05-18 11:54:07 INFO  ren0 [octree.h:551] node count: 449 -> 464 -> 454

2025-05-18 11:54:07 INFO  ren0 [MIFocalGuidingPathTracer] ITERATION 7, until 80.0 seconds
2025-05-18 11:54:27 INFO  ren0 [MIFocalGuidingPathTracer]   157.15 seconds elapsed, passes this iteration: 1, total passes: 13
2025-05-18 11:54:27 INFO  ren0 [MIFocalGuidingPathTracer] Got 1226880 non-zero samples
2025-05-18 11:54:27 INFO  ren0 [gaussian_mixture_model.h:808] Processing mega batch of size 1226880
2025-05-18 11:54:28 INFO  ren0 [MIFocalGuidingPathTracer] GMM[
weight = 2.41411e-05 mean = [0.0510225 2.48563 -2.9709] covariance = [[7.64562e-05 4.83242e-06 2.94072e-05][4.83242e-06 5.25374e-05 2.19367e-05][2.94072e-05 2.19367e-05 5.39013e-05]]
weight = 2.41411e-05 mean = [0.0609908 2.49015 -2.96283] covariance = [[7.64562e-05 4.83242e-06 2.94072e-05][4.83242e-06 5.25374e-05 2.19367e-05][2.94072e-05 2.19367e-05 5.39013e-05]]
weight = 0.000181268 mean = [0.0942372 2.56305 -2.98253] covariance = [[0.000258511 -7.72156e-05 2.95413e-05][-7.72156e-05 0.000153577 5.29949e-05][2.95413e-05 5.29949e-05 0.000111246]]
weight = 0.000181268 mean = [0.115527 2.55185 -2.98235] covariance = [[0.000258511 -7.72156e-05 2.95413e-05][-7.72156e-05 0.000153577 5.29949e-05][2.95413e-05 5.29949e-05 0.000111246]]
weight = 0.0023939 mean = [0.0934979 2.42252 -2.97307] covariance = [[0.000273258 -0.000250585 -9.88064e-06][-0.000250585 0.000445801 9.13359e-05][-9.88064e-06 9.13359e-05 4.57011e-05]]
weight = 0.0023939 mean = [0.073473 2.45128 -2.96829] covariance = [[0.000273258 -0.000250585 -9.88064e-06][-0.000250585 0.000445801 9.13359e-05][-9.88064e-06 9.13359e-05 4.57011e-05]]
weight = 0.0045733 mean = [-10.8956 9.33239 -1.55411] covariance = [[0.000324288 8.06125e-05 -6.52672e-06][8.06125e-05 3.50854e-05 -3.59727e-06][-6.52672e-06 -3.59727e-06 1.09047e-05]]
weight = 0.0186316 mean = [0.0585808 2.51487 -2.98486] covariance = [[0.00910145 0.00312684 0.000459207][0.00312684 0.00185729 0.000187428][0.000459207 0.000187428 0.000102937]]
weight = 0.971597 mean = [2.42805 2.42431 -0.672008] covariance = [[11.3896 -1.18535 1.00398][-1.18535 2.89901 1.24219][1.00398 1.24219 6.72212]]
]
2025-05-18 11:54:28 INFO  ren0 [octree.h:535] root weight: 1.544e+06 (1544227.500000)
2025-05-18 11:54:28 INFO  ren0 [octree.h:536] splitting threshold: 1.544e+03 (1544.227539)
2025-05-18 11:54:28 INFO  ren0 [octree.h:535] root weight: 1.891e+05 (189065.375000)
2025-05-18 11:54:28 INFO  ren0 [octree.h:536] splitting threshold: 1.891e+02 (189.065384)
2025-05-18 11:54:28 INFO  ren0 [octree.h:551] node count: 821 -> 943 -> 814

2025-05-18 11:54:28 INFO  ren0 [octree.h:551] node count: 454 -> 463 -> 445

2025-05-18 11:54:28 INFO  ren0 [MIFocalGuidingPathTracer] ITERATION 8, until 90.0 seconds
2025-05-18 11:54:50 INFO  ren0 [MIFocalGuidingPathTracer]   179.76 seconds elapsed, passes this iteration: 1, total passes: 14
2025-05-18 11:54:50 INFO  ren0 [MIFocalGuidingPathTracer] Got 374771 non-zero samples
2025-05-18 11:54:50 INFO  ren0 [gaussian_mixture_model.h:808] Processing mega batch of size 374771
2025-05-18 11:54:50 INFO  ren0 [MIFocalGuidingPathTracer] GMM[
weight = 2.01407e-05 mean = [0.108042 2.56177 -2.99166] covariance = [[0.000295444 -0.000145291 -0.000103946][-0.000145291 0.000111425 7.85165e-05][-0.000103946 7.85165e-05 0.000109407]]
weight = 2.01407e-05 mean = [0.08483 2.57513 -2.98079] covariance = [[0.000295444 -0.000145291 -0.000103946][-0.000145291 0.000111425 7.85165e-05][-0.000103946 7.85165e-05 0.000109407]]
weight = 0.000813407 mean = [0.102909 2.48338 -2.95194] covariance = [[2.90403e-05 4.67251e-06 1.28154e-06][4.67251e-06 8.74439e-05 -1.12112e-05][1.28154e-06 -1.12112e-05 1.79508e-05]]
weight = 0.000897088 mean = [-10.8956 9.33239 -1.55411] covariance = [[0.000324288 8.06125e-05 -6.52672e-06][8.06125e-05 3.50854e-05 -3.59727e-06][-6.52672e-06 -3.59727e-06 1.09047e-05]]
weight = 0.0841813 mean = [0.0809483 2.52264 -2.98116] covariance = [[0.00189279 -0.000313665 0.000143946][-0.000313665 0.00149895 6.69002e-05][0.000143946 6.69002e-05 0.000108747]]
weight = 0.914068 mean = [0.627698 2.80547 -0.217944] covariance = [[24.6811 -4.4872 4.5618][-4.4872 4.10973 0.24391][4.5618 0.24391 8.71273]]
]
2025-05-18 11:54:50 INFO  ren0 [octree.h:535] root weight: 1.558e+06 (1558344.125000)
2025-05-18 11:54:50 INFO  ren0 [octree.h:536] splitting threshold: 1.558e+03 (1558.344238)
2025-05-18 11:54:50 INFO  ren0 [octree.h:535] root weight: 1.707e+05 (170734.031250)
2025-05-18 11:54:50 INFO  ren0 [octree.h:536] splitting threshold: 1.707e+02 (170.734039)
2025-05-18 11:54:50 INFO  ren0 [octree.h:551] node count: 814 -> 940 -> 815

2025-05-18 11:54:50 INFO  ren0 [octree.h:551] node count: 445 -> 456 -> 443

2025-05-18 11:54:50 INFO  ren0 [MIFocalGuidingPathTracer] ITERATION 9, until 100.0 seconds
2025-05-18 11:55:04 INFO  ren0 [MIFocalGuidingPathTracer]   194.16 seconds elapsed, passes this iteration: 1, total passes: 15
2025-05-18 11:55:04 INFO  ren0 [pmm_focal_guiding_recursive.cpp:214] starting iterative narrowing
2025-05-18 11:55:04 INFO  ren0 [MIFocalGuidingPathTracer] Got 1356877 non-zero samples
2025-05-18 11:55:04 INFO  ren0 [gaussian_mixture_model.h:808] Processing mega batch of size 1356877
2025-05-18 11:55:05 INFO  ren0 [MIFocalGuidingPathTracer] GMM[
weight = 0.000122417 mean = [0.121086 2.51753 -2.98067] covariance = [[0.00268205 -0.000114446 -0.000341539][-0.000114446 0.0041635 1.42535e-05][-0.000341539 1.42535e-05 5.41897e-05]]
weight = 0.00203147 mean = [0.128582 2.72641 -2.98452] covariance = [[0.00228421 0.00148661 -0.000341312][0.00148661 0.00828132 -0.0004771][-0.000341312 -0.0004771 6.09053e-05]]
weight = 0.0143419 mean = [0.108173 2.47868 -2.98942] covariance = [[0.00122054 -0.000364639 4.13413e-05][-0.000364639 0.000300203 3.70299e-05][4.13413e-05 3.70299e-05 2.76522e-05]]
weight = 0.00437818 mean = [0.108658 2.51852 -2.97138] covariance = [[0.00120553 -0.000144159 -0.000195711][-0.000144159 0.00199136 5.12361e-05][-0.000195711 5.12361e-05 5.71783e-05]]
weight = 0.000122417 mean = [0.113894 2.60848 -2.97976] covariance = [[0.00268205 -0.000114446 -0.000341539][-0.000114446 0.0041635 1.42535e-05][-0.000341539 1.42535e-05 5.41897e-05]]
weight = 0.00096603 mean = [-10.8956 9.33239 -1.55411] covariance = [[0.000320973 8.34506e-05 -6.99939e-06][8.34506e-05 3.26553e-05 -3.1929e-06][-6.99939e-06 -3.1929e-06 1.08375e-05]]
weight = 0.0309036 mean = [0.1141 2.54054 -2.98591] covariance = [[0.000894216 5.28709e-05 -0.000130372][5.28709e-05 0.000922817 0.000250411][-0.000130372 0.000250411 0.000123711]]
weight = 0.947134 mean = [1.3224 2.88808 -0.494057] covariance = [[17.6078 -2.04059 3.46822][-2.04059 4.05626 0.593909][3.46822 0.593909 7.9927]]
]
2025-05-18 11:55:05 INFO  ren0 [octree.h:535] root weight: 1.496e+06 (1495592.750000)
2025-05-18 11:55:05 INFO  ren0 [octree.h:536] splitting threshold: 1.496e+03 (1495.592773)
2025-05-18 11:55:05 INFO  ren0 [octree.h:535] root weight: 1.658e+05 (165761.125000)
2025-05-18 11:55:05 INFO  ren0 [octree.h:536] splitting threshold: 1.658e+02 (165.761139)
2025-05-18 11:55:05 INFO  ren0 [octree.h:551] node count: 815 -> 934 -> 840

2025-05-18 11:55:05 INFO  ren0 [octree.h:551] node count: 443 -> 460 -> 446

2025-05-18 11:55:05 INFO  ren0 [MIFocalGuidingPathTracer] ITERATION 10, until 110.0 seconds
2025-05-18 11:55:24 INFO  ren0 [MIFocalGuidingPathTracer]   213.45 seconds elapsed, passes this iteration: 1, total passes: 16
2025-05-18 11:55:24 INFO  ren0 [MIFocalGuidingPathTracer] Got 909593 non-zero samples
2025-05-18 11:55:24 INFO  ren0 [gaussian_mixture_model.h:808] Processing mega batch of size 909593
2025-05-18 11:55:24 INFO  ren0 [MIFocalGuidingPathTracer] GMM[
weight = 0.000419629 mean = [0.0941533 2.55991 -2.95829] covariance = [[0.000442122 9.0467e-06 -1.50057e-05][9.0467e-06 0.000296231 2.61146e-05][-1.50057e-05 2.61146e-05 2.10895e-05]]
weight = 0.000419629 mean = [0.123524 2.56155 -2.95923] covariance = [[0.000442122 9.0467e-06 -1.50057e-05][9.0467e-06 0.000296231 2.61146e-05][-1.50057e-05 2.61146e-05 2.10895e-05]]
weight = 0.00152369 mean = [0.0798393 2.38441 -2.97647] covariance = [[0.000177608 0.000188232 -9.66789e-06][0.000188232 0.00115084 -2.25467e-05][-9.66789e-06 -2.25467e-05 1.17067e-05]]
weight = 0.00152369 mean = [0.0887435 2.43208 -2.97746] covariance = [[0.000177608 0.000188232 -9.66789e-06][0.000188232 0.00115084 -2.25467e-05][-9.66789e-06 -2.25467e-05 1.17067e-05]]
weight = 0.996113 mean = [1.69646 1.65201 -2.95201] covariance = [[3.9163 -2.18355 0.0243479][-2.18355 1.29207 0.0157126][0.0243479 0.0157126 0.0263783]]
]
2025-05-18 11:55:24 INFO  ren0 [octree.h:535] root weight: 9.383e+06 (9382524.000000)
2025-05-18 11:55:24 INFO  ren0 [octree.h:536] splitting threshold: 9.383e+03 (9382.524414)
2025-05-18 11:55:24 INFO  ren0 [octree.h:535] root weight: 4.344e+04 (43442.746094)
2025-05-18 11:55:24 INFO  ren0 [octree.h:536] splitting threshold: 4.344e+01 (43.442749)
2025-05-18 11:55:24 INFO  ren0 [octree.h:551] node count: 840 -> 1228 -> 1001

2025-05-18 11:55:24 INFO  ren0 [octree.h:551] node count: 446 -> 446 -> 427

2025-05-18 11:55:24 INFO  ren0 [MIFocalGuidingPathTracer] ITERATION 11, until 120.0 seconds
2025-05-18 11:55:31 INFO  ren0 [MIFocalGuidingPathTracer]   221.07 seconds elapsed, passes this iteration: 1, total passes: 17
2025-05-18 11:55:31 INFO  ren0 [MIFocalGuidingPathTracer] Got 446449 non-zero samples
2025-05-18 11:55:31 INFO  ren0 [gaussian_mixture_model.h:808] Processing mega batch of size 446449
2025-05-18 11:55:32 INFO  ren0 [MIFocalGuidingPathTracer] GMM[
weight = 5.89733e-05 mean = [0.0957505 2.59575 -2.95651] covariance = [[0.000115557 -7.20816e-05 -3.76808e-05][-7.20816e-05 0.000447158 5.25257e-05][-3.76808e-05 5.25257e-05 8.85367e-05]]
weight = 0.105999 mean = [-2.44895 4.06395 -2.94665] covariance = [[0.540223 -0.317824 0.0101579][-0.317824 0.187529 -0.00634598][0.0101579 -0.00634598 0.00122276]]
weight = 0.00105426 mean = [0.152662 2.56771 -2.98234] covariance = [[0.000699508 0.000612892 -2.56355e-05][0.000612892 0.00108085 9.77282e-05][-2.56355e-05 9.77282e-05 0.000127238]]
weight = 0.0871219 mean = [1.4184 1.77422 -2.94855] covariance = [[4.11915 -2.39906 -0.0166024][-2.39906 1.39751 0.00966559][-0.0166024 0.00966559 0.000349596]]
weight = 0.000155641 mean = [0.0817987 2.46374 -2.97475] covariance = [[0.00206083 0.000514305 -0.000172475][0.000514305 0.000814687 -0.000163808][-0.000172475 -0.000163808 0.000125449]]
weight = 0.80561 mean = [2.55361 1.11366 -2.95582] covariance = [[0.0214809 -0.0123184 -0.000144654][-0.0123184 0.00778023 8.27011e-05][-0.000144654 8.27011e-05 0.000630884]]
]
2025-05-18 11:55:32 INFO  ren0 [octree.h:535] root weight: 8.987e+06 (8987106.000000)
2025-05-18 11:55:32 INFO  ren0 [octree.h:536] splitting threshold: 8.987e+03 (8987.106445)
2025-05-18 11:55:32 INFO  ren0 [octree.h:535] root weight: 9.920e+03 (9920.313477)
2025-05-18 11:55:32 INFO  ren0 [octree.h:536] splitting threshold: 9.920e+00 (9.920314)
