2025-03-25 03:35:22 INFO  main [mitsuba.cpp:274] Mitsuba version 0.6.0 (Linux, 64 bit), Copyright (c) 2017 Wenzel Jakob
2025-03-25 03:35:22 INFO  main [mitsuba.cpp:377] Parsing scene description from "../../scenes/modern-hall/modern-hall.xml" ..
2025-03-25 03:35:22 INFO  main [scenehandler.cpp:675] In file "/home/julia/PBRT/PMM_focal_guiding/mitsuba/dist/../../scenes/modern-hall/modern-hall.xml" (near line 20): Parsing included file "pmm_focal_guiding.xml" ..
2025-03-25 03:35:22 INFO  main [PluginManager] Loading plugin "plugins/pmm_focal_guiding.so" ..
2025-03-25 03:35:22 INFO  main [octree.h:482] root weight: 8.000e-20 (0.000000)
2025-03-25 03:35:22 INFO  main [octree.h:483] splitting threshold: 8.000e-23 (0.000000)
2025-03-25 03:35:22 INFO  main [octree.h:498] node count: 1 -> 585 -> 585

2025-03-25 03:35:22 INFO  main [octree.h:482] root weight: 8.000e-20 (0.000000)
2025-03-25 03:35:22 INFO  main [octree.h:483] splitting threshold: 8.000e-23 (0.000000)
2025-03-25 03:35:22 INFO  main [octree.h:498] node count: 1 -> 585 -> 585

2025-03-25 03:35:22 INFO  main [PMMFocalGuidingIntegrator] Saving to: 
2025-03-25 03:35:22 INFO  main [PMMFocalGuidingIntegrator] GMM params: alpha = 0.250000, split_th = 4.000000, merge_th = 0.500000, min_num_comp = 3, max_num_comp = 10, use_k_means = 0
2025-03-25 03:35:22 INFO  main [PMMFocalGuidingIntegrator] iterationCount: 8
2025-03-25 03:35:22 INFO  main [PMMFocalGuidingIntegrator] PMMFocalGuidingIntegrator
  maxDepth = 40,
  rrDepth = 14,
  strictNormals = 1
  gmm = GMM[
]
]
2025-03-25 03:35:22 WARN  main [scenehandler.cpp:795] In file "/home/julia/PBRT/PMM_focal_guiding/mitsuba/dist/../../scenes/modern-hall/../_integrators/pmm_focal_guiding.xml" (near line 49): Unqueried attribute "budget" in element "integrator"
2025-03-25 03:35:22 WARN  main [scenehandler.cpp:795] In file "/home/julia/PBRT/PMM_focal_guiding/mitsuba/dist/../../scenes/modern-hall/../_integrators/pmm_focal_guiding.xml" (near line 49): Unqueried attribute "dumpPrimaryRays" in element "integrator"
2025-03-25 03:35:22 WARN  main [scenehandler.cpp:795] In file "/home/julia/PBRT/PMM_focal_guiding/mitsuba/dist/../../scenes/modern-hall/../_integrators/pmm_focal_guiding.xml" (near line 49): Unqueried attribute "dumpScene" in element "integrator"
2025-03-25 03:35:22 WARN  main [scenehandler.cpp:795] In file "/home/julia/PBRT/PMM_focal_guiding/mitsuba/dist/../../scenes/modern-hall/../_integrators/pmm_focal_guiding.xml" (near line 49): Unqueried attribute "normalBinning" in element "integrator"
2025-03-25 03:35:22 WARN  main [scenehandler.cpp:795] In file "/home/julia/PBRT/PMM_focal_guiding/mitsuba/dist/../../scenes/modern-hall/../_integrators/pmm_focal_guiding.xml" (near line 49): Unqueried attribute "samplingMode" in element "integrator"
2025-03-25 03:35:22 WARN  main [scenehandler.cpp:795] In file "/home/julia/PBRT/PMM_focal_guiding/mitsuba/dist/../../scenes/modern-hall/../_integrators/pmm_focal_guiding.xml" (near line 49): Unqueried attribute "unboundedSplatting" in element "integrator"
2025-03-25 03:35:22 INFO  main [PluginManager] Loading plugin "plugins/independent.so" ..
2025-03-25 03:35:22 INFO  main [PluginManager] Loading plugin "plugins/box.so" ..
2025-03-25 03:35:22 INFO  main [PluginManager] Loading plugin "plugins/hdrfilm.so" ..
2025-03-25 03:35:22 INFO  main [PluginManager] Loading plugin "plugins/perspective.so" ..
2025-03-25 03:35:22 INFO  main [PluginManager] Loading plugin "plugins/dielectric.so" ..
2025-03-25 03:35:22 INFO  main [PluginManager] Loading plugin "plugins/bitmap.so" ..
2025-03-25 03:35:22 INFO  main [BitmapTexture] Loading texture "wood5.jpg"
2025-03-25 03:35:22 INFO  main [MIPMap] Mapped MIP map cache file "/home/julia/PBRT/PMM_focal_guiding/mitsuba/dist/../../scenes/modern-hall/textures/wood5.mip" into memory (14.7 MiB).
2025-03-25 03:35:22 INFO  main [PluginManager] Loading plugin "plugins/roughplastic.so" ..
2025-03-25 03:35:22 INFO  main [PluginManager] Loading plugin "plugins/twosided.so" ..
2025-03-25 03:35:22 INFO  main [BitmapTexture] Loading texture "Tiles.jpg"
2025-03-25 03:35:22 INFO  main [PluginManager] Loading plugin "plugins/lanczos.so" ..
2025-03-25 03:35:22 INFO  main [PluginManager] Loading plugin "plugins/diffuse.so" ..
2025-03-25 03:35:22 INFO  main [BitmapTexture] Loading texture "Wallpaper.jpg"
2025-03-25 03:35:22 INFO  main [PluginManager] Loading plugin "plugins/roughconductor.so" ..
2025-03-25 03:35:22 INFO  main [spectrum.cpp:599] "Cu.eta.spd": loaded a spectral power distribution with 55 entries (between 302.400421 and 885.601257 nm)
2025-03-25 03:35:22 INFO  main [spectrum.cpp:599] "Cu.k.spd": loaded a spectral power distribution with 55 entries (between 302.400421 and 885.601257 nm)
2025-03-25 03:35:22 INFO  main [spectrum.cpp:599] "Cu.eta.spd": loaded a spectral power distribution with 55 entries (between 302.400421 and 885.601257 nm)
2025-03-25 03:35:22 INFO  main [spectrum.cpp:599] "Cu.k.spd": loaded a spectral power distribution with 55 entries (between 302.400421 and 885.601257 nm)
2025-03-25 03:35:22 INFO  main [PluginManager] Loading plugin "plugins/difftrans.so" ..
2025-03-25 03:35:22 INFO  main [PluginManager] Loading plugin "plugins/area.so" ..
2025-03-25 03:35:22 INFO  main [PluginManager] Loading plugin "plugins/rectangle.so" ..
2025-03-25 03:35:22 INFO  main [PluginManager] Loading plugin "plugins/cube.so" ..
2025-03-25 03:35:22 INFO  main [PluginManager] Loading plugin "plugins/obj.so" ..
2025-03-25 03:35:22 INFO  main [WavefrontOBJ] Loading geometry from "Mesh008.obj" ..
2025-03-25 03:35:22 INFO  main [WavefrontOBJ] Mesh008: 5184 triangles, 2664 vertices (merged 12888 vertices).
2025-03-25 03:35:22 INFO  main [WavefrontOBJ] Done with "Mesh008.obj" (took 34 ms)
2025-03-25 03:35:22 INFO  main [WavefrontOBJ] Loading geometry from "Mesh004.obj" ..
2025-03-25 03:35:22 INFO  main [WavefrontOBJ] Mesh004: 5184 triangles, 2664 vertices (merged 12888 vertices).
2025-03-25 03:35:22 INFO  main [WavefrontOBJ] Done with "Mesh004.obj" (took 35 ms)
2025-03-25 03:35:22 INFO  main [WavefrontOBJ] Loading geometry from "Mesh003.obj" ..
2025-03-25 03:35:22 INFO  main [WavefrontOBJ] Mesh003: 5184 triangles, 2664 vertices (merged 12888 vertices).
2025-03-25 03:35:22 INFO  main [WavefrontOBJ] Done with "Mesh003.obj" (took 33 ms)
2025-03-25 03:35:22 INFO  main [WavefrontOBJ] Loading geometry from "Mesh006.obj" ..
2025-03-25 03:35:22 INFO  main [WavefrontOBJ] Mesh006: 5184 triangles, 2664 vertices (merged 12888 vertices).
2025-03-25 03:35:22 INFO  main [WavefrontOBJ] Done with "Mesh006.obj" (took 41 ms)
2025-03-25 03:35:22 INFO  main [WavefrontOBJ] Loading geometry from "Mesh012.obj" ..
2025-03-25 03:35:22 INFO  main [WavefrontOBJ] Mesh012: 444 triangles, 882 vertices (merged 450 vertices).
2025-03-25 03:35:22 INFO  main [WavefrontOBJ] Done with "Mesh012.obj" (took 5 ms)
2025-03-25 03:35:22 INFO  main [WavefrontOBJ] Loading geometry from "Mesh013.obj" ..
2025-03-25 03:35:22 INFO  main [WavefrontOBJ] Mesh013: 5184 triangles, 2664 vertices (merged 12888 vertices).
2025-03-25 03:35:22 INFO  main [WavefrontOBJ] Done with "Mesh013.obj" (took 34 ms)
2025-03-25 03:35:22 INFO  main [WavefrontOBJ] Loading geometry from "Mesh010.obj" ..
2025-03-25 03:35:22 INFO  main [WavefrontOBJ] Mesh010: 32 triangles, 60 vertices (merged 36 vertices).
2025-03-25 03:35:22 INFO  main [WavefrontOBJ] Done with "Mesh010.obj" (took 0 ms)
2025-03-25 03:35:22 INFO  main [WavefrontOBJ] Loading geometry from "Mesh015.obj" ..
2025-03-25 03:35:22 INFO  main [WavefrontOBJ] Mesh015: 32 triangles, 60 vertices (merged 36 vertices).
2025-03-25 03:35:22 INFO  main [WavefrontOBJ] Done with "Mesh015.obj" (took 0 ms)
2025-03-25 03:35:22 INFO  main [WavefrontOBJ] Loading geometry from "Mesh002.obj" ..
2025-03-25 03:35:22 INFO  main [WavefrontOBJ] Mesh002: 32 triangles, 60 vertices (merged 36 vertices).
2025-03-25 03:35:22 INFO  main [WavefrontOBJ] Done with "Mesh002.obj" (took 0 ms)
2025-03-25 03:35:22 INFO  main [WavefrontOBJ] Loading geometry from "Mesh007.obj" ..
2025-03-25 03:35:22 INFO  main [WavefrontOBJ] Mesh007: 32 triangles, 60 vertices (merged 36 vertices).
2025-03-25 03:35:22 INFO  main [WavefrontOBJ] Done with "Mesh007.obj" (took 0 ms)
2025-03-25 03:35:22 INFO  main [WavefrontOBJ] Loading geometry from "Mesh005.obj" ..
2025-03-25 03:35:22 INFO  main [WavefrontOBJ] Mesh005: 12 triangles, 20 vertices (merged 16 vertices).
2025-03-25 03:35:22 INFO  main [WavefrontOBJ] Done with "Mesh005.obj" (took 0 ms)
2025-03-25 03:35:22 INFO  main [WavefrontOBJ] Loading geometry from "Mesh016.obj" ..
2025-03-25 03:35:22 INFO  main [WavefrontOBJ] Mesh016: 120 triangles, 204 vertices (merged 156 vertices).
2025-03-25 03:35:22 INFO  main [WavefrontOBJ] Done with "Mesh016.obj" (took 1 ms)
2025-03-25 03:35:22 INFO  main [WavefrontOBJ] Loading geometry from "Mesh017.obj" ..
2025-03-25 03:35:22 INFO  main [WavefrontOBJ] Mesh017: 20 triangles, 40 vertices (merged 20 vertices).
2025-03-25 03:35:22 INFO  main [WavefrontOBJ] Done with "Mesh017.obj" (took 0 ms)
2025-03-25 03:35:22 INFO  main [WavefrontOBJ] Loading geometry from "Mesh018.obj" ..
2025-03-25 03:35:22 INFO  main [WavefrontOBJ] Mesh018: 2 triangles, 4 vertices (merged 2 vertices).
2025-03-25 03:35:22 INFO  main [WavefrontOBJ] Done with "Mesh018.obj" (took 0 ms)
2025-03-25 03:35:22 INFO  main [WavefrontOBJ] Loading geometry from "Mesh011.obj" ..
2025-03-25 03:35:22 INFO  main [WavefrontOBJ] Mesh011: 32 triangles, 30 vertices (merged 66 vertices).
2025-03-25 03:35:22 INFO  main [WavefrontOBJ] Done with "Mesh011.obj" (took 0 ms)
2025-03-25 03:35:22 INFO  main [PluginManager] Loading plugin "plugins/homogeneous.so" ..
2025-03-25 03:35:22 INFO  main [PluginManager] Loading plugin "plugins/isotropic.so" ..
2025-03-25 03:35:22 INFO  main [WavefrontOBJ] Loading geometry from "Mesh014.obj" ..
2025-03-25 03:35:22 INFO  main [WavefrontOBJ] Mesh014: 36 triangles, 72 vertices (merged 36 vertices).
2025-03-25 03:35:22 INFO  main [WavefrontOBJ] Done with "Mesh014.obj" (took 0 ms)
2025-03-25 03:35:22 INFO  main [WavefrontOBJ] Loading geometry from "Mesh001.obj" ..
2025-03-25 03:35:22 INFO  main [WavefrontOBJ] Mesh001: 924 triangles, 2016 vertices (merged 756 vertices).
2025-03-25 03:35:22 INFO  main [WavefrontOBJ] Done with "Mesh001.obj" (took 15 ms)
2025-03-25 03:35:22 INFO  main [WavefrontOBJ] Loading geometry from "Mesh000.obj" ..
2025-03-25 03:35:22 INFO  main [WavefrontOBJ] Mesh000: 3127 triangles, 2075 vertices (merged 7306 vertices).
2025-03-25 03:35:22 INFO  main [WavefrontOBJ] Done with "Mesh000.obj" (took 36 ms)
2025-03-25 03:35:22 INFO  main [WavefrontOBJ] Loading geometry from "Mesh009.obj" ..
2025-03-25 03:35:22 INFO  main [WavefrontOBJ] Mesh009: 146 triangles, 110 vertices (merged 328 vertices).
2025-03-25 03:35:22 INFO  main [WavefrontOBJ] Done with "Mesh009.obj" (took 1 ms)
2025-03-25 03:35:22 INFO  ren0 [KDTreeBase] Constructing a SAH kd-tree (30963 primitives) ..
2025-03-25 03:35:23 INFO  ren0 [KDTreeBase] Finished -- took 422 ms.
2025-03-25 03:35:23 INFO  ren0 [PMMFocalGuidingIntegrator] Starting preprocess
2025-03-25 03:35:23 INFO  ren0 [octree.h:482] root weight: 8.000e-20 (0.000000)
2025-03-25 03:35:23 INFO  ren0 [octree.h:483] splitting threshold: 8.000e-23 (0.000000)
2025-03-25 03:35:23 INFO  ren0 [octree.h:498] node count: 1 -> 585 -> 585

2025-03-25 03:35:23 INFO  ren0 [octree.h:482] root weight: 4.096e-17 (0.000000)
2025-03-25 03:35:23 INFO  ren0 [octree.h:483] splitting threshold: 4.096e-20 (0.000000)
2025-03-25 03:35:23 INFO  ren0 [octree.h:498] node count: 585 -> 585 -> 585

2025-03-25 03:35:23 INFO  ren0 [octree.h:482] root weight: 8.000e-20 (0.000000)
2025-03-25 03:35:23 INFO  ren0 [octree.h:483] splitting threshold: 8.000e-23 (0.000000)
2025-03-25 03:35:23 INFO  ren0 [octree.h:498] node count: 1 -> 585 -> 585

2025-03-25 03:35:23 INFO  ren0 [octree.h:482] root weight: 4.096e-17 (0.000000)
2025-03-25 03:35:23 INFO  ren0 [octree.h:483] splitting threshold: 4.096e-20 (0.000000)
2025-03-25 03:35:23 INFO  ren0 [octree.h:498] node count: 585 -> 585 -> 585

2025-03-25 03:35:23 INFO  ren0 [PMMFocalGuidingIntegrator] Octree[
AABB: AABB3[min=[-21.7494, -3.70393, -3.09172], max=[7.19249, 11.2965, 6.96201]]
Nodes count: 585
]
2025-03-25 03:35:23 INFO  ren0 [PMMFocalGuidingIntegrator] Octree[
AABB: AABB3[min=[-21.7494, -3.70393, -3.09172], max=[7.19249, 11.2965, 6.96201]]
Nodes count: 585
]
2025-03-25 03:35:23 INFO  ren0 [PMMFocalGuidingIntegrator] GMM[
]
2025-03-25 03:35:23 INFO  ren0 [PMMFocalGuidingIntegrator] Starting training... (8) iterations
2025-03-25 03:35:23 INFO  ren0 [PMMFocalGuidingIntegrator] Rendering 0 iteration
2025-03-25 03:35:23 INFO  ren0 [SamplingIntegrator] Starting render job (1280x720, 4 samples, 8 cores, SSE2 enabled) ..
2025-03-25 03:36:14 INFO  ren0 [PMMFocalGuidingIntegrator] iteration render time: 51.7692s
2025-03-25 03:36:14 INFO  ren0 [PMMFocalGuidingIntegrator] Got 60487 non-zero samples and 0 zero samples
2025-03-25 03:36:14 INFO  ren0 [gaussian_mixture_model.h:520] Start processing batch
2025-03-25 03:36:14 INFO  ren0 [gaussian_mixture_model.h:388] Starting initialization using random value from the first batch
2025-03-25 03:36:14 INFO  ren0 [gaussian_mixture_model.h:401] Initialized using random value from the first batch
2025-03-25 03:36:16 INFO  ren0 [gaussian_mixture_model.h:547] Finish E step
2025-03-25 03:36:17 INFO  ren0 [gaussian_mixture_model.h:194] components before the merge: 10
2025-03-25 03:36:17 INFO  ren0 [gaussian_mixture_model.h:213] components after the merge: 9, merged 1 component
2025-03-25 03:36:17 INFO  ren0 [gaussian_mixture_model.h:231] components after the split: 10, split 1 components
2025-03-25 03:36:17 INFO  ren0 [gaussian_mixture_model.h:559] Finish M step
2025-03-25 03:36:17 INFO  ren0 [octree.h:482] root weight: 1.190e+08 (118980664.000000)
2025-03-25 03:36:17 INFO  ren0 [octree.h:483] splitting threshold: 1.190e+05 (118980.671875)
2025-03-25 03:36:17 INFO  ren0 [octree.h:482] root weight: 1.482e+08 (148235760.000000)
2025-03-25 03:36:17 INFO  ren0 [octree.h:483] splitting threshold: 1.482e+05 (148235.765625)
2025-03-25 03:36:17 INFO  ren0 [octree.h:498] node count: 585 -> 714 -> 535

2025-03-25 03:36:17 INFO  ren0 [octree.h:498] node count: 585 -> 634 -> 396

2025-03-25 03:36:17 INFO  ren0 [PMMFocalGuidingIntegrator] diverge probability: 0.555

2025-03-25 03:36:17 INFO  ren0 [PMMFocalGuidingIntegrator] iteration postprocessing time: 3.0661s
2025-03-25 03:36:17 INFO  ren0 [PMMFocalGuidingIntegrator] GMM[
weight = 0.0989105 mean = [3.84826 5.41578 -0.19531] covariance = [[4.60632 -1.33367 -1.29832][-1.33367 4.36379 -0.16269][-1.29832 -0.16269 3.07919]]
weight = 0.0979634 mean = [1.29129 -1.06692 1.58891] covariance = [[5.56192 0.497593 1.09569][0.497593 3.63356 0.849693][1.09569 0.849693 4.0291]]
weight = 0.0189151 mean = [5.89904 1.46861 -0.867998] covariance = [[0.969783 0.141339 -0.330021][0.141339 2.38533 -0.876151][-0.330021 -0.876151 1.64543]]
weight = 0.164745 mean = [3.11131 0.891394 -1.6354] covariance = [[2.00693 -0.761149 0.919942][-0.761149 1.73458 -0.288371][0.919942 -0.288371 2.91993]]
weight = 0.242865 mean = [-3.62559 4.88613 0.154493] covariance = [[8.84923 1.35573 1.65619][1.35573 9.0886 1.90274][1.65619 1.90274 4.85774]]
weight = 0.058908 mean = [-5.64857 -1.18122 2.46119] covariance = [[6.6269 0.0414784 2.01463][0.0414784 3.02321 0.424257][2.01463 0.424257 5.65002]]
weight = 0.0980716 mean = [-0.258314 2.66209 -1.9208] covariance = [[1.66596 0.320745 0.515939][0.320745 2.12157 -0.088359][0.515939 -0.088359 1.55005]]
weight = 0.0400928 mean = [-12.7873 3.91488 2.59573] covariance = [[11.1395 2.01584 1.10752][2.01584 16.3187 -0.203728][1.10752 -0.203728 13.1765]]
weight = 0.0189151 mean = [6.2595 3.47111 -2.2399] covariance = [[0.969783 0.141339 -0.330021][0.141339 2.38533 -0.876151][-0.330021 -0.876151 1.64543]]
weight = 0.160614 mean = [5.17942 2.4835 3.85407] covariance = [[2.74468 0.195023 0.458722][0.195023 5.66622 0.602359][0.458722 0.602359 3.05798]]
]
2025-03-25 03:36:17 INFO  ren0 [PMMFocalGuidingIntegrator] Octree[
AABB: AABB3[min=[-21.7494, -3.70393, -3.09172], max=[7.19249, 11.2965, 6.96201]]
Nodes count: 535
]
2025-03-25 03:36:17 INFO  ren0 [PMMFocalGuidingIntegrator] Octree[
AABB: AABB3[min=[-21.7494, -3.70393, -3.09172], max=[7.19249, 11.2965, 6.96201]]
Nodes count: 396
]
2025-03-25 03:36:17 INFO  ren0 [PMMFocalGuidingIntegrator] Rendering 1 iteration
2025-03-25 03:36:17 INFO  ren0 [SamplingIntegrator] Starting render job (1280x720, 4 samples, 8 cores, SSE2 enabled) ..
2025-03-25 03:37:06 INFO  ren0 [PMMFocalGuidingIntegrator] iteration render time: 48.2090s
2025-03-25 03:37:06 INFO  ren0 [PMMFocalGuidingIntegrator] Got 74335 non-zero samples and 0 zero samples
2025-03-25 03:37:06 INFO  ren0 [gaussian_mixture_model.h:520] Start processing batch
2025-03-25 03:37:07 INFO  ren0 [gaussian_mixture_model.h:547] Finish E step
2025-03-25 03:37:09 INFO  ren0 [gaussian_mixture_model.h:194] components before the merge: 10
2025-03-25 03:37:09 INFO  ren0 [gaussian_mixture_model.h:213] components after the merge: 9, merged 1 component
2025-03-25 03:37:09 INFO  ren0 [gaussian_mixture_model.h:231] components after the split: 10, split 1 components
2025-03-25 03:37:09 INFO  ren0 [gaussian_mixture_model.h:559] Finish M step
2025-03-25 03:37:09 INFO  ren0 [octree.h:482] root weight: 8.607e+07 (86068280.000000)
2025-03-25 03:37:09 INFO  ren0 [octree.h:483] splitting threshold: 8.607e+04 (86068.281250)
2025-03-25 03:37:09 INFO  ren0 [octree.h:482] root weight: 1.032e+08 (103240384.000000)
2025-03-25 03:37:09 INFO  ren0 [octree.h:483] splitting threshold: 1.032e+05 (103240.390625)
2025-03-25 03:37:09 INFO  ren0 [octree.h:498] node count: 535 -> 550 -> 522

2025-03-25 03:37:09 INFO  ren0 [octree.h:498] node count: 396 -> 411 -> 395

2025-03-25 03:37:09 INFO  ren0 [PMMFocalGuidingIntegrator] diverge probability: 0.545

2025-03-25 03:37:09 INFO  ren0 [PMMFocalGuidingIntegrator] iteration postprocessing time: 3.7491s
2025-03-25 03:37:09 INFO  ren0 [PMMFocalGuidingIntegrator] GMM[
weight = 0.10118 mean = [3.65737 5.05391 -0.14331] covariance = [[4.1239 -1.46844 -0.611975][-1.46844 4.4698 -0.424185][-0.611975 -0.424185 2.61738]]
weight = 0.0922436 mean = [1.23772 -0.776887 1.47541] covariance = [[5.83393 -0.0289337 1.0141][-0.0289337 3.17746 0.496305][1.0141 0.496305 4.44542]]
weight = 0.0192127 mean = [5.96585 3.03371 -1.69942] covariance = [[0.83653 -0.0754241 -0.205049][-0.0754241 1.65217 -0.228801][-0.205049 -0.228801 1.29331]]
weight = 0.181315 mean = [3.0184 0.995024 -1.59946] covariance = [[1.92128 -0.726141 0.6349][-0.726141 1.65408 -0.18603][0.6349 -0.18603 1.96098]]
weight = 0.239709 mean = [-3.45482 4.79742 0.127718] covariance = [[8.98753 1.28628 1.18088][1.28628 8.95455 1.53845][1.18088 1.53845 4.86198]]
weight = 0.0551071 mean = [-5.61801 -0.972023 2.50464] covariance = [[7.88834 0.062051 2.21972][0.062051 2.64078 0.0748679][2.21972 0.0748679 5.73423]]
weight = 0.105104 mean = [-0.158579 2.67653 -1.81215] covariance = [[1.75421 0.0969146 0.375758][0.0969146 2.04001 -0.121849][0.375758 -0.121849 1.24162]]
weight = 0.0385466 mean = [-12.5052 3.94446 2.32485] covariance = [[12.5937 1.92755 1.23584][1.92755 17.6571 -0.660531][1.23584 -0.660531 8.94853]]
weight = 0.0192127 mean = [5.91727 1.3533 -0.861552] covariance = [[0.83653 -0.0754241 -0.205049][-0.0754241 1.65217 -0.228801][-0.205049 -0.228801 1.29331]]
weight = 0.14837 mean = [5.10986 2.40157 3.72118] covariance = [[2.06387 0.105827 0.460047][0.105827 5.385 0.173064][0.460047 0.173064 3.33782]]
]
2025-03-25 03:37:09 INFO  ren0 [PMMFocalGuidingIntegrator] Octree[
AABB: AABB3[min=[-21.7494, -3.70393, -3.09172], max=[7.19249, 11.2965, 6.96201]]
Nodes count: 522
]
2025-03-25 03:37:09 INFO  ren0 [PMMFocalGuidingIntegrator] Octree[
AABB: AABB3[min=[-21.7494, -3.70393, -3.09172], max=[7.19249, 11.2965, 6.96201]]
Nodes count: 395
]
2025-03-25 03:37:09 INFO  ren0 [PMMFocalGuidingIntegrator] Rendering 2 iteration
2025-03-25 03:37:09 INFO  ren0 [SamplingIntegrator] Starting render job (1280x720, 4 samples, 8 cores, SSE2 enabled) ..
2025-03-25 03:37:58 INFO  ren0 [PMMFocalGuidingIntegrator] iteration render time: 48.7872s
2025-03-25 03:37:58 INFO  ren0 [PMMFocalGuidingIntegrator] Got 88538 non-zero samples and 0 zero samples
2025-03-25 03:37:58 INFO  ren0 [gaussian_mixture_model.h:520] Start processing batch
2025-03-25 03:38:00 INFO  ren0 [gaussian_mixture_model.h:547] Finish E step
2025-03-25 03:38:03 INFO  ren0 [gaussian_mixture_model.h:194] components before the merge: 10
2025-03-25 03:38:03 INFO  ren0 [gaussian_mixture_model.h:213] components after the merge: 9, merged 1 component
2025-03-25 03:38:03 INFO  ren0 [gaussian_mixture_model.h:231] components after the split: 10, split 1 components
2025-03-25 03:38:03 INFO  ren0 [gaussian_mixture_model.h:559] Finish M step
2025-03-25 03:38:03 INFO  ren0 [octree.h:482] root weight: 7.407e+07 (74071720.000000)
2025-03-25 03:38:03 INFO  ren0 [octree.h:483] splitting threshold: 7.407e+04 (74071.726562)
2025-03-25 03:38:03 INFO  ren0 [octree.h:482] root weight: 8.381e+07 (83811088.000000)
2025-03-25 03:38:03 INFO  ren0 [octree.h:483] splitting threshold: 8.381e+04 (83811.093750)
2025-03-25 03:38:03 INFO  ren0 [octree.h:498] node count: 522 -> 548 -> 519

2025-03-25 03:38:03 INFO  ren0 [octree.h:498] node count: 395 -> 406 -> 391

2025-03-25 03:38:03 INFO  ren0 [PMMFocalGuidingIntegrator] diverge probability: 0.531

2025-03-25 03:38:03 INFO  ren0 [PMMFocalGuidingIntegrator] iteration postprocessing time: 4.4128s
2025-03-25 03:38:03 INFO  ren0 [PMMFocalGuidingIntegrator] GMM[
weight = 0.0995018 mean = [3.57638 4.84908 -0.107797] covariance = [[4.0261 -1.50712 -0.416935][-1.50712 4.39301 -0.599491][-0.416935 -0.599491 2.50572]]
weight = 0.0914363 mean = [1.1846 -0.689349 1.36686] covariance = [[6.08424 -0.340907 0.9223][-0.340907 2.99697 0.373926][0.9223 0.373926 4.50623]]
weight = 0.0264324 mean = [-6.93713 -0.938667 1.72253] covariance = [[4.80208 0.0805393 0.171651][0.0805393 2.44734 -0.122905][0.171651 -0.122905 4.58581]]
weight = 0.195258 mean = [2.91068 1.04725 -1.73155] covariance = [[1.81535 -0.706934 0.558164][-0.706934 1.51383 -0.174527][0.558164 -0.174527 1.61953]]
weight = 0.23424 mean = [-3.36511 4.74874 0.111332] covariance = [[9.10236 1.30854 1.10821][1.30854 8.86238 1.40195][1.10821 1.40195 4.88701]]
weight = 0.0264324 mean = [-4.19473 -0.924141 3.23011] covariance = [[4.80208 0.0805393 0.171651][0.0805393 2.44734 -0.122905][0.171651 -0.122905 4.58581]]
weight = 0.10932 mean = [-0.177704 2.66639 -1.8481] covariance = [[1.8343 -0.106644 0.308304][-0.106644 1.91053 -0.144945][0.308304 -0.144945 1.10738]]
weight = 0.0373739 mean = [-12.304 3.99432 2.29637] covariance = [[13.4222 1.97129 1.2495][1.97129 17.457 -0.848819][1.2495 -0.848819 8.21231]]
weight = 0.0385346 mean = [5.9136 2.21388 -1.25537] covariance = [[0.764372 -0.204842 -0.119774][-0.204842 2.58353 -0.420156][-0.119774 -0.420156 1.37339]]
weight = 0.141471 mean = [5.12505 2.38045 3.65932] covariance = [[1.80625 0.0594679 0.441251][0.0594679 5.28585 0.0476557][0.441251 0.0476557 3.44183]]
]
2025-03-25 03:38:03 INFO  ren0 [PMMFocalGuidingIntegrator] Octree[
AABB: AABB3[min=[-21.7494, -3.70393, -3.09172], max=[7.19249, 11.2965, 6.96201]]
Nodes count: 519
]
2025-03-25 03:38:03 INFO  ren0 [PMMFocalGuidingIntegrator] Octree[
AABB: AABB3[min=[-21.7494, -3.70393, -3.09172], max=[7.19249, 11.2965, 6.96201]]
Nodes count: 391
]
2025-03-25 03:38:03 INFO  ren0 [PMMFocalGuidingIntegrator] Rendering 3 iteration
2025-03-25 03:38:03 INFO  ren0 [SamplingIntegrator] Starting render job (1280x720, 4 samples, 8 cores, SSE2 enabled) ..
2025-03-25 03:38:51 INFO  ren0 [PMMFocalGuidingIntegrator] iteration render time: 48.8611s
2025-03-25 03:38:51 INFO  ren0 [PMMFocalGuidingIntegrator] Got 105063 non-zero samples and 0 zero samples
2025-03-25 03:38:51 INFO  ren0 [gaussian_mixture_model.h:520] Start processing batch
2025-03-25 03:38:54 INFO  ren0 [gaussian_mixture_model.h:547] Finish E step
2025-03-25 03:38:57 INFO  ren0 [gaussian_mixture_model.h:194] components before the merge: 10
2025-03-25 03:38:57 INFO  ren0 [gaussian_mixture_model.h:213] components after the merge: 9, merged 1 component
2025-03-25 03:38:57 INFO  ren0 [gaussian_mixture_model.h:231] components after the split: 10, split 1 components
2025-03-25 03:38:57 INFO  ren0 [gaussian_mixture_model.h:559] Finish M step
2025-03-25 03:38:57 INFO  ren0 [octree.h:482] root weight: 7.388e+07 (73879232.000000)
2025-03-25 03:38:57 INFO  ren0 [octree.h:483] splitting threshold: 7.388e+04 (73879.234375)
2025-03-25 03:38:57 INFO  ren0 [octree.h:482] root weight: 7.547e+07 (75474440.000000)
2025-03-25 03:38:57 INFO  ren0 [octree.h:483] splitting threshold: 7.547e+04 (75474.445312)
2025-03-25 03:38:57 INFO  ren0 [octree.h:498] node count: 519 -> 563 -> 535

2025-03-25 03:38:57 INFO  ren0 [octree.h:498] node count: 391 -> 404 -> 384

2025-03-25 03:38:57 INFO  ren0 [PMMFocalGuidingIntegrator] diverge probability: 0.505

2025-03-25 03:38:57 INFO  ren0 [PMMFocalGuidingIntegrator] iteration postprocessing time: 5.2062s
2025-03-25 03:38:57 INFO  ren0 [PMMFocalGuidingIntegrator] GMM[
weight = 0.0991192 mean = [3.50642 4.70076 -0.0772212] covariance = [[3.89219 -1.44885 -0.328255][-1.44885 4.28556 -0.732779][-0.328255 -0.732779 2.42603]]
weight = 0.0924499 mean = [1.1632 -0.65448 1.30388] covariance = [[6.14026 -0.542362 0.780492][-0.542362 2.91485 0.279993][0.780492 0.279993 4.50399]]
weight = 0.0191227 mean = [5.7904 3.05887 -1.41255] covariance = [[0.713917 -0.118868 -0.102527][-0.118868 1.46645 -0.0579939][-0.102527 -0.0579939 1.27211]]
weight = 0.213308 mean = [2.80346 1.10038 -1.87639] covariance = [[1.65462 -0.647371 0.502001][-0.647371 1.3123 -0.15596][0.502001 -0.15596 1.39446]]
weight = 0.22397 mean = [-3.28487 4.73069 0.0943182] covariance = [[9.34068 1.32777 1.13448][1.32777 8.83431 1.33493][1.13448 1.33493 4.87212]]
weight = 0.0486774 mean = [-5.45089 -0.913804 2.45077] covariance = [[7.45543 0.106634 1.38945][0.106634 2.36188 -0.221596][1.38945 -0.221596 5.40251]]
weight = 0.113552 mean = [-0.203325 2.6592 -1.90231] covariance = [[1.92744 -0.29054 0.280862][-0.29054 1.76985 -0.161502][0.280862 -0.161502 1.02182]]
weight = 0.0358809 mean = [-12.1608 4.03943 2.2583] covariance = [[13.9416 1.9319 1.25412][1.9319 17.1926 -0.727886][1.25412 -0.727886 8.0098]]
weight = 0.0191227 mean = [6.00164 1.37831 -1.06972] covariance = [[0.713917 -0.118868 -0.102527][-0.118868 1.46645 -0.0579939][-0.102527 -0.0579939 1.27211]]
weight = 0.134798 mean = [5.14324 2.36741 3.60589] covariance = [[1.67688 0.026023 0.446833][0.026023 5.21361 -0.000903419][0.446833 -0.000903419 3.52859]]
]
2025-03-25 03:38:57 INFO  ren0 [PMMFocalGuidingIntegrator] Octree[
AABB: AABB3[min=[-21.7494, -3.70393, -3.09172], max=[7.19249, 11.2965, 6.96201]]
Nodes count: 535
]
2025-03-25 03:38:57 INFO  ren0 [PMMFocalGuidingIntegrator] Octree[
AABB: AABB3[min=[-21.7494, -3.70393, -3.09172], max=[7.19249, 11.2965, 6.96201]]
Nodes count: 384
]
2025-03-25 03:38:57 INFO  ren0 [PMMFocalGuidingIntegrator] Rendering 4 iteration
2025-03-25 03:38:57 INFO  ren0 [SamplingIntegrator] Starting render job (1280x720, 4 samples, 8 cores, SSE2 enabled) ..
2025-03-25 03:39:48 INFO  ren0 [PMMFocalGuidingIntegrator] iteration render time: 50.9062s
2025-03-25 03:39:48 INFO  ren0 [PMMFocalGuidingIntegrator] Got 125194 non-zero samples and 0 zero samples
2025-03-25 03:39:48 INFO  ren0 [gaussian_mixture_model.h:520] Start processing batch
2025-03-25 03:39:50 INFO  ren0 [gaussian_mixture_model.h:547] Finish E step
2025-03-25 03:39:54 INFO  ren0 [gaussian_mixture_model.h:194] components before the merge: 10
2025-03-25 03:39:54 INFO  ren0 [gaussian_mixture_model.h:213] components after the merge: 9, merged 1 component
2025-03-25 03:39:54 INFO  ren0 [gaussian_mixture_model.h:231] components after the split: 9, split 0 components
2025-03-25 03:39:54 INFO  ren0 [gaussian_mixture_model.h:559] Finish M step
2025-03-25 03:39:54 INFO  ren0 [octree.h:482] root weight: 8.464e+07 (84643440.000000)
2025-03-25 03:39:54 INFO  ren0 [octree.h:483] splitting threshold: 8.464e+04 (84643.445312)
2025-03-25 03:39:54 INFO  ren0 [octree.h:482] root weight: 8.148e+07 (81483960.000000)
2025-03-25 03:39:54 INFO  ren0 [octree.h:483] splitting threshold: 8.148e+04 (81483.960938)
2025-03-25 03:39:54 INFO  ren0 [octree.h:498] node count: 535 -> 574 -> 557

2025-03-25 03:39:54 INFO  ren0 [octree.h:498] node count: 384 -> 396 -> 381

2025-03-25 03:39:54 INFO  ren0 [PMMFocalGuidingIntegrator] diverge probability: 0.490

2025-03-25 03:39:54 INFO  ren0 [PMMFocalGuidingIntegrator] iteration postprocessing time: 6.5452s
2025-03-25 03:39:54 INFO  ren0 [PMMFocalGuidingIntegrator] GMM[
weight = 0.0979447 mean = [3.45567 4.57069 -0.0641142] covariance = [[3.76411 -1.33955 -0.300815][-1.33955 4.16921 -0.826344][-0.300815 -0.826344 2.37913]]
weight = 0.0949652 mean = [1.15794 -0.610645 1.22538] covariance = [[6.19418 -0.740016 0.596845][-0.740016 2.82619 0.231414][0.596845 0.231414 4.42913]]
weight = 0.229278 mean = [2.70508 1.13873 -2.01376] covariance = [[1.50612 -0.595221 0.445443][-0.595221 1.11952 -0.138801][0.445443 -0.138801 1.21565]]
weight = 0.213949 mean = [-3.22808 4.68664 0.0744098] covariance = [[9.47219 1.28081 1.13534][1.28081 8.7691 1.25147][1.13534 1.25147 4.82073]]
weight = 0.0458866 mean = [-5.35168 -0.890327 2.44114] covariance = [[8.13617 0.156495 1.54512][0.156495 2.33379 -0.272465][1.54512 -0.272465 5.55994]]
weight = 0.119638 mean = [-0.246889 2.64899 -1.96328] covariance = [[2.00076 -0.450394 0.270395][-0.450394 1.6585 -0.189736][0.270395 -0.189736 0.958209]]
weight = 0.0342471 mean = [-11.9918 4.07463 2.29302] covariance = [[14.464 1.88971 1.34668][1.88971 16.9341 -0.641233][1.34668 -0.641233 7.92792]]
weight = 0.0369463 mean = [5.87695 2.26502 -1.24495] covariance = [[0.723457 -0.288005 -0.0467593][-0.288005 2.51908 -0.1799][-0.0467593 -0.1799 1.27407]]
weight = 0.127145 mean = [5.15447 2.34145 3.56744] covariance = [[1.59141 0.00202612 0.452838][0.00202612 5.16758 -0.00426523][0.452838 -0.00426523 3.62432]]
]
2025-03-25 03:39:54 INFO  ren0 [PMMFocalGuidingIntegrator] Octree[
AABB: AABB3[min=[-21.7494, -3.70393, -3.09172], max=[7.19249, 11.2965, 6.96201]]
Nodes count: 557
]
2025-03-25 03:39:54 INFO  ren0 [PMMFocalGuidingIntegrator] Octree[
AABB: AABB3[min=[-21.7494, -3.70393, -3.09172], max=[7.19249, 11.2965, 6.96201]]
Nodes count: 381
]
2025-03-25 03:39:54 INFO  ren0 [PMMFocalGuidingIntegrator] Rendering 5 iteration
2025-03-25 03:39:54 INFO  ren0 [SamplingIntegrator] Starting render job (1280x720, 4 samples, 8 cores, SSE2 enabled) ..
2025-03-25 03:40:45 INFO  ren0 [PMMFocalGuidingIntegrator] iteration render time: 50.4702s
2025-03-25 03:40:45 INFO  ren0 [PMMFocalGuidingIntegrator] Got 146283 non-zero samples and 0 zero samples
2025-03-25 03:40:45 INFO  ren0 [gaussian_mixture_model.h:520] Start processing batch
2025-03-25 03:40:47 INFO  ren0 [gaussian_mixture_model.h:547] Finish E step
2025-03-25 03:40:51 INFO  ren0 [gaussian_mixture_model.h:194] components before the merge: 9
2025-03-25 03:40:51 INFO  ren0 [gaussian_mixture_model.h:213] components after the merge: 8, merged 1 component
2025-03-25 03:40:51 INFO  ren0 [gaussian_mixture_model.h:231] components after the split: 10, split 2 components
2025-03-25 03:40:51 INFO  ren0 [gaussian_mixture_model.h:559] Finish M step
2025-03-25 03:40:51 INFO  ren0 [octree.h:482] root weight: 9.445e+07 (94449696.000000)
2025-03-25 03:40:51 INFO  ren0 [octree.h:483] splitting threshold: 9.445e+04 (94449.703125)
2025-03-25 03:40:51 INFO  ren0 [octree.h:482] root weight: 8.327e+07 (83269824.000000)
2025-03-25 03:40:51 INFO  ren0 [octree.h:483] splitting threshold: 8.327e+04 (83269.828125)
2025-03-25 03:40:51 INFO  ren0 [octree.h:498] node count: 557 -> 582 -> 577

2025-03-25 03:40:51 INFO  ren0 [octree.h:498] node count: 381 -> 387 -> 371

2025-03-25 03:40:51 INFO  ren0 [PMMFocalGuidingIntegrator] diverge probability: 0.469

2025-03-25 03:40:51 INFO  ren0 [PMMFocalGuidingIntegrator] iteration postprocessing time: 6.6066s
2025-03-25 03:40:51 INFO  ren0 [PMMFocalGuidingIntegrator] GMM[
weight = 0.0216763 mean = [-6.67852 -0.891833 1.81973] covariance = [[4.74833 0.16699 -0.0774397][0.16699 2.30984 -0.326487][-0.0774397 -0.326487 4.90181]]
weight = 0.096786 mean = [1.17413 -0.575029 1.15448] covariance = [[6.22354 -0.888259 0.447927][-0.888259 2.76464 0.193434][0.447927 0.193434 4.34337]]
weight = 0.0668423 mean = [3.2352 4.79622 -0.247603] covariance = [[2.63236 -0.467897 -0.582627][-0.467897 2.88252 -0.391947][-0.582627 -0.391947 2.28597]]
weight = 0.243158 mean = [2.62751 1.17034 -2.13675] covariance = [[1.3553 -0.536021 0.384756][-0.536021 0.93948 -0.11679][0.384756 -0.11679 1.05323]]
weight = 0.204196 mean = [-3.1687 4.65811 0.0684607] covariance = [[9.58996 1.26092 1.14319][1.26092 8.71156 1.19714][1.14319 1.19714 4.76159]]
weight = 0.0216763 mean = [-3.86293 -0.862851 3.04621] covariance = [[4.74833 0.16699 -0.0774397][0.16699 2.30984 -0.326487][-0.0774397 -0.326487 4.90181]]
weight = 0.1248 mean = [-0.293593 2.6557 -2.02006] covariance = [[2.07411 -0.59267 0.27107][-0.59267 1.56815 -0.217596][0.27107 -0.217596 0.905596]]
weight = 0.0326215 mean = [-11.8333 4.10953 2.36703] covariance = [[14.9862 1.96703 1.42361][1.96703 16.7022 -0.548785][1.42361 -0.548785 7.83876]]
weight = 0.0668423 mean = [4.91553 2.89652 -0.491789] covariance = [[2.63236 -0.467897 -0.582627][-0.467897 2.88252 -0.391947][-0.582627 -0.391947 2.28597]]
weight = 0.121401 mean = [5.16708 2.32679 3.53222] covariance = [[1.53116 -0.00662948 0.449352][-0.00662948 5.10289 0.00687507][0.449352 0.00687507 3.69287]]
]
2025-03-25 03:40:51 INFO  ren0 [PMMFocalGuidingIntegrator] Octree[
AABB: AABB3[min=[-21.7494, -3.70393, -3.09172], max=[7.19249, 11.2965, 6.96201]]
Nodes count: 577
]
2025-03-25 03:40:51 INFO  ren0 [PMMFocalGuidingIntegrator] Octree[
AABB: AABB3[min=[-21.7494, -3.70393, -3.09172], max=[7.19249, 11.2965, 6.96201]]
Nodes count: 371
]
2025-03-25 03:40:51 INFO  ren0 [PMMFocalGuidingIntegrator] Rendering 6 iteration
2025-03-25 03:40:51 INFO  ren0 [SamplingIntegrator] Starting render job (1280x720, 4 samples, 8 cores, SSE2 enabled) ..
2025-03-25 03:41:45 INFO  ren0 [PMMFocalGuidingIntegrator] iteration render time: 53.9998s
2025-03-25 03:41:45 INFO  ren0 [PMMFocalGuidingIntegrator] Got 172462 non-zero samples and 0 zero samples
2025-03-25 03:41:45 INFO  ren0 [gaussian_mixture_model.h:520] Start processing batch
2025-03-25 03:41:49 INFO  ren0 [gaussian_mixture_model.h:547] Finish E step
2025-03-25 03:41:54 INFO  ren0 [gaussian_mixture_model.h:194] components before the merge: 10
2025-03-25 03:41:54 INFO  ren0 [gaussian_mixture_model.h:213] components after the merge: 8, merged 2 component
2025-03-25 03:41:54 INFO  ren0 [gaussian_mixture_model.h:231] components after the split: 8, split 0 components
2025-03-25 03:41:54 INFO  ren0 [gaussian_mixture_model.h:559] Finish M step
2025-03-25 03:41:54 INFO  ren0 [octree.h:482] root weight: 1.168e+08 (116770184.000000)
2025-03-25 03:41:54 INFO  ren0 [octree.h:483] splitting threshold: 1.168e+05 (116770.187500)
2025-03-25 03:41:54 INFO  ren0 [octree.h:482] root weight: 8.987e+07 (89867104.000000)
2025-03-25 03:41:54 INFO  ren0 [octree.h:483] splitting threshold: 8.987e+04 (89867.109375)
2025-03-25 03:41:54 INFO  ren0 [octree.h:498] node count: 577 -> 586 -> 581

2025-03-25 03:41:54 INFO  ren0 [octree.h:498] node count: 371 -> 372 -> 357

2025-03-25 03:41:54 INFO  ren0 [PMMFocalGuidingIntegrator] diverge probability: 0.435

2025-03-25 03:41:54 INFO  ren0 [PMMFocalGuidingIntegrator] iteration postprocessing time: 8.7369s
2025-03-25 03:41:54 INFO  ren0 [PMMFocalGuidingIntegrator] GMM[
weight = 0.0990546 mean = [1.2272 -0.550125 1.08533] covariance = [[6.25227 -1.01097 0.241237][-1.01097 2.7121 0.165623][0.241237 0.165623 4.30918]]
weight = 0.258152 mean = [2.57706 1.18219 -2.25217] covariance = [[1.22592 -0.487466 0.319335][-0.487466 0.777157 -0.0928119][0.319335 -0.0928119 0.896364]]
weight = 0.195527 mean = [-3.08638 4.67269 0.0501064] covariance = [[9.75416 1.33325 1.13512][1.33325 8.70135 1.07886][1.13512 1.07886 4.65658]]
weight = 0.0400669 mean = [-5.18672 -0.864827 2.41584] covariance = [[7.30643 0.232014 0.927509][0.232014 2.29218 -0.363158][0.927509 -0.363158 5.44691]]
weight = 0.128271 mean = [-0.336788 2.66734 -2.0672] covariance = [[2.13553 -0.727831 0.272389][-0.727831 1.50344 -0.241251][0.272389 -0.241251 0.862015]]
weight = 0.0311026 mean = [-11.714 4.12279 2.40442] covariance = [[15.3691 2.04707 1.46636][2.04707 16.7075 -0.300503][1.46636 -0.300503 7.72222]]
weight = 0.132048 mean = [4.06107 3.69996 -0.353326] covariance = [[3.35336 -1.28714 -0.709207][-1.28714 3.75378 -0.22974][-0.709207 -0.22974 2.23958]]
weight = 0.115777 mean = [5.1847 2.30586 3.51052] covariance = [[1.48783 -0.0118517 0.415975][-0.0118517 5.02471 0.0361421][0.415975 0.0361421 3.75374]]
]
2025-03-25 03:41:54 INFO  ren0 [PMMFocalGuidingIntegrator] Octree[
AABB: AABB3[min=[-21.7494, -3.70393, -3.09172], max=[7.19249, 11.2965, 6.96201]]
Nodes count: 581
]
2025-03-25 03:41:54 INFO  ren0 [PMMFocalGuidingIntegrator] Octree[
AABB: AABB3[min=[-21.7494, -3.70393, -3.09172], max=[7.19249, 11.2965, 6.96201]]
Nodes count: 357
]
2025-03-25 03:41:54 INFO  ren0 [PMMFocalGuidingIntegrator] Rendering 7 iteration
2025-03-25 03:41:54 INFO  ren0 [SamplingIntegrator] Starting render job (1280x720, 4 samples, 8 cores, SSE2 enabled) ..
2025-03-25 03:42:46 INFO  ren0 [PMMFocalGuidingIntegrator] iteration render time: 52.1478s
2025-03-25 03:42:46 INFO  ren0 [PMMFocalGuidingIntegrator] Got 200473 non-zero samples and 0 zero samples
2025-03-25 03:42:46 INFO  ren0 [gaussian_mixture_model.h:520] Start processing batch
2025-03-25 03:42:49 INFO  ren0 [gaussian_mixture_model.h:547] Finish E step
2025-03-25 03:42:54 INFO  ren0 [gaussian_mixture_model.h:194] components before the merge: 8
2025-03-25 03:42:54 INFO  ren0 [gaussian_mixture_model.h:213] components after the merge: 7, merged 1 component
2025-03-25 03:42:54 INFO  ren0 [gaussian_mixture_model.h:231] components after the split: 8, split 1 components
2025-03-25 03:42:54 INFO  ren0 [gaussian_mixture_model.h:559] Finish M step
2025-03-25 03:42:54 INFO  ren0 [octree.h:482] root weight: 1.257e+08 (125651936.000000)
2025-03-25 03:42:54 INFO  ren0 [octree.h:483] splitting threshold: 1.257e+05 (125651.945312)
2025-03-25 03:42:54 INFO  ren0 [octree.h:482] root weight: 9.718e+07 (97178656.000000)
2025-03-25 03:42:54 INFO  ren0 [octree.h:483] splitting threshold: 9.718e+04 (97178.664062)
2025-03-25 03:42:54 INFO  ren0 [octree.h:498] node count: 581 -> 586 -> 581

2025-03-25 03:42:54 INFO  ren0 [octree.h:498] node count: 357 -> 360 -> 353

2025-03-25 03:42:54 INFO  ren0 [PMMFocalGuidingIntegrator] diverge probability: 0.436

2025-03-25 03:42:54 INFO  ren0 [PMMFocalGuidingIntegrator] iteration postprocessing time: 8.0377s
2025-03-25 03:42:54 INFO  ren0 [PMMFocalGuidingIntegrator] GMM[
weight = 0.200404 mean = [0.674072 2.18508 -2.3071] covariance = [[1.7398 -0.654366 0.0473857][-0.654366 0.9215 -0.0192779][0.0473857 -0.0192779 0.787074]]
weight = 0.101241 mean = [1.274 -0.523228 1.01383] covariance = [[6.23839 -1.08848 0.0821776][-1.08848 2.6661 0.137492][0.0821776 0.137492 4.26504]]
weight = 0.18776 mean = [-3.01862 4.67361 0.0231178] covariance = [[9.89048 1.32687 1.12717][1.32687 8.6302 0.958047][1.12717 0.958047 4.56249]]
weight = 0.0374382 mean = [-5.10983 -0.85905 2.40291] covariance = [[7.88282 0.261321 1.04919][0.261321 2.27211 -0.400464][1.04919 -0.400464 5.56809]]
weight = 0.200404 mean = [2.46733 1.19175 -2.22805] covariance = [[1.7398 -0.654366 0.0473857][-0.654366 0.9215 -0.0192779][0.0473857 -0.0192779 0.787074]]
weight = 0.0297725 mean = [-11.6091 4.15168 2.44235] covariance = [[15.8102 2.1011 1.52774][2.1011 16.5782 -0.153275][1.52774 -0.153275 7.59849]]
