2025-05-18 21:04:28 INFO  main [mitsuba.cpp:274] Mitsuba version 0.6.0 (Linux, 64 bit), Copyright (c) 2017 Wenzel Jakob
2025-05-18 21:04:28 INFO  main [mitsuba.cpp:377] Parsing scene description from "scene/modern-hall/modern-hall.xml" ..
2025-05-18 21:04:28 INFO  main [scenehandler.cpp:675] In file "/mitsuba/scene/modern-hall/modern-hall.xml" (near line 20): Parsing included file "pmm_focal_recursive.xml" ..
2025-05-18 21:04:28 INFO  main [PluginManager] Loading plugin "plugins/pmm_focal_recursive.so" ..
2025-05-18 21:04:28 INFO  main [octree.h:535] root weight: 8.000e-20 (0.000000)
2025-05-18 21:04:28 INFO  main [octree.h:536] splitting threshold: 8.000e-23 (0.000000)
2025-05-18 21:04:28 INFO  main [octree.h:551] node count: 1 -> 585 -> 585

2025-05-18 21:04:28 INFO  main [octree.h:535] root weight: 8.000e-20 (0.000000)
2025-05-18 21:04:28 INFO  main [octree.h:536] splitting threshold: 8.000e-23 (0.000000)
2025-05-18 21:04:28 INFO  main [octree.h:551] node count: 1 -> 585 -> 585

2025-05-18 21:04:28 INFO  main [MIFocalGuidingPathTracer] budget: 600
2025-05-18 21:04:28 INFO  main [MIFocalGuidingPathTracer] dumpPrimaryRays: false
2025-05-18 21:04:28 INFO  main [MIFocalGuidingPathTracer] dumpScene: false
2025-05-18 21:04:28 INFO  main [MIFocalGuidingPathTracer] gmm.alpha: 0.4
2025-05-18 21:04:28 INFO  main [MIFocalGuidingPathTracer] gmm.initMethod: KMeans
2025-05-18 21:04:28 INFO  main [MIFocalGuidingPathTracer] gmm.maxNumComp: 10
2025-05-18 21:04:28 INFO  main [MIFocalGuidingPathTracer] gmm.mergingThreshold: 0.9
2025-05-18 21:04:28 INFO  main [MIFocalGuidingPathTracer] gmm.minNumComp: 3
2025-05-18 21:04:28 INFO  main [MIFocalGuidingPathTracer] gmm.splittingThreshold: 100
2025-05-18 21:04:28 INFO  main [MIFocalGuidingPathTracer] iterationBudget: 10
2025-05-18 21:04:28 INFO  main [MIFocalGuidingPathTracer] iterationCount: 15
2025-05-18 21:04:28 INFO  main [MIFocalGuidingPathTracer] maxDepth: 40
2025-05-18 21:04:28 INFO  main [MIFocalGuidingPathTracer] minSamplesToStartFitting: 128
2025-05-18 21:04:28 INFO  main [MIFocalGuidingPathTracer] normalBinning: disabled
2025-05-18 21:04:28 INFO  main [MIFocalGuidingPathTracer] renderMaxSeconds: 36000
2025-05-18 21:04:28 INFO  main [MIFocalGuidingPathTracer] rrDepth: 14
2025-05-18 21:04:28 INFO  main [MIFocalGuidingPathTracer] samplingMode: 2
2025-05-18 21:04:28 INFO  main [MIFocalGuidingPathTracer] strictNormals: true
2025-05-18 21:04:28 INFO  main [MIFocalGuidingPathTracer] trainingSamples: 4
2025-05-18 21:04:28 INFO  main [MIFocalGuidingPathTracer] tree.threshold: 0.001
2025-05-18 21:04:28 INFO  main [MIFocalGuidingPathTracer] unboundedSplatting: true
2025-05-18 21:04:28 INFO  main [PluginManager] Loading plugin "plugins/independent.so" ..
2025-05-18 21:04:28 INFO  main [PluginManager] Loading plugin "plugins/box.so" ..
2025-05-18 21:04:28 INFO  main [PluginManager] Loading plugin "plugins/hdrfilm.so" ..
2025-05-18 21:04:28 INFO  main [PluginManager] Loading plugin "plugins/perspective.so" ..
2025-05-18 21:04:28 INFO  main [PluginManager] Loading plugin "plugins/dielectric.so" ..
2025-05-18 21:04:28 INFO  main [PluginManager] Loading plugin "plugins/bitmap.so" ..
2025-05-18 21:04:28 INFO  main [BitmapTexture] Loading texture "wood5.jpg"
2025-05-18 21:04:28 INFO  main [PluginManager] Loading plugin "plugins/lanczos.so" ..
2025-05-18 21:04:28 INFO  main [MIPMap] Generating MIP map cache file "/mitsuba/scene/modern-hall/textures/wood5.mip" ..
2025-05-18 21:04:28 INFO  main [PluginManager] Loading plugin "plugins/roughplastic.so" ..
2025-05-18 21:04:28 INFO  main [PluginManager] Loading plugin "plugins/twosided.so" ..
2025-05-18 21:04:28 INFO  main [BitmapTexture] Loading texture "Tiles.jpg"
2025-05-18 21:04:28 INFO  main [PluginManager] Loading plugin "plugins/diffuse.so" ..
2025-05-18 21:04:28 INFO  main [BitmapTexture] Loading texture "Wallpaper.jpg"
2025-05-18 21:04:28 INFO  main [PluginManager] Loading plugin "plugins/roughconductor.so" ..
2025-05-18 21:04:28 INFO  main [spectrum.cpp:599] "Cu.eta.spd": loaded a spectral power distribution with 55 entries (between 302.400421 and 885.601257 nm)
2025-05-18 21:04:28 INFO  main [spectrum.cpp:599] "Cu.k.spd": loaded a spectral power distribution with 55 entries (between 302.400421 and 885.601257 nm)
2025-05-18 21:04:28 INFO  main [spectrum.cpp:599] "Cu.eta.spd": loaded a spectral power distribution with 55 entries (between 302.400421 and 885.601257 nm)
2025-05-18 21:04:28 INFO  main [spectrum.cpp:599] "Cu.k.spd": loaded a spectral power distribution with 55 entries (between 302.400421 and 885.601257 nm)
2025-05-18 21:04:28 INFO  main [PluginManager] Loading plugin "plugins/difftrans.so" ..
2025-05-18 21:04:28 INFO  main [PluginManager] Loading plugin "plugins/area.so" ..
2025-05-18 21:04:28 INFO  main [PluginManager] Loading plugin "plugins/rectangle.so" ..
2025-05-18 21:04:28 INFO  main [PluginManager] Loading plugin "plugins/cube.so" ..
2025-05-18 21:04:28 INFO  main [PluginManager] Loading plugin "plugins/obj.so" ..
2025-05-18 21:04:28 INFO  main [WavefrontOBJ] Loading geometry from "Mesh008.obj" ..
2025-05-18 21:04:28 INFO  main [WavefrontOBJ] Mesh008: 5184 triangles, 2664 vertices (merged 12888 vertices).
2025-05-18 21:04:28 INFO  main [WavefrontOBJ] Done with "Mesh008.obj" (took 12 ms)
2025-05-18 21:04:28 INFO  main [WavefrontOBJ] Loading geometry from "Mesh004.obj" ..
2025-05-18 21:04:28 INFO  main [WavefrontOBJ] Mesh004: 5184 triangles, 2664 vertices (merged 12888 vertices).
2025-05-18 21:04:28 INFO  main [WavefrontOBJ] Done with "Mesh004.obj" (took 10 ms)
2025-05-18 21:04:28 INFO  main [WavefrontOBJ] Loading geometry from "Mesh003.obj" ..
2025-05-18 21:04:28 INFO  main [WavefrontOBJ] Mesh003: 5184 triangles, 2664 vertices (merged 12888 vertices).
2025-05-18 21:04:28 INFO  main [WavefrontOBJ] Done with "Mesh003.obj" (took 11 ms)
2025-05-18 21:04:28 INFO  main [WavefrontOBJ] Loading geometry from "Mesh006.obj" ..
2025-05-18 21:04:28 INFO  main [WavefrontOBJ] Mesh006: 5184 triangles, 2664 vertices (merged 12888 vertices).
2025-05-18 21:04:28 INFO  main [WavefrontOBJ] Done with "Mesh006.obj" (took 11 ms)
2025-05-18 21:04:28 INFO  main [WavefrontOBJ] Loading geometry from "Mesh012.obj" ..
2025-05-18 21:04:28 INFO  main [WavefrontOBJ] Mesh012: 444 triangles, 882 vertices (merged 450 vertices).
2025-05-18 21:04:28 INFO  main [WavefrontOBJ] Done with "Mesh012.obj" (took 2 ms)
2025-05-18 21:04:28 INFO  main [WavefrontOBJ] Loading geometry from "Mesh013.obj" ..
2025-05-18 21:04:28 INFO  main [WavefrontOBJ] Mesh013: 5184 triangles, 2664 vertices (merged 12888 vertices).
2025-05-18 21:04:28 INFO  main [WavefrontOBJ] Done with "Mesh013.obj" (took 11 ms)
2025-05-18 21:04:28 INFO  main [WavefrontOBJ] Loading geometry from "Mesh010.obj" ..
2025-05-18 21:04:28 INFO  main [WavefrontOBJ] Mesh010: 32 triangles, 60 vertices (merged 36 vertices).
2025-05-18 21:04:28 INFO  main [WavefrontOBJ] Done with "Mesh010.obj" (took 0 ms)
2025-05-18 21:04:28 INFO  main [WavefrontOBJ] Loading geometry from "Mesh015.obj" ..
2025-05-18 21:04:28 INFO  main [WavefrontOBJ] Mesh015: 32 triangles, 60 vertices (merged 36 vertices).
2025-05-18 21:04:28 INFO  main [WavefrontOBJ] Done with "Mesh015.obj" (took 0 ms)
2025-05-18 21:04:28 INFO  main [WavefrontOBJ] Loading geometry from "Mesh002.obj" ..
2025-05-18 21:04:28 INFO  main [WavefrontOBJ] Mesh002: 32 triangles, 60 vertices (merged 36 vertices).
2025-05-18 21:04:28 INFO  main [WavefrontOBJ] Done with "Mesh002.obj" (took 0 ms)
2025-05-18 21:04:28 INFO  main [WavefrontOBJ] Loading geometry from "Mesh007.obj" ..
2025-05-18 21:04:28 INFO  main [WavefrontOBJ] Mesh007: 32 triangles, 60 vertices (merged 36 vertices).
2025-05-18 21:04:28 INFO  main [WavefrontOBJ] Done with "Mesh007.obj" (took 0 ms)
2025-05-18 21:04:28 INFO  main [WavefrontOBJ] Loading geometry from "Mesh005.obj" ..
2025-05-18 21:04:28 INFO  main [WavefrontOBJ] Mesh005: 12 triangles, 20 vertices (merged 16 vertices).
2025-05-18 21:04:28 INFO  main [WavefrontOBJ] Done with "Mesh005.obj" (took 0 ms)
2025-05-18 21:04:28 INFO  main [WavefrontOBJ] Loading geometry from "Mesh016.obj" ..
2025-05-18 21:04:28 INFO  main [WavefrontOBJ] Mesh016: 120 triangles, 204 vertices (merged 156 vertices).
2025-05-18 21:04:28 INFO  main [WavefrontOBJ] Done with "Mesh016.obj" (took 0 ms)
2025-05-18 21:04:28 INFO  main [WavefrontOBJ] Loading geometry from "Mesh017.obj" ..
2025-05-18 21:04:28 INFO  main [WavefrontOBJ] Mesh017: 20 triangles, 40 vertices (merged 20 vertices).
2025-05-18 21:04:28 INFO  main [WavefrontOBJ] Done with "Mesh017.obj" (took 0 ms)
2025-05-18 21:04:28 INFO  main [WavefrontOBJ] Loading geometry from "Mesh018.obj" ..
2025-05-18 21:04:28 INFO  main [WavefrontOBJ] Mesh018: 2 triangles, 4 vertices (merged 2 vertices).
2025-05-18 21:04:28 INFO  main [WavefrontOBJ] Done with "Mesh018.obj" (took 0 ms)
2025-05-18 21:04:28 INFO  main [WavefrontOBJ] Loading geometry from "Mesh011.obj" ..
2025-05-18 21:04:28 INFO  main [WavefrontOBJ] Mesh011: 32 triangles, 30 vertices (merged 66 vertices).
2025-05-18 21:04:28 INFO  main [WavefrontOBJ] Done with "Mesh011.obj" (took 0 ms)
2025-05-18 21:04:28 INFO  main [PluginManager] Loading plugin "plugins/homogeneous.so" ..
2025-05-18 21:04:28 INFO  main [PluginManager] Loading plugin "plugins/isotropic.so" ..
2025-05-18 21:04:28 INFO  main [WavefrontOBJ] Loading geometry from "Mesh014.obj" ..
2025-05-18 21:04:28 INFO  main [WavefrontOBJ] Mesh014: 36 triangles, 72 vertices (merged 36 vertices).
2025-05-18 21:04:28 INFO  main [WavefrontOBJ] Done with "Mesh014.obj" (took 0 ms)
2025-05-18 21:04:28 INFO  main [WavefrontOBJ] Loading geometry from "Mesh001.obj" ..
2025-05-18 21:04:28 INFO  main [WavefrontOBJ] Mesh001: 924 triangles, 2016 vertices (merged 756 vertices).
2025-05-18 21:04:28 INFO  main [WavefrontOBJ] Done with "Mesh001.obj" (took 5 ms)
2025-05-18 21:04:28 INFO  main [WavefrontOBJ] Loading geometry from "Mesh000.obj" ..
2025-05-18 21:04:28 INFO  main [WavefrontOBJ] Mesh000: 3127 triangles, 2075 vertices (merged 7306 vertices).
2025-05-18 21:04:28 INFO  main [WavefrontOBJ] Done with "Mesh000.obj" (took 12 ms)
2025-05-18 21:04:28 INFO  main [WavefrontOBJ] Loading geometry from "Mesh009.obj" ..
2025-05-18 21:04:28 INFO  main [WavefrontOBJ] Mesh009: 146 triangles, 110 vertices (merged 328 vertices).
2025-05-18 21:04:28 INFO  main [WavefrontOBJ] Done with "Mesh009.obj" (took 0 ms)
2025-05-18 21:04:28 INFO  ren0 [KDTreeBase] Constructing a SAH kd-tree (30963 primitives) ..
2025-05-18 21:04:28 INFO  ren0 [KDTreeBase] Finished -- took 118 ms.
2025-05-18 21:04:28 INFO  ren0 [octree.h:535] root weight: 8.000e-20 (0.000000)
2025-05-18 21:04:28 INFO  ren0 [octree.h:536] splitting threshold: 8.000e-23 (0.000000)
2025-05-18 21:04:28 INFO  ren0 [octree.h:551] node count: 1 -> 585 -> 585

2025-05-18 21:04:28 INFO  ren0 [octree.h:535] root weight: 4.096e-17 (0.000000)
2025-05-18 21:04:28 INFO  ren0 [octree.h:536] splitting threshold: 4.096e-20 (0.000000)
2025-05-18 21:04:28 INFO  ren0 [octree.h:551] node count: 585 -> 585 -> 585

2025-05-18 21:04:28 INFO  ren0 [octree.h:535] root weight: 8.000e-20 (0.000000)
2025-05-18 21:04:28 INFO  ren0 [octree.h:536] splitting threshold: 8.000e-23 (0.000000)
2025-05-18 21:04:28 INFO  ren0 [octree.h:551] node count: 1 -> 585 -> 585

2025-05-18 21:04:28 INFO  ren0 [octree.h:535] root weight: 8.000e-20 (0.000000)
2025-05-18 21:04:28 INFO  ren0 [octree.h:536] splitting threshold: 8.000e-23 (0.000000)
2025-05-18 21:04:28 INFO  ren0 [octree.h:551] node count: 1 -> 585 -> 585

2025-05-18 21:04:28 INFO  ren0 [octree.h:535] root weight: 4.096e-17 (0.000000)
2025-05-18 21:04:28 INFO  ren0 [octree.h:536] splitting threshold: 4.096e-20 (0.000000)
2025-05-18 21:04:28 INFO  ren0 [octree.h:551] node count: 585 -> 585 -> 585

2025-05-18 21:04:28 INFO  ren0 [octree.h:535] root weight: 8.000e-20 (0.000000)
2025-05-18 21:04:28 INFO  ren0 [octree.h:536] splitting threshold: 8.000e-23 (0.000000)
2025-05-18 21:04:28 INFO  ren0 [octree.h:551] node count: 1 -> 585 -> 585

2025-05-18 21:04:28 INFO  ren0 [MIFocalGuidingPathTracer] AABB3[min=[-21.7494, -3.70393, -3.09172], max=[7.19249, 11.2965, 6.96201]]
2025-05-18 21:04:28 INFO  ren0 [MIFocalGuidingPathTracer] Starting render job (1280x720, 12 cores, SSE2 enabled) ..
2025-05-18 21:04:28 INFO  ren0 [MIFocalGuidingPathTracer] ITERATION 0, until 10.0 seconds
2025-05-18 21:04:39 INFO  ren0 [MIFocalGuidingPathTracer]   10.72 seconds elapsed, passes this iteration: 6, total passes: 6
2025-05-18 21:04:39 INFO  ren0 [MIFocalGuidingPathTracer] Got 123327 non-zero samples
2025-05-18 21:04:39 INFO  ren0 [gaussian_mixture_model.h:808] Processing mega batch of size 123327
2025-05-18 21:04:39 INFO  ren0 [gaussian_mixture_model.h:547] KMeans
2025-05-18 21:04:39 INFO  ren0 [MIFocalGuidingPathTracer] GMM[
weight = 0.0135368 mean = [5.15587 4.3049 6.18509] covariance = [[2.40074 0.0166366 -0.0201083][0.0166366 1.66005 0.0146429][-0.0201083 0.0146429 0.339347]]
weight = 0.00899594 mean = [-12.5002 1.64944 3.01031] covariance = [[17.3552 -2.75589 1.41642][-2.75589 10.4286 0.87196][1.41642 0.87196 5.93125]]
weight = 0.441561 mean = [2.75423 1.50749 -2.54004] covariance = [[1.65111 0.0399358 0.220126][0.0399358 1.70836 0.321771][0.220126 0.321771 0.709214]]
weight = 0.0135368 mean = [5.1962 2.48346 6.16428] covariance = [[2.40074 0.0166366 -0.0201083][0.0166366 1.66005 0.0146429][-0.0201083 0.0146429 0.339347]]
weight = 0.0349477 mean = [4.48635 4.79777 3.01953] covariance = [[4.41277 -0.607734 0.695226][-0.607734 1.19608 -0.348593][0.695226 -0.348593 2.03206]]
weight = 0.00562859 mean = [1.807 9.9255 1.44594] covariance = [[9.99081 -0.822516 0.685599][-0.822516 0.770331 -0.482205][0.685599 -0.482205 7.05119]]
weight = 0.0935623 mean = [-5.53625 3.31321 -0.859143] covariance = [[4.98034 -0.400411 0.0190502][-0.400411 7.00116 -1.86995][0.0190502 -1.86995 4.86284]]
weight = 0.258772 mean = [-0.991737 3.35563 -2.2651] covariance = [[2.77799 -1.52576 0.291446][-1.52576 2.01145 0.351429][0.291446 0.351429 1.9571]]
weight = 0.129458 mean = [4.41979 2.12443 1.52063] covariance = [[3.85543 0.37722 -1.01524][0.37722 3.38257 -0.913034][-1.01524 -0.913034 2.81096]]
]
2025-05-18 21:04:39 INFO  ren0 [octree.h:535] root weight: 2.781e+06 (2781150.250000)
2025-05-18 21:04:39 INFO  ren0 [octree.h:536] splitting threshold: 2.781e+03 (2781.150391)
2025-05-18 21:04:39 INFO  ren0 [octree.h:535] root weight: 3.450e+05 (344970.093750)
2025-05-18 21:04:39 INFO  ren0 [octree.h:536] splitting threshold: 3.450e+02 (344.970123)
2025-05-18 21:04:39 INFO  ren0 [octree.h:551] node count: 585 -> 890 -> 707

2025-05-18 21:04:39 INFO  ren0 [octree.h:551] node count: 585 -> 613 -> 429

2025-05-18 21:04:39 INFO  ren0 [MIFocalGuidingPathTracer] ITERATION 1, until 20.0 seconds
2025-05-18 21:04:59 INFO  ren0 [MIFocalGuidingPathTracer]   30.66 seconds elapsed, passes this iteration: 1, total passes: 7
2025-05-18 21:04:59 INFO  ren0 [MIFocalGuidingPathTracer] Got 49038 non-zero samples
2025-05-18 21:04:59 INFO  ren0 [gaussian_mixture_model.h:808] Processing mega batch of size 49038
2025-05-18 21:04:59 INFO  ren0 [MIFocalGuidingPathTracer] GMM[
weight = 0.0104296 mean = [4.78059 2.9287 6.23936] covariance = [[2.02671 -0.232819 0.0175569][-0.232819 1.55638 -0.0540013][0.0175569 -0.0540013 0.344527]]
weight = 0.0110913 mean = [-12.6989 3.61417 3.02713] covariance = [[19.2959 -1.09406 1.62381][-1.09406 14.6672 2.42516][1.62381 2.42516 5.1866]]
weight = 0.0104296 mean = [5.43399 4.50771 6.17333] covariance = [[2.02671 -0.232819 0.0175569][-0.232819 1.55638 -0.0540013][0.0175569 -0.0540013 0.344527]]
weight = 0.33389 mean = [2.79806 1.6162 -2.50242] covariance = [[1.5079 0.15436 0.23769][0.15436 1.48402 0.389149][0.23769 0.389149 0.595174]]
weight = 0.0209828 mean = [4.67401 1.91718 6.38156] covariance = [[1.92926 0.0793638 -0.00105468][0.0793638 1.66601 -0.0707733][-0.00105468 -0.0707733 0.318263]]
weight = 0.00869848 mean = [-0.20756 9.7261 2.78071] covariance = [[16.3093 -0.547144 -5.77567][-0.547144 0.700706 -0.143735][-5.77567 -0.143735 8.64281]]
weight = 0.062632 mean = [-5.06348 3.32243 -0.328464] covariance = [[6.19134 -0.946542 0.612771][-0.946542 7.69618 -1.64264][0.612771 -1.64264 5.45427]]
weight = 0.195621 mean = [-0.895475 3.34649 -2.11893] covariance = [[3.48531 -1.74683 0.607575][-1.74683 2.0141 0.249669][0.607575 0.249669 1.83377]]
weight = 0.346225 mean = [4.05754 3.231 2.16899] covariance = [[3.54887 -0.745792 -0.536295][-0.745792 4.42865 0.189373][-0.536295 0.189373 2.80686]]
]
2025-05-18 21:04:59 INFO  ren0 [octree.h:535] root weight: 2.007e+06 (2007403.000000)
2025-05-18 21:04:59 INFO  ren0 [octree.h:536] splitting threshold: 2.007e+03 (2007.403076)
2025-05-18 21:04:59 INFO  ren0 [octree.h:535] root weight: 2.297e+05 (229729.250000)
2025-05-18 21:04:59 INFO  ren0 [octree.h:536] splitting threshold: 2.297e+02 (229.729263)
2025-05-18 21:04:59 INFO  ren0 [octree.h:551] node count: 707 -> 793 -> 764

2025-05-18 21:04:59 INFO  ren0 [octree.h:551] node count: 429 -> 440 -> 427

2025-05-18 21:04:59 INFO  ren0 [MIFocalGuidingPathTracer] ITERATION 2, until 30.0 seconds
2025-05-18 21:05:22 INFO  ren0 [MIFocalGuidingPathTracer]   53.42 seconds elapsed, passes this iteration: 1, total passes: 8
2025-05-18 21:05:22 INFO  ren0 [MIFocalGuidingPathTracer] Got 46660 non-zero samples
2025-05-18 21:05:22 INFO  ren0 [gaussian_mixture_model.h:808] Processing mega batch of size 46660
2025-05-18 21:05:22 INFO  ren0 [MIFocalGuidingPathTracer] GMM[
weight = 0.00643009 mean = [-11.984 2.92879 2.90599] covariance = [[18.3386 -1.31029 1.28157][-1.31029 16.2242 0.639283][1.28157 0.639283 5.73928]]
weight = 0.404631 mean = [2.67253 1.50657 -2.64492] covariance = [[1.2071 -0.0540799 0.17385][-0.0540799 1.16511 0.256737][0.17385 0.256737 0.389942]]
weight = 0.0320103 mean = [5.68878 2.26349 6.28277] covariance = [[1.96309 0.11419 0.129872][0.11419 2.14974 -0.0132307][0.129872 -0.0132307 0.293775]]
weight = 0.00667577 mean = [5.2029 3.90834 6.19985] covariance = [[1.89637 0.211589 0.113532][0.211589 1.51378 0.00048776][0.113532 0.00048776 0.321471]]
weight = 0.00721957 mean = [-0.878691 9.63648 2.03093] covariance = [[11.1157 -0.281224 -2.45273][-0.281224 0.45953 -0.101467][-2.45273 -0.101467 6.30577]]
weight = 0.0628676 mean = [-4.64752 3.90875 -0.788281] covariance = [[6.51175 -1.13371 0.930313][-1.13371 8.28195 -2.15317][0.930313 -2.15317 4.76304]]
weight = 0.251583 mean = [-1.20723 3.51418 -2.30293] covariance = [[4.70014 -2.40797 0.761681][-2.40797 1.8668 0.0210461][0.761681 0.0210461 1.41609]]
weight = 0.228583 mean = [3.7494 2.84254 1.7014] covariance = [[3.93733 -1.04539 -0.351749][-1.04539 4.15188 -0.305726][-0.351749 -0.305726 3.264]]
]
2025-05-18 21:05:22 INFO  ren0 [octree.h:535] root weight: 1.495e+06 (1494668.375000)
2025-05-18 21:05:22 INFO  ren0 [octree.h:536] splitting threshold: 1.495e+03 (1494.668457)
2025-05-18 21:05:22 INFO  ren0 [octree.h:535] root weight: 1.639e+05 (163905.437500)
2025-05-18 21:05:22 INFO  ren0 [octree.h:536] splitting threshold: 1.639e+02 (163.905441)
2025-05-18 21:05:22 INFO  ren0 [octree.h:551] node count: 764 -> 860 -> 769

2025-05-18 21:05:22 INFO  ren0 [octree.h:551] node count: 427 -> 438 -> 423

2025-05-18 21:05:22 INFO  ren0 [MIFocalGuidingPathTracer] ITERATION 3, until 40.0 seconds
2025-05-18 21:05:40 INFO  ren0 [MIFocalGuidingPathTracer]   71.76 seconds elapsed, passes this iteration: 1, total passes: 9
2025-05-18 21:05:40 INFO  ren0 [MIFocalGuidingPathTracer] Got 66342 non-zero samples
2025-05-18 21:05:40 INFO  ren0 [gaussian_mixture_model.h:808] Processing mega batch of size 66342
2025-05-18 21:05:40 INFO  ren0 [MIFocalGuidingPathTracer] GMM[
weight = 0.00176013 mean = [-12.8555 2.64956 2.98166] covariance = [[7.49663 0.154023 0.375667][0.154023 10.1038 0.197242][0.375667 0.197242 5.12468]]
weight = 0.00176013 mean = [-9.02409 2.37511 3.55474] covariance = [[7.49663 0.154023 0.375667][0.154023 10.1038 0.197242][0.375667 0.197242 5.12468]]
weight = 0.239005 mean = [2.88761 1.11489 -2.75539] covariance = [[0.592375 0.10875 0.125221][0.10875 0.636315 0.140685][0.125221 0.140685 0.221848]]
weight = 0.239005 mean = [2.1207 1.76187 -2.77319] covariance = [[0.592375 0.10875 0.125221][0.10875 0.636315 0.140685][0.125221 0.140685 0.221848]]
weight = 0.0167197 mean = [5.71582 2.21715 6.18926] covariance = [[1.58779 -0.150477 0.19952][-0.150477 2.61347 -0.0883596][0.19952 -0.0883596 0.291931]]
weight = 0.00543413 mean = [4.77023e-06 9.52088 2.03555] covariance = [[11.3292 -1.12999 -2.64145][-1.12999 0.57109 0.367848][-2.64145 0.367848 4.87072]]
weight = 0.0398 mean = [-4.4026 3.23277 -0.645771] covariance = [[7.52019 -1.5618 0.631665][-1.5618 7.80187 -0.831837][0.631665 -0.831837 4.15152]]
weight = 0.225087 mean = [-0.396844 2.96298 -2.4396] covariance = [[3.36696 -1.79303 0.428984][-1.79303 1.33068 0.0693073][0.428984 0.0693073 1.01194]]
weight = 0.231429 mean = [3.95734 2.99765 1.28688] covariance = [[4.02421 -0.937697 -0.700724][-0.937697 3.84429 -0.19717][-0.700724 -0.19717 3.62965]]
]
2025-05-18 21:05:40 INFO  ren0 [octree.h:535] root weight: 1.357e+06 (1357329.500000)
2025-05-18 21:05:40 INFO  ren0 [octree.h:536] splitting threshold: 1.357e+03 (1357.329590)
2025-05-18 21:05:40 INFO  ren0 [octree.h:535] root weight: 1.573e+05 (157293.093750)
2025-05-18 21:05:40 INFO  ren0 [octree.h:536] splitting threshold: 1.573e+02 (157.293106)
2025-05-18 21:05:40 INFO  ren0 [octree.h:551] node count: 769 -> 889 -> 792

2025-05-18 21:05:40 INFO  ren0 [octree.h:551] node count: 423 -> 443 -> 429

2025-05-18 21:05:40 INFO  ren0 [MIFocalGuidingPathTracer] ITERATION 4, until 50.0 seconds
2025-05-18 21:06:01 INFO  ren0 [MIFocalGuidingPathTracer]   93.00 seconds elapsed, passes this iteration: 1, total passes: 10
2025-05-18 21:06:01 INFO  ren0 [MIFocalGuidingPathTracer] Got 119137 non-zero samples
2025-05-18 21:06:01 INFO  ren0 [gaussian_mixture_model.h:808] Processing mega batch of size 119137
2025-05-18 21:06:01 INFO  ren0 [MIFocalGuidingPathTracer] GMM[
weight = 0.00363566 mean = [-12.863 2.02234 3.59913] covariance = [[6.20959 0.321175 0.127814][0.321175 2.61563 -0.0492689][0.127814 -0.0492689 3.0735]]
weight = 0.00363566 mean = [-16.3802 1.71277 3.4621] covariance = [[6.20959 0.321175 0.127814][0.321175 2.61563 -0.0492689][0.127814 -0.0492689 3.0735]]
weight = 0.146508 mean = [2.43828 1.58183 -2.80042] covariance = [[0.512678 -0.18485 0.0385034][-0.18485 1.10876 0.138787][0.0385034 0.138787 0.132032]]
weight = 0.00154986 mean = [-17.3664 4.84261 4.53933] covariance = [[3.97773 -1.41772 -0.910183][-1.41772 2.40058 2.29884][-0.910183 2.29884 2.51545]]
weight = 0.0953967 mean = [5.2477 0.841038 5.85545] covariance = [[0.958682 -0.0721377 -0.229346][-0.0721377 0.847334 0.300811][-0.229346 0.300811 0.458715]]
weight = 0.023687 mean = [-0.497862 9.41272 5.2378] covariance = [[4.47612 -0.0413143 -2.67871][-0.0413143 0.139614 -0.228124][-2.67871 -0.228124 4.0861]]
weight = 0.060929 mean = [-5.13578 2.81538 0.585805] covariance = [[11.3583 -1.1464 -1.73011][-1.1464 7.77447 -0.353097][-1.73011 -0.353097 7.88519]]
weight = 0.178056 mean = [-1.18859 3.34088 -2.64391] covariance = [[4.69134 -2.47405 0.484043][-2.47405 1.47441 -0.155578][0.484043 -0.155578 0.457219]]
weight = 0.486602 mean = [4.44547 2.6224 1.92144] covariance = [[3.59267 -0.92658 -0.458952][-0.92658 7.27707 -3.43767][-0.458952 -3.43767 7.06332]]
]
2025-05-18 21:06:01 INFO  ren0 [octree.h:535] root weight: 1.693e+06 (1693203.375000)
2025-05-18 21:06:01 INFO  ren0 [octree.h:536] splitting threshold: 1.693e+03 (1693.203491)
2025-05-18 21:06:01 INFO  ren0 [octree.h:535] root weight: 2.506e+05 (250573.234375)
2025-05-18 21:06:01 INFO  ren0 [octree.h:536] splitting threshold: 2.506e+02 (250.573242)
2025-05-18 21:06:01 INFO  ren0 [octree.h:551] node count: 792 -> 942 -> 764

2025-05-18 21:06:01 INFO  ren0 [octree.h:551] node count: 429 -> 465 -> 442

2025-05-18 21:06:01 INFO  ren0 [MIFocalGuidingPathTracer] ITERATION 5, until 60.0 seconds
2025-05-18 21:06:23 INFO  ren0 [MIFocalGuidingPathTracer]   114.78 seconds elapsed, passes this iteration: 1, total passes: 11
2025-05-18 21:06:23 INFO  ren0 [MIFocalGuidingPathTracer] Got 70552 non-zero samples
2025-05-18 21:06:23 INFO  ren0 [gaussian_mixture_model.h:808] Processing mega batch of size 70552
2025-05-18 21:06:23 INFO  ren0 [MIFocalGuidingPathTracer] GMM[
weight = 0.00128615 mean = [-11.1651 2.38557 2.32355] covariance = [[5.41236 0.243811 -0.450424][0.243811 2.40275 -0.379725][-0.450424 -0.379725 3.14613]]
weight = 0.220998 mean = [2.5884 1.32113 -2.86426] covariance = [[0.293445 -0.146814 0.0158071][-0.146814 0.627759 0.0857135][0.0158071 0.0857135 0.0718033]]
weight = 0.00229433 mean = [-14.8588 2.426 2.99468] covariance = [[6.10606 -0.790771 -0.56168][-0.790771 3.37853 0.107521][-0.56168 0.107521 3.58321]]
weight = 0.0199418 mean = [5.43195 1.01007 5.89462] covariance = [[0.992441 0.00623844 -0.184925][0.00623844 1.01199 0.314196][-0.184925 0.314196 0.501895]]
weight = 0.00476977 mean = [-1.05419 9.6598 4.54899] covariance = [[8.75546 -0.531852 -2.91711][-0.531852 0.332458 -0.503405][-2.91711 -0.503405 4.98624]]
weight = 0.125697 mean = [-5.01023 3.07551 0.540578] covariance = [[10.7072 -1.94428 -0.0391278][-1.94428 6.01704 0.759915][-0.0391278 0.759915 3.57569]]
weight = 0.298947 mean = [-0.718273 3.06195 -2.7775] covariance = [[4.13467 -2.38035 0.198651][-2.38035 1.45253 -0.0512631][0.198651 -0.0512631 0.247426]]
weight = 0.326066 mean = [4.10891 3.11013 1.087] covariance = [[4.30114 -0.501479 0.249975][-0.501479 4.93499 -1.11378][0.249975 -1.11378 5.51906]]
]
2025-05-18 21:06:23 INFO  ren0 [octree.h:535] root weight: 1.515e+06 (1514930.875000)
2025-05-18 21:06:23 INFO  ren0 [octree.h:536] splitting threshold: 1.515e+03 (1514.930908)
2025-05-18 21:06:23 INFO  ren0 [octree.h:535] root weight: 1.782e+05 (178176.843750)
2025-05-18 21:06:23 INFO  ren0 [octree.h:536] splitting threshold: 1.782e+02 (178.176849)
2025-05-18 21:06:23 INFO  ren0 [octree.h:551] node count: 764 -> 881 -> 799

2025-05-18 21:06:23 INFO  ren0 [octree.h:551] node count: 442 -> 456 -> 437

2025-05-18 21:06:23 INFO  ren0 [MIFocalGuidingPathTracer] ITERATION 6, until 70.0 seconds
2025-05-18 21:06:42 INFO  ren0 [MIFocalGuidingPathTracer]   133.33 seconds elapsed, passes this iteration: 1, total passes: 12
2025-05-18 21:06:42 INFO  ren0 [MIFocalGuidingPathTracer] Got 161737 non-zero samples
2025-05-18 21:06:42 INFO  ren0 [gaussian_mixture_model.h:808] Processing mega batch of size 161737
2025-05-18 21:06:42 INFO  ren0 [MIFocalGuidingPathTracer] GMM[
weight = 0.00155908 mean = [-8.85444 1.32771 3.00798] covariance = [[2.78804 -0.126988 -0.0438358][-0.126988 1.62277 -0.724278][-0.0438358 -0.724278 3.02516]]
weight = 0.00189008 mean = [-14.1384 1.04586 4.68058] covariance = [[6.62894 1.18308 -3.25633][1.18308 1.77977 -1.54604][-3.25633 -1.54604 4.45443]]
weight = 0.190499 mean = [2.60381 1.18364 -2.92707] covariance = [[0.116075 -0.0302075 0.00671255][-0.0302075 0.246687 0.0276978][0.00671255 0.0276978 0.0295432]]
weight = 0.0055198 mean = [-14.8666 1.51158 4.16386] covariance = [[8.42035 -1.63865 0.580487][-1.63865 7.13287 -1.44279][0.580487 -1.44279 4.7774]]
weight = 0.0194781 mean = [5.50271 1.43578 6.05743] covariance = [[1.10495 0.180954 -0.000742932][0.180954 1.63542 0.388287][-0.000742932 0.388287 0.424704]]
weight = 0.00358799 mean = [-0.227686 9.79635 4.15379] covariance = [[11.7381 -1.17471 -0.643593][-1.17471 0.469416 -0.755301][-0.643593 -0.755301 4.60272]]
weight = 0.00155908 mean = [-11.2109 1.50778 3.12845] covariance = [[2.78804 -0.126988 -0.0438358][-0.126988 1.62277 -0.724278][-0.0438358 -0.724278 3.02516]]
weight = 0.230554 mean = [-1.19533 3.32972 -2.81937] covariance = [[5.45086 -3.16754 0.250369][-3.16754 1.89009 -0.120899][0.250369 -0.120899 0.137079]]
weight = 0.545353 mean = [2.59976 3.16167 0.544938] covariance = [[13.3747 0.448248 0.318195][0.448248 4.49573 -0.272234][0.318195 -0.272234 5.32924]]
]
2025-05-18 21:06:42 INFO  ren0 [octree.h:535] root weight: 1.339e+06 (1338664.125000)
2025-05-18 21:06:42 INFO  ren0 [octree.h:536] splitting threshold: 1.339e+03 (1338.664185)
2025-05-18 21:06:42 INFO  ren0 [octree.h:535] root weight: 1.519e+05 (151911.593750)
2025-05-18 21:06:42 INFO  ren0 [octree.h:536] splitting threshold: 1.519e+02 (151.911606)
2025-05-18 21:06:42 INFO  ren0 [octree.h:551] node count: 799 -> 892 -> 806

2025-05-18 21:06:42 INFO  ren0 [octree.h:551] node count: 437 -> 449 -> 435

2025-05-18 21:06:42 INFO  ren0 [MIFocalGuidingPathTracer] ITERATION 7, until 80.0 seconds
2025-05-18 21:07:02 INFO  ren0 [MIFocalGuidingPathTracer]   153.68 seconds elapsed, passes this iteration: 1, total passes: 13
2025-05-18 21:07:02 INFO  ren0 [MIFocalGuidingPathTracer] Got 209475 non-zero samples
2025-05-18 21:07:02 INFO  ren0 [gaussian_mixture_model.h:808] Processing mega batch of size 209475
2025-05-18 21:07:02 INFO  ren0 [MIFocalGuidingPathTracer] GMM[
weight = 0.00231529 mean = [-6.74507 0.0719434 4.299] covariance = [[1.34424 -0.611335 -0.124041][-0.611335 1.66212 -0.0500508][-0.124041 -0.0500508 1.95168]]
weight = 0.00231529 mean = [-8.01856 1.65023 4.71338] covariance = [[1.34424 -0.611335 -0.124041][-0.611335 1.66212 -0.0500508][-0.124041 -0.0500508 1.95168]]
weight = 0.154021 mean = [2.59518 1.11134 -2.96117] covariance = [[0.0420654 -0.00581895 0.0018993][-0.00581895 0.0480984 0.00108496][0.0018993 0.00108496 0.00602106]]
weight = 0.00913442 mean = [-11.9574 5.26168 0.247321] covariance = [[15.8323 3.31547 1.57018][3.31547 17.6403 -4.27742][1.57018 -4.27742 6.42909]]
weight = 0.0278457 mean = [5.79438 3.23326 6.29054] covariance = [[0.677642 0.147146 0.0919083][0.147146 4.58226 0.980026][0.0919083 0.980026 0.472153]]
weight = 0.0121715 mean = [2.34164 10.2691 4.86493] covariance = [[12.9754 0.486562 7.39751][0.486562 0.288634 0.432552][7.39751 0.432552 5.80617]]
weight = 0.00253698 mean = [-7.95813 0.772732 3.39003] covariance = [[8.71357 -3.77669 1.15991][-3.77669 6.31646 -2.22258][1.15991 -2.22258 6.31895]]
weight = 0.227611 mean = [-1.16381 3.26459 -2.87284] covariance = [[5.21448 -2.96169 0.146507][-2.96169 1.70808 -0.0819477][0.146507 -0.0819477 0.0560221]]
weight = 0.562049 mean = [2.08485 2.96567 0.379265] covariance = [[13.5452 -1.02065 1.58694][-1.02065 4.734 0.443809][1.58694 0.443809 5.44539]]
]
2025-05-18 21:07:02 INFO  ren0 [octree.h:535] root weight: 1.231e+06 (1230742.125000)
2025-05-18 21:07:02 INFO  ren0 [octree.h:536] splitting threshold: 1.231e+03 (1230.742188)
2025-05-18 21:07:02 INFO  ren0 [octree.h:535] root weight: 1.454e+05 (145426.265625)
2025-05-18 21:07:02 INFO  ren0 [octree.h:536] splitting threshold: 1.454e+02 (145.426270)
2025-05-18 21:07:02 INFO  ren0 [octree.h:551] node count: 806 -> 905 -> 827

2025-05-18 21:07:02 INFO  ren0 [octree.h:551] node count: 435 -> 449 -> 434

2025-05-18 21:07:02 INFO  ren0 [MIFocalGuidingPathTracer] ITERATION 8, until 90.0 seconds
2025-05-18 21:07:23 INFO  ren0 [MIFocalGuidingPathTracer]   174.67 seconds elapsed, passes this iteration: 1, total passes: 14
2025-05-18 21:07:23 INFO  ren0 [MIFocalGuidingPathTracer] Got 451413 non-zero samples
2025-05-18 21:07:23 INFO  ren0 [gaussian_mixture_model.h:808] Processing mega batch of size 451413
2025-05-18 21:07:23 INFO  ren0 [MIFocalGuidingPathTracer] GMM[
weight = 0.000212912 mean = [-0.885457 -2.3034 4.36081] covariance = [[3.4776 -0.37934 0.38205][-0.37934 1.07156 0.193172][0.38205 0.193172 1.76896]]
weight = 0.000886498 mean = [-7.26989 -1.56209 3.79579] covariance = [[3.4732 -0.432691 -0.691336][-0.432691 1.7691 -0.23206][-0.691336 -0.23206 1.82602]]
weight = 0.157533 mean = [2.5606 1.09545 -2.97708] covariance = [[0.00388604 0.000105874 -1.61803e-05][0.000105874 0.00667067 -0.000236745][-1.61803e-05 -0.000236745 0.000286607]]
weight = 0.00402947 mean = [-9.04741 5.38217 5.36999] covariance = [[0.913141 -1.47519 -0.662133][-1.47519 3.18798 1.14687][-0.662133 1.14687 0.874065]]
weight = 0.0388643 mean = [5.33416 2.99884 5.56067] covariance = [[0.947208 -0.277777 0.126803][-0.277777 4.66273 -0.283632][0.126803 -0.283632 0.836703]]
weight = 0.00394773 mean = [2.59896 10.2227 2.54162] covariance = [[9.54594 -0.197087 -2.96982][-0.197087 0.12354 0.421694][-2.96982 0.421694 7.06865]]
weight = 0.000212912 mean = [-3.49781 -1.95062 3.85378] covariance = [[3.4776 -0.37934 0.38205][-0.37934 1.07156 0.193172][0.38205 0.193172 1.76896]]
weight = 0.184714 mean = [-0.939145 3.09195 -2.91805] covariance = [[5.53122 -3.3845 0.108595][-3.3845 2.09044 -0.0716796][0.108595 -0.0716796 0.0218312]]
weight = 0.609598 mean = [1.13988 3.14929 -0.423243] covariance = [[22.5735 -0.81829 -1.01002][-0.81829 3.92329 -0.118281][-1.01002 -0.118281 4.47099]]
]
2025-05-18 21:07:23 INFO  ren0 [octree.h:535] root weight: 1.180e+06 (1180040.625000)
2025-05-18 21:07:23 INFO  ren0 [octree.h:536] splitting threshold: 1.180e+03 (1180.040649)
2025-05-18 21:07:23 INFO  ren0 [octree.h:535] root weight: 1.295e+05 (129456.687500)
2025-05-18 21:07:23 INFO  ren0 [octree.h:536] splitting threshold: 1.295e+02 (129.456696)
2025-05-18 21:07:23 INFO  ren0 [octree.h:551] node count: 827 -> 921 -> 827

2025-05-18 21:07:23 INFO  ren0 [octree.h:551] node count: 434 -> 444 -> 435

2025-05-18 21:07:23 INFO  ren0 [MIFocalGuidingPathTracer] ITERATION 9, until 100.0 seconds
2025-05-18 21:07:45 INFO  ren0 [MIFocalGuidingPathTracer]   197.16 seconds elapsed, passes this iteration: 1, total passes: 15
2025-05-18 21:07:45 INFO  ren0 [pmm_focal_guiding_recursive.cpp:214] starting iterative narrowing
2025-05-18 21:07:45 INFO  ren0 [MIFocalGuidingPathTracer] Got 1832105 non-zero samples
2025-05-18 21:07:46 INFO  ren0 [gaussian_mixture_model.h:808] Processing mega batch of size 1832105
2025-05-18 21:07:47 INFO  ren0 [MIFocalGuidingPathTracer] GMM[
weight = 0.00731275 mean = [2.59883 1.0978 -2.97034] covariance = [[0.000230997 -4.72683e-05 -4.90767e-05][-4.72683e-05 0.000323497 1.02677e-05][-4.90767e-05 1.02677e-05 0.000132224]]
weight = 0.00731275 mean = [2.58786 1.12106 -2.96672] covariance = [[0.000230997 -4.72683e-05 -4.90767e-05][-4.72683e-05 0.000323497 1.02677e-05][-4.90767e-05 1.02677e-05 0.000132224]]
weight = 0.0322402 mean = [2.61738 1.08045 -2.98404] covariance = [[0.003731 -0.000785302 -9.57213e-05][-0.000785302 0.00251962 3.52972e-05][-9.57213e-05 3.52972e-05 5.78878e-06]]
weight = 0.00118166 mean = [4.50631 -3.40453 0.979364] covariance = [[0.154214 -0.0318928 -0.0776878][-0.0318928 0.00745987 0.0164342][-0.0776878 0.0164342 0.0457504]]
weight = 0.0148389 mean = [2.59221 1.09145 -2.97026] covariance = [[0.000488471 -5.38601e-05 4.32013e-05][-5.38601e-05 0.000808805 2.27567e-05][4.32013e-05 2.27567e-05 0.000214096]]
weight = 0.00370777 mean = [-6.79802 9.91455 -0.314261] covariance = [[33.8593 2.55862 -3.33063][2.55862 0.934267 -0.487294][-3.33063 -0.487294 4.70703]]
weight = 0.049201 mean = [2.52784 1.10499 -2.98112] covariance = [[0.00552172 -7.13154e-05 8.07332e-05][-7.13154e-05 0.00340283 -3.75311e-05][8.07332e-05 -3.75311e-05 7.12047e-05]]
weight = 0.11661 mean = [-0.0997027 2.50526 -2.98291] covariance = [[0.682363 -0.395772 0.00192635][-0.395772 0.232089 -0.000998686][0.00192635 -0.000998686 1.79587e-05]]
weight = 0.767594 mean = [2.1026 2.76717 -0.289834] covariance = [[13.1383 -0.901723 2.5412][-0.901723 3.15162 -0.163515][2.5412 -0.163515 7.39497]]
]
2025-05-18 21:07:47 INFO  ren0 [octree.h:535] root weight: 1.162e+06 (1162138.125000)
2025-05-18 21:07:47 INFO  ren0 [octree.h:536] splitting threshold: 1.162e+03 (1162.138184)
2025-05-18 21:07:47 INFO  ren0 [octree.h:535] root weight: 1.178e+05 (117816.312500)
2025-05-18 21:07:47 INFO  ren0 [octree.h:536] splitting threshold: 1.178e+02 (117.816315)
2025-05-18 21:07:47 INFO  ren0 [octree.h:551] node count: 827 -> 926 -> 840

2025-05-18 21:07:47 INFO  ren0 [octree.h:551] node count: 435 -> 442 -> 425

2025-05-18 21:07:47 INFO  ren0 [MIFocalGuidingPathTracer] ITERATION 10, until 110.0 seconds
2025-05-18 21:08:11 INFO  ren0 [MIFocalGuidingPathTracer]   222.29 seconds elapsed, passes this iteration: 1, total passes: 16
2025-05-18 21:08:11 INFO  ren0 [MIFocalGuidingPathTracer] Got 2211894 non-zero samples
2025-05-18 21:08:11 INFO  ren0 [gaussian_mixture_model.h:808] Processing mega batch of size 2211894
2025-05-18 21:08:12 INFO  ren0 [MIFocalGuidingPathTracer] GMM[
weight = 3.21258e-05 mean = [2.61487 1.11546 -2.98366] covariance = [[0.000270394 4.15722e-07 3.85804e-05][4.15722e-07 0.000332722 3.75872e-05][3.85804e-05 3.75872e-05 6.26799e-05]]
weight = 0.00105042 mean = [2.55919 1.08916 -2.96906] covariance = [[0.00113741 8.7774e-05 5.55119e-05][8.7774e-05 0.00109639 7.03796e-05][5.55119e-05 7.03796e-05 0.000137391]]
weight = 0.0406701 mean = [-2.25836 3.87096 -2.95396] covariance = [[0.227778 -0.11901 0.000156712][-0.11901 0.0818854 -0.00250905][0.000156712 -0.00250905 0.0334006]]
weight = 3.21258e-05 mean = [2.59222 1.11805 -2.98729] covariance = [[0.000270394 4.15722e-07 3.85804e-05][4.15722e-07 0.000332722 3.75872e-05][3.85804e-05 3.75872e-05 6.26799e-05]]
weight = 0.00105042 mean = [2.53078 1.12418 -2.96806] covariance = [[0.00113741 8.7774e-05 5.55119e-05][8.7774e-05 0.00109639 7.03796e-05][5.55119e-05 7.03796e-05 0.000137391]]
weight = 0.000124029 mean = [2.61859 1.10411 -2.98445] covariance = [[0.000705664 -0.000169337 2.59018e-05][-0.000169337 0.000864706 0.000106372][2.59018e-05 0.000106372 4.72382e-05]]
weight = 0.0327549 mean = [2.61879 0.989106 -2.95882] covariance = [[0.0027364 -0.00291354 0.000377842][-0.00291354 0.00534343 -0.000447445][0.000377842 -0.000447445 6.43895e-05]]
weight = 0.000233512 mean = [2.5631 1.13609 -2.9871] covariance = [[0.000451945 5.91502e-05 2.36903e-05][5.91502e-05 0.000314652 4.76779e-05][2.36903e-05 4.76779e-05 3.32345e-05]]
weight = 0.924052 mean = [-1.74076 3.69575 -2.86439] covariance = [[2.19298 -0.866099 0.475578][-0.866099 0.535168 -0.047106][0.475578 -0.047106 0.406618]]
]
2025-05-18 21:08:12 INFO  ren0 [octree.h:535] root weight: 8.541e+06 (8541494.000000)
2025-05-18 21:08:12 INFO  ren0 [octree.h:536] splitting threshold: 8.541e+03 (8541.494141)
2025-05-18 21:08:12 INFO  ren0 [octree.h:535] root weight: 3.054e+04 (30538.046875)
2025-05-18 21:08:12 INFO  ren0 [octree.h:536] splitting threshold: 3.054e+01 (30.538048)
2025-05-18 21:08:12 INFO  ren0 [octree.h:551] node count: 840 -> 1162 -> 904

2025-05-18 21:08:12 INFO  ren0 [octree.h:551] node count: 425 -> 425 -> 410

2025-05-18 21:08:12 INFO  ren0 [MIFocalGuidingPathTracer] ITERATION 11, until 120.0 seconds
2025-05-18 21:08:21 INFO  ren0 [MIFocalGuidingPathTracer]   232.48 seconds elapsed, passes this iteration: 1, total passes: 17
2025-05-18 21:08:21 INFO  ren0 [MIFocalGuidingPathTracer] Got 188070 non-zero samples
2025-05-18 21:08:21 INFO  ren0 [gaussian_mixture_model.h:808] Processing mega batch of size 188070
2025-05-18 21:08:21 INFO  ren0 [MIFocalGuidingPathTracer] GMM[
weight = 1.0225e-05 mean = [2.60613 1.12056 -2.97641] covariance = [[0.000293709 6.15828e-05 4.20488e-05][6.15828e-05 0.00037312 -1.13806e-05][4.20488e-05 -1.13806e-05 6.66721e-05]]
weight = 1.0225e-05 mean = [2.62552 1.1096 -2.97176] covariance = [[0.000293709 6.15828e-05 4.20488e-05][6.15828e-05 0.00037312 -1.13806e-05][4.20488e-05 -1.13806e-05 6.66721e-05]]
weight = 0.0724085 mean = [-2.34681 3.96141 -2.95802] covariance = [[0.0020074 0.000115048 0.000136721][0.000115048 0.00077457 0.000240976][0.000136721 0.000240976 0.00039717]]
weight = 6.82822e-05 mean = [2.59758 1.11033 -2.97653] covariance = [[0.00010919 -7.55144e-06 4.95249e-05][-7.55144e-06 0.000541005 4.16472e-05][4.95249e-05 4.16472e-05 6.34829e-05]]
weight = 0.00796344 mean = [2.48458 1.07916 -2.97553] covariance = [[0.00410064 0.000708446 0.000277704][0.000708446 0.00118372 0.000140973][0.000277704 0.000140973 0.000117792]]
weight = 0.00011559 mean = [2.61647 1.07509 -2.98217] covariance = [[0.000974631 -0.00143577 -8.40138e-05][-0.00143577 0.00335714 0.000236142][-8.40138e-05 0.000236142 2.81308e-05]]
