2025-05-17 07:58:27 INFO  main [mitsuba.cpp:274] Mitsuba version 0.6.0 (Linux, 64 bit), Copyright (c) 2017 Wenzel Jakob
2025-05-17 07:58:27 INFO  main [mitsuba.cpp:377] Parsing scene description from "scene/modern-hall/modern-hall.xml" ..
2025-05-17 07:58:27 INFO  main [scenehandler.cpp:675] In file "/mitsuba/scene/modern-hall/modern-hall.xml" (near line 20): Parsing included file "pmm_focal_recursive.xml" ..
2025-05-17 07:58:27 INFO  main [PluginManager] Loading plugin "plugins/pmm_focal_recursive.so" ..
2025-05-17 07:58:27 INFO  main [octree.h:535] root weight: 8.000e-20 (0.000000)
2025-05-17 07:58:27 INFO  main [octree.h:536] splitting threshold: 8.000e-23 (0.000000)
2025-05-17 07:58:27 INFO  main [octree.h:551] node count: 1 -> 585 -> 585

2025-05-17 07:58:27 INFO  main [octree.h:535] root weight: 8.000e-20 (0.000000)
2025-05-17 07:58:27 INFO  main [octree.h:536] splitting threshold: 8.000e-23 (0.000000)
2025-05-17 07:58:27 INFO  main [octree.h:551] node count: 1 -> 585 -> 585

2025-05-17 07:58:27 INFO  main [MIFocalGuidingPathTracer] budget: 600
2025-05-17 07:58:27 INFO  main [MIFocalGuidingPathTracer] dumpPrimaryRays: false
2025-05-17 07:58:27 INFO  main [MIFocalGuidingPathTracer] dumpScene: false
2025-05-17 07:58:27 INFO  main [MIFocalGuidingPathTracer] gmm.alpha: 0.4
2025-05-17 07:58:27 INFO  main [MIFocalGuidingPathTracer] gmm.initMethod: Uniform
2025-05-17 07:58:27 INFO  main [MIFocalGuidingPathTracer] gmm.maxNumComp: 10
2025-05-17 07:58:27 INFO  main [MIFocalGuidingPathTracer] gmm.mergingThreshold: 0.65
2025-05-17 07:58:27 INFO  main [MIFocalGuidingPathTracer] gmm.minNumComp: 3
2025-05-17 07:58:27 INFO  main [MIFocalGuidingPathTracer] gmm.splittingThreshold: 100
2025-05-17 07:58:27 INFO  main [MIFocalGuidingPathTracer] iterationBudget: 10
2025-05-17 07:58:27 INFO  main [MIFocalGuidingPathTracer] iterationCount: 15
2025-05-17 07:58:27 INFO  main [MIFocalGuidingPathTracer] maxDepth: 40
2025-05-17 07:58:27 INFO  main [MIFocalGuidingPathTracer] minSamplesToStartFitting: 128
2025-05-17 07:58:27 INFO  main [MIFocalGuidingPathTracer] normalBinning: disabled
2025-05-17 07:58:27 INFO  main [MIFocalGuidingPathTracer] renderMaxSeconds: 36000
2025-05-17 07:58:27 INFO  main [MIFocalGuidingPathTracer] rrDepth: 14
2025-05-17 07:58:27 INFO  main [MIFocalGuidingPathTracer] samplingMode: 2
2025-05-17 07:58:27 INFO  main [MIFocalGuidingPathTracer] strictNormals: true
2025-05-17 07:58:27 INFO  main [MIFocalGuidingPathTracer] trainingSamples: 4
2025-05-17 07:58:27 INFO  main [MIFocalGuidingPathTracer] tree.threshold: 0.001
2025-05-17 07:58:27 INFO  main [MIFocalGuidingPathTracer] unboundedSplatting: true
2025-05-17 07:58:27 INFO  main [PluginManager] Loading plugin "plugins/independent.so" ..
2025-05-17 07:58:27 INFO  main [PluginManager] Loading plugin "plugins/box.so" ..
2025-05-17 07:58:27 INFO  main [PluginManager] Loading plugin "plugins/hdrfilm.so" ..
2025-05-17 07:58:27 INFO  main [PluginManager] Loading plugin "plugins/perspective.so" ..
2025-05-17 07:58:27 INFO  main [PluginManager] Loading plugin "plugins/dielectric.so" ..
2025-05-17 07:58:27 INFO  main [PluginManager] Loading plugin "plugins/bitmap.so" ..
2025-05-17 07:58:27 INFO  main [BitmapTexture] Loading texture "wood5.jpg"
2025-05-17 07:58:27 INFO  main [PluginManager] Loading plugin "plugins/lanczos.so" ..
2025-05-17 07:58:27 INFO  main [MIPMap] Generating MIP map cache file "/mitsuba/scene/modern-hall/textures/wood5.mip" ..
2025-05-17 07:58:27 INFO  main [PluginManager] Loading plugin "plugins/roughplastic.so" ..
2025-05-17 07:58:27 INFO  main [PluginManager] Loading plugin "plugins/twosided.so" ..
2025-05-17 07:58:27 INFO  main [BitmapTexture] Loading texture "Tiles.jpg"
2025-05-17 07:58:27 INFO  main [PluginManager] Loading plugin "plugins/diffuse.so" ..
2025-05-17 07:58:27 INFO  main [BitmapTexture] Loading texture "Wallpaper.jpg"
2025-05-17 07:58:27 INFO  main [PluginManager] Loading plugin "plugins/roughconductor.so" ..
2025-05-17 07:58:27 INFO  main [spectrum.cpp:599] "Cu.eta.spd": loaded a spectral power distribution with 55 entries (between 302.400421 and 885.601257 nm)
2025-05-17 07:58:27 INFO  main [spectrum.cpp:599] "Cu.k.spd": loaded a spectral power distribution with 55 entries (between 302.400421 and 885.601257 nm)
2025-05-17 07:58:27 INFO  main [spectrum.cpp:599] "Cu.eta.spd": loaded a spectral power distribution with 55 entries (between 302.400421 and 885.601257 nm)
2025-05-17 07:58:27 INFO  main [spectrum.cpp:599] "Cu.k.spd": loaded a spectral power distribution with 55 entries (between 302.400421 and 885.601257 nm)
2025-05-17 07:58:27 INFO  main [PluginManager] Loading plugin "plugins/difftrans.so" ..
2025-05-17 07:58:27 INFO  main [PluginManager] Loading plugin "plugins/area.so" ..
2025-05-17 07:58:27 INFO  main [PluginManager] Loading plugin "plugins/rectangle.so" ..
2025-05-17 07:58:27 INFO  main [PluginManager] Loading plugin "plugins/cube.so" ..
2025-05-17 07:58:27 INFO  main [PluginManager] Loading plugin "plugins/obj.so" ..
2025-05-17 07:58:27 INFO  main [WavefrontOBJ] Loading geometry from "Mesh008.obj" ..
2025-05-17 07:58:27 INFO  main [WavefrontOBJ] Mesh008: 5184 triangles, 2664 vertices (merged 12888 vertices).
2025-05-17 07:58:27 INFO  main [WavefrontOBJ] Done with "Mesh008.obj" (took 11 ms)
2025-05-17 07:58:27 INFO  main [WavefrontOBJ] Loading geometry from "Mesh004.obj" ..
2025-05-17 07:58:27 INFO  main [WavefrontOBJ] Mesh004: 5184 triangles, 2664 vertices (merged 12888 vertices).
2025-05-17 07:58:27 INFO  main [WavefrontOBJ] Done with "Mesh004.obj" (took 10 ms)
2025-05-17 07:58:27 INFO  main [WavefrontOBJ] Loading geometry from "Mesh003.obj" ..
2025-05-17 07:58:27 INFO  main [WavefrontOBJ] Mesh003: 5184 triangles, 2664 vertices (merged 12888 vertices).
2025-05-17 07:58:27 INFO  main [WavefrontOBJ] Done with "Mesh003.obj" (took 10 ms)
2025-05-17 07:58:27 INFO  main [WavefrontOBJ] Loading geometry from "Mesh006.obj" ..
2025-05-17 07:58:27 INFO  main [WavefrontOBJ] Mesh006: 5184 triangles, 2664 vertices (merged 12888 vertices).
2025-05-17 07:58:27 INFO  main [WavefrontOBJ] Done with "Mesh006.obj" (took 10 ms)
2025-05-17 07:58:27 INFO  main [WavefrontOBJ] Loading geometry from "Mesh012.obj" ..
2025-05-17 07:58:27 INFO  main [WavefrontOBJ] Mesh012: 444 triangles, 882 vertices (merged 450 vertices).
2025-05-17 07:58:27 INFO  main [WavefrontOBJ] Done with "Mesh012.obj" (took 2 ms)
2025-05-17 07:58:27 INFO  main [WavefrontOBJ] Loading geometry from "Mesh013.obj" ..
2025-05-17 07:58:27 INFO  main [WavefrontOBJ] Mesh013: 5184 triangles, 2664 vertices (merged 12888 vertices).
2025-05-17 07:58:27 INFO  main [WavefrontOBJ] Done with "Mesh013.obj" (took 10 ms)
2025-05-17 07:58:27 INFO  main [WavefrontOBJ] Loading geometry from "Mesh010.obj" ..
2025-05-17 07:58:27 INFO  main [WavefrontOBJ] Mesh010: 32 triangles, 60 vertices (merged 36 vertices).
2025-05-17 07:58:27 INFO  main [WavefrontOBJ] Done with "Mesh010.obj" (took 0 ms)
2025-05-17 07:58:27 INFO  main [WavefrontOBJ] Loading geometry from "Mesh015.obj" ..
2025-05-17 07:58:27 INFO  main [WavefrontOBJ] Mesh015: 32 triangles, 60 vertices (merged 36 vertices).
2025-05-17 07:58:27 INFO  main [WavefrontOBJ] Done with "Mesh015.obj" (took 0 ms)
2025-05-17 07:58:27 INFO  main [WavefrontOBJ] Loading geometry from "Mesh002.obj" ..
2025-05-17 07:58:27 INFO  main [WavefrontOBJ] Mesh002: 32 triangles, 60 vertices (merged 36 vertices).
2025-05-17 07:58:27 INFO  main [WavefrontOBJ] Done with "Mesh002.obj" (took 0 ms)
2025-05-17 07:58:27 INFO  main [WavefrontOBJ] Loading geometry from "Mesh007.obj" ..
2025-05-17 07:58:27 INFO  main [WavefrontOBJ] Mesh007: 32 triangles, 60 vertices (merged 36 vertices).
2025-05-17 07:58:27 INFO  main [WavefrontOBJ] Done with "Mesh007.obj" (took 0 ms)
2025-05-17 07:58:27 INFO  main [WavefrontOBJ] Loading geometry from "Mesh005.obj" ..
2025-05-17 07:58:27 INFO  main [WavefrontOBJ] Mesh005: 12 triangles, 20 vertices (merged 16 vertices).
2025-05-17 07:58:27 INFO  main [WavefrontOBJ] Done with "Mesh005.obj" (took 0 ms)
2025-05-17 07:58:27 INFO  main [WavefrontOBJ] Loading geometry from "Mesh016.obj" ..
2025-05-17 07:58:27 INFO  main [WavefrontOBJ] Mesh016: 120 triangles, 204 vertices (merged 156 vertices).
2025-05-17 07:58:27 INFO  main [WavefrontOBJ] Done with "Mesh016.obj" (took 0 ms)
2025-05-17 07:58:27 INFO  main [WavefrontOBJ] Loading geometry from "Mesh017.obj" ..
2025-05-17 07:58:27 INFO  main [WavefrontOBJ] Mesh017: 20 triangles, 40 vertices (merged 20 vertices).
2025-05-17 07:58:27 INFO  main [WavefrontOBJ] Done with "Mesh017.obj" (took 0 ms)
2025-05-17 07:58:27 INFO  main [WavefrontOBJ] Loading geometry from "Mesh018.obj" ..
2025-05-17 07:58:27 INFO  main [WavefrontOBJ] Mesh018: 2 triangles, 4 vertices (merged 2 vertices).
2025-05-17 07:58:27 INFO  main [WavefrontOBJ] Done with "Mesh018.obj" (took 0 ms)
2025-05-17 07:58:27 INFO  main [WavefrontOBJ] Loading geometry from "Mesh011.obj" ..
2025-05-17 07:58:27 INFO  main [WavefrontOBJ] Mesh011: 32 triangles, 30 vertices (merged 66 vertices).
2025-05-17 07:58:27 INFO  main [WavefrontOBJ] Done with "Mesh011.obj" (took 0 ms)
2025-05-17 07:58:27 INFO  main [PluginManager] Loading plugin "plugins/homogeneous.so" ..
2025-05-17 07:58:27 INFO  main [PluginManager] Loading plugin "plugins/isotropic.so" ..
2025-05-17 07:58:27 INFO  main [WavefrontOBJ] Loading geometry from "Mesh014.obj" ..
2025-05-17 07:58:27 INFO  main [WavefrontOBJ] Mesh014: 36 triangles, 72 vertices (merged 36 vertices).
2025-05-17 07:58:27 INFO  main [WavefrontOBJ] Done with "Mesh014.obj" (took 0 ms)
2025-05-17 07:58:27 INFO  main [WavefrontOBJ] Loading geometry from "Mesh001.obj" ..
2025-05-17 07:58:27 INFO  main [WavefrontOBJ] Mesh001: 924 triangles, 2016 vertices (merged 756 vertices).
2025-05-17 07:58:27 INFO  main [WavefrontOBJ] Done with "Mesh001.obj" (took 5 ms)
2025-05-17 07:58:27 INFO  main [WavefrontOBJ] Loading geometry from "Mesh000.obj" ..
2025-05-17 07:58:27 INFO  main [WavefrontOBJ] Mesh000: 3127 triangles, 2075 vertices (merged 7306 vertices).
2025-05-17 07:58:27 INFO  main [WavefrontOBJ] Done with "Mesh000.obj" (took 11 ms)
2025-05-17 07:58:27 INFO  main [WavefrontOBJ] Loading geometry from "Mesh009.obj" ..
2025-05-17 07:58:27 INFO  main [WavefrontOBJ] Mesh009: 146 triangles, 110 vertices (merged 328 vertices).
2025-05-17 07:58:27 INFO  main [WavefrontOBJ] Done with "Mesh009.obj" (took 0 ms)
2025-05-17 07:58:27 INFO  ren0 [KDTreeBase] Constructing a SAH kd-tree (30963 primitives) ..
2025-05-17 07:58:27 INFO  ren0 [KDTreeBase] Finished -- took 105 ms.
2025-05-17 07:58:27 INFO  ren0 [octree.h:535] root weight: 8.000e-20 (0.000000)
2025-05-17 07:58:27 INFO  ren0 [octree.h:536] splitting threshold: 8.000e-23 (0.000000)
2025-05-17 07:58:27 INFO  ren0 [octree.h:551] node count: 1 -> 585 -> 585

2025-05-17 07:58:27 INFO  ren0 [octree.h:535] root weight: 4.096e-17 (0.000000)
2025-05-17 07:58:27 INFO  ren0 [octree.h:536] splitting threshold: 4.096e-20 (0.000000)
2025-05-17 07:58:27 INFO  ren0 [octree.h:551] node count: 585 -> 585 -> 585

2025-05-17 07:58:27 INFO  ren0 [octree.h:535] root weight: 8.000e-20 (0.000000)
2025-05-17 07:58:27 INFO  ren0 [octree.h:536] splitting threshold: 8.000e-23 (0.000000)
2025-05-17 07:58:27 INFO  ren0 [octree.h:551] node count: 1 -> 585 -> 585

2025-05-17 07:58:27 INFO  ren0 [octree.h:535] root weight: 8.000e-20 (0.000000)
2025-05-17 07:58:27 INFO  ren0 [octree.h:536] splitting threshold: 8.000e-23 (0.000000)
2025-05-17 07:58:27 INFO  ren0 [octree.h:551] node count: 1 -> 585 -> 585

2025-05-17 07:58:27 INFO  ren0 [octree.h:535] root weight: 4.096e-17 (0.000000)
2025-05-17 07:58:27 INFO  ren0 [octree.h:536] splitting threshold: 4.096e-20 (0.000000)
2025-05-17 07:58:27 INFO  ren0 [octree.h:551] node count: 585 -> 585 -> 585

2025-05-17 07:58:27 INFO  ren0 [octree.h:535] root weight: 8.000e-20 (0.000000)
2025-05-17 07:58:27 INFO  ren0 [octree.h:536] splitting threshold: 8.000e-23 (0.000000)
2025-05-17 07:58:27 INFO  ren0 [octree.h:551] node count: 1 -> 585 -> 585

2025-05-17 07:58:27 INFO  ren0 [MIFocalGuidingPathTracer] AABB3[min=[-21.7494, -3.70393, -3.09172], max=[7.19249, 11.2965, 6.96201]]
2025-05-17 07:58:27 INFO  ren0 [MIFocalGuidingPathTracer] Starting render job (1280x720, 12 cores, SSE2 enabled) ..
2025-05-17 07:58:27 INFO  ren0 [MIFocalGuidingPathTracer] ITERATION 0, until 10.0 seconds
2025-05-17 07:58:38 INFO  ren0 [MIFocalGuidingPathTracer]   10.99 seconds elapsed, passes this iteration: 8, total passes: 8
2025-05-17 07:58:38 INFO  ren0 [MIFocalGuidingPathTracer] Got 156872 non-zero samples
2025-05-17 07:58:38 INFO  ren0 [gaussian_mixture_model.h:808] Processing mega batch of size 156872
2025-05-17 07:58:38 INFO  ren0 [gaussian_mixture_model.h:547] Uniform
2025-05-17 07:58:38 INFO  ren0 [gaussian_mixture_model.h:581] Increasing the number of max components to 12 to allow uniform distribution
2025-05-17 07:58:38 INFO  ren0 [MIFocalGuidingPathTracer] GMM[
weight = 0.00791819 mean = [-7.64249 0.898459 -1.86873] covariance = [[7.65479 -0.452211 -0.444749][-0.452211 2.65154 -0.140078][-0.444749 -0.140078 0.899882]]
weight = 0.00791819 mean = [-11.5498 1.24005 -1.62104] covariance = [[7.65479 -0.452211 -0.444749][-0.452211 2.65154 -0.140078][-0.444749 -0.140078 0.899882]]
weight = 0.00320069 mean = [-9.37493 0.483273 5.26745] covariance = [[7.4258 0.0338429 -0.682669][0.0338429 2.98843 -0.0518079][-0.682669 -0.0518079 1.12607]]
weight = 0.00925704 mean = [-8.39783 5.84459 -1.54184] covariance = [[9.16844 2.21928 0.563496][2.21928 5.70655 -0.142226][0.563496 -0.142226 0.88387]]
weight = 0.00878117 mean = [-9.35694 3.57289 1.63983] covariance = [[9.8973 -1.39995 -0.699358][-1.39995 8.33991 -0.3185][-0.699358 -0.3185 1.49943]]
weight = 0.00216037 mean = [-11.5324 6.53923 5.12596] covariance = [[24.3623 2.50652 1.00168][2.50652 4.31596 0.212957][1.00168 0.212957 1.41641]]
weight = 0.533177 mean = [1.9499 1.63992 -2.60242] covariance = [[3.6114 -1.04816 0.373643][-1.04816 1.10643 -0.0368309][0.373643 -0.0368309 0.540854]]
weight = 0.1217 mean = [2.60691 1.54985 1.61506] covariance = [[10.4869 0.605805 -0.447206][0.605805 2.70252 0.0420883][-0.447206 0.0420883 1.28726]]
weight = 0.153962 mean = [-1.35162 4.73441 -2.25798] covariance = [[13.4311 -0.701505 1.84242][-0.701505 1.442 0.157796][1.84242 0.157796 1.00136]]
weight = 0.0793481 mean = [1.08175 4.98776 1.80132] covariance = [[15.7924 -0.153289 -0.0566151][-0.153289 0.943612 0.123856][-0.0566151 0.123856 1.15845]]
weight = 0.072577 mean = [4.7849 3.22681 5.25703] covariance = [[4.97881 0.251109 0.497289][0.251109 5.04789 0.110508][0.497289 0.110508 1.50134]]
]
2025-05-17 07:58:38 INFO  ren0 [octree.h:535] root weight: 3.825e+06 (3824953.000000)
2025-05-17 07:58:38 INFO  ren0 [octree.h:536] splitting threshold: 3.825e+03 (3824.953125)
2025-05-17 07:58:38 INFO  ren0 [octree.h:535] root weight: 3.816e+05 (381578.593750)
2025-05-17 07:58:38 INFO  ren0 [octree.h:536] splitting threshold: 3.816e+02 (381.578613)
2025-05-17 07:58:38 INFO  ren0 [octree.h:551] node count: 585 -> 901 -> 720

2025-05-17 07:58:38 INFO  ren0 [octree.h:551] node count: 585 -> 603 -> 442

2025-05-17 07:58:38 INFO  ren0 [MIFocalGuidingPathTracer] ITERATION 1, until 20.0 seconds
2025-05-17 07:58:58 INFO  ren0 [MIFocalGuidingPathTracer]   30.95 seconds elapsed, passes this iteration: 1, total passes: 9
2025-05-17 07:58:58 INFO  ren0 [MIFocalGuidingPathTracer] Got 52317 non-zero samples
2025-05-17 07:58:58 INFO  ren0 [gaussian_mixture_model.h:808] Processing mega batch of size 52317
2025-05-17 07:58:58 INFO  ren0 [MIFocalGuidingPathTracer] GMM[
weight = 0.00684902 mean = [-6.14448 0.577025 -1.89814] covariance = [[6.72719 -0.698954 -0.245678][-0.698954 2.47972 -0.0206869][-0.245678 -0.0206869 0.858868]]
weight = 0.00267463 mean = [-8.96707 1.4226 -1.93356] covariance = [[5.96023 -1.68112 -0.00700393][-1.68112 2.34832 0.168945][-0.00700393 0.168945 1.09421]]
weight = 0.0117465 mean = [-7.42108 5.81451 -1.22826] covariance = [[9.01377 2.68126 -0.286226][2.68126 5.1446 -0.528761][-0.286226 -0.528761 0.834631]]
weight = 0.00930712 mean = [-8.98493 3.63338 1.31692] covariance = [[14.5863 -3.88889 0.623232][-3.88889 7.43516 -0.934077][0.623232 -0.934077 2.18621]]
weight = 0.00763721 mean = [-8.83756 3.33262 5.36101] covariance = [[11.3066 0.188771 0.0362936][0.188771 6.72798 0.0458253][0.0362936 0.0458253 0.993312]]
weight = 0.478047 mean = [1.83383 1.726 -2.6274] covariance = [[3.55708 -1.26134 0.317785][-1.26134 1.1559 -0.0323123][0.317785 -0.0323123 0.455902]]
weight = 0.140514 mean = [2.64216 1.59045 1.47981] covariance = [[7.93114 0.429748 -0.108592][0.429748 2.97428 0.181919][-0.108592 0.181919 1.60695]]
weight = 0.00684902 mean = [-9.79624 1.16052 -1.75038] covariance = [[6.72719 -0.698954 -0.245678][-0.698954 2.47972 -0.0206869][-0.245678 -0.0206869 0.858868]]
weight = 0.175092 mean = [-0.88571 4.57731 -2.2222] covariance = [[14.3797 -0.77719 1.51393][-0.77719 1.09484 0.021228][1.51393 0.021228 0.890665]]
weight = 0.0827599 mean = [1.1415 4.87018 1.70895] covariance = [[17.1781 0.117567 -0.0624295][0.117567 0.921847 0.16298][-0.0624295 0.16298 1.36154]]
weight = 0.0785236 mean = [4.91587 3.59324 5.42163] covariance = [[3.45989 0.422224 0.191275][0.422224 5.07384 -0.142684][0.191275 -0.142684 1.66746]]
]
2025-05-17 07:58:58 INFO  ren0 [octree.h:535] root weight: 2.544e+06 (2544102.750000)
2025-05-17 07:58:58 INFO  ren0 [octree.h:536] splitting threshold: 2.544e+03 (2544.102783)
2025-05-17 07:58:58 INFO  ren0 [octree.h:535] root weight: 2.412e+05 (241197.515625)
2025-05-17 07:58:58 INFO  ren0 [octree.h:536] splitting threshold: 2.412e+02 (241.197525)
2025-05-17 07:58:58 INFO  ren0 [octree.h:551] node count: 720 -> 803 -> 785

2025-05-17 07:58:58 INFO  ren0 [octree.h:551] node count: 442 -> 448 -> 444

2025-05-17 07:58:58 INFO  ren0 [MIFocalGuidingPathTracer] ITERATION 2, until 30.0 seconds
2025-05-17 07:59:20 INFO  ren0 [MIFocalGuidingPathTracer]   52.95 seconds elapsed, passes this iteration: 1, total passes: 10
2025-05-17 07:59:20 INFO  ren0 [MIFocalGuidingPathTracer] Got 57554 non-zero samples
2025-05-17 07:59:20 INFO  ren0 [gaussian_mixture_model.h:808] Processing mega batch of size 57554
2025-05-17 07:59:20 INFO  ren0 [MIFocalGuidingPathTracer] GMM[
weight = 0.0145411 mean = [-7.30566 5.30794 -1.26603] covariance = [[7.42696 2.71405 -0.182492][2.71405 4.59889 -0.3535][-0.182492 -0.3535 0.515717]]
weight = 0.00975438 mean = [-9.38898 4.13119 1.3455] covariance = [[17.0825 -9.40221 -0.554312][-9.40221 13.4324 1.01625][-0.554312 1.01625 2.6347]]
weight = 0.00252212 mean = [-8.85905 3.58766 5.10046] covariance = [[14.3459 -2.95774 0.701891][-2.95774 12.746 -0.815246][0.701891 -0.815246 1.35961]]
weight = 0.504058 mean = [1.66199 1.75162 -2.73497] covariance = [[2.86135 -1.14056 0.207023][-1.14056 0.885829 -0.00540673][0.207023 -0.00540673 0.296895]]
weight = 0.156361 mean = [2.97765 1.82479 1.30317] covariance = [[6.73138 0.829384 -0.0392947][0.829384 2.62385 0.112551][-0.0392947 0.112551 1.62148]]
weight = 0.016906 mean = [-6.78482 1.15552 -1.59219] covariance = [[7.50768 -1.59958 -0.188556][-1.59958 2.84123 -0.113183][-0.188556 -0.113183 0.746699]]
weight = 0.167606 mean = [0.0293838 4.46803 -2.08614] covariance = [[20.8424 -1.17538 1.84491][-1.17538 1.16207 0.013169][1.84491 0.013169 0.869592]]
weight = 0.0722823 mean = [1.96012 4.79295 1.40256] covariance = [[13.9542 -0.0531667 -0.0186827][-0.0531667 0.813738 0.163937][-0.0186827 0.163937 1.47256]]
weight = 0.0559688 mean = [4.86541 3.69733 5.17474] covariance = [[2.88197 -0.557698 0.220491][-0.557698 5.23246 -0.146469][0.220491 -0.146469 1.79074]]
]
2025-05-17 07:59:20 INFO  ren0 [octree.h:535] root weight: 1.909e+06 (1908928.500000)
2025-05-17 07:59:20 INFO  ren0 [octree.h:536] splitting threshold: 1.909e+03 (1908.928589)
2025-05-17 07:59:20 INFO  ren0 [octree.h:535] root weight: 1.737e+05 (173668.625000)
2025-05-17 07:59:20 INFO  ren0 [octree.h:536] splitting threshold: 1.737e+02 (173.668640)
2025-05-17 07:59:20 INFO  ren0 [octree.h:551] node count: 785 -> 886 -> 785

2025-05-17 07:59:20 INFO  ren0 [octree.h:551] node count: 444 -> 450 -> 439

2025-05-17 07:59:20 INFO  ren0 [MIFocalGuidingPathTracer] ITERATION 3, until 40.0 seconds
2025-05-17 07:59:39 INFO  ren0 [MIFocalGuidingPathTracer]   72.01 seconds elapsed, passes this iteration: 1, total passes: 11
2025-05-17 07:59:39 INFO  ren0 [MIFocalGuidingPathTracer] Got 84430 non-zero samples
2025-05-17 07:59:39 INFO  ren0 [gaussian_mixture_model.h:808] Processing mega batch of size 84430
2025-05-17 07:59:39 INFO  ren0 [MIFocalGuidingPathTracer] GMM[
weight = 0.0074212 mean = [-7.58463 4.42473 -1.01642] covariance = [[4.51175 1.47058 -0.223885][1.47058 3.59806 -0.240426][-0.223885 -0.240426 0.67635]]
weight = 0.0157632 mean = [-10.234 4.23663 1.95513] covariance = [[3.40956 0.0533756 0.00284709][0.0533756 3.38404 0.41589][0.00284709 0.41589 1.15738]]
weight = 0.00193777 mean = [-8.14052 3.11196 4.54535] covariance = [[7.89639 -2.03428 0.969795][-2.03428 5.67886 -1.11304][0.969795 -1.11304 1.39682]]
weight = 0.0074212 mean = [-4.8944 6.41136 -1.23505] covariance = [[4.51175 1.47058 -0.223885][1.47058 3.59806 -0.240426][-0.223885 -0.240426 0.67635]]
weight = 0.0157632 mean = [-8.0418 2.86511 1.70082] covariance = [[3.40956 0.0533756 0.00284709][0.0533756 3.38404 0.41589][0.00284709 0.41589 1.15738]]
weight = 0.00193777 mean = [-4.51578 0.876403 5.29993] covariance = [[7.89639 -2.03428 0.969795][-2.03428 5.67886 -1.11304][0.969795 -1.11304 1.39682]]
weight = 0.499706 mean = [1.6818 1.69892 -2.81504] covariance = [[2.47835 -1.17892 0.127608][-1.17892 0.800269 -0.0155029][0.127608 -0.0155029 0.170668]]
weight = 0.0171849 mean = [-7.09958 0.723019 -1.54444] covariance = [[4.17968 0.0800251 -0.508301][0.0800251 2.50987 -0.0725904][-0.508301 -0.0725904 0.915463]]
weight = 0.173102 mean = [-0.69777 4.60111 -2.1525] covariance = [[17.7189 -1.85362 1.27366][-1.85362 1.13869 -0.109665][1.27366 -0.109665 0.720203]]
weight = 0.20233 mean = [1.78214 2.92865 1.26151] covariance = [[13.1616 -2.62285 -0.253659][-2.62285 4.13917 0.17143][-0.253659 0.17143 1.79938]]
weight = 0.0574328 mean = [5.36682 2.69345 5.19355] covariance = [[2.419 -0.760586 0.161981][-0.760586 4.38888 0.0340848][0.161981 0.0340848 1.48293]]
]
2025-05-17 07:59:39 INFO  ren0 [octree.h:535] root weight: 1.847e+06 (1847015.875000)
2025-05-17 07:59:39 INFO  ren0 [octree.h:536] splitting threshold: 1.847e+03 (1847.015991)
2025-05-17 07:59:39 INFO  ren0 [octree.h:535] root weight: 1.704e+05 (170399.968750)
2025-05-17 07:59:39 INFO  ren0 [octree.h:536] splitting threshold: 1.704e+02 (170.399979)
2025-05-17 07:59:39 INFO  ren0 [octree.h:551] node count: 785 -> 917 -> 793

2025-05-17 07:59:39 INFO  ren0 [octree.h:551] node count: 439 -> 450 -> 441

2025-05-17 07:59:39 INFO  ren0 [MIFocalGuidingPathTracer] ITERATION 4, until 50.0 seconds
2025-05-17 08:00:01 INFO  ren0 [MIFocalGuidingPathTracer]   93.63 seconds elapsed, passes this iteration: 1, total passes: 12
2025-05-17 08:00:01 INFO  ren0 [MIFocalGuidingPathTracer] Got 105110 non-zero samples
2025-05-17 08:00:01 INFO  ren0 [gaussian_mixture_model.h:808] Processing mega batch of size 105110
2025-05-17 08:00:01 INFO  ren0 [MIFocalGuidingPathTracer] GMM[
weight = 0.00100177 mean = [-7.49903 3.06402 -1.24214] covariance = [[6.143 0.532692 0.272777][0.532692 5.90824 -0.241143][0.272777 -0.241143 0.955114]]
weight = 0.00100177 mean = [-9.56001 5.6527 -1.5027] covariance = [[6.143 0.532692 0.272777][0.532692 5.90824 -0.241143][0.272777 -0.241143 0.955114]]
weight = 0.0075431 mean = [-4.76891 6.49926 -1.24661] covariance = [[11.2007 5.48361 -0.452028][5.48361 7.12443 -0.558926][-0.452028 -0.558926 0.692292]]
weight = 0.0167588 mean = [-8.26222 3.04742 2.03709] covariance = [[6.16458 -1.09684 -0.277225][-1.09684 4.95031 0.435843][-0.277225 0.435843 1.29374]]
weight = 0.00444251 mean = [-4.73448 1.42588 5.30397] covariance = [[23.1353 -8.07735 1.24767][-8.07735 7.74661 -0.810951][1.24767 -0.810951 1.14543]]
weight = 0.46926 mean = [1.99778 1.52124 -2.81526] covariance = [[2.53761 -1.15883 0.0989013][-1.15883 0.714663 -0.0197334][0.0989013 -0.0197334 0.12689]]
weight = 0.000207325 mean = [-14.2099 9.2915 -2.32871] covariance = [[8.83581 -10.1884 1.02278][-10.1884 16.395 -0.820779][1.02278 -0.820779 0.374679]]
weight = 0.0123393 mean = [-7.10069 1.14801 -1.76294] covariance = [[5.53684 -0.179183 -0.219814][-0.179183 2.4667 -0.317587][-0.219814 -0.317587 1.0091]]
weight = 0.175316 mean = [1.85252 3.78812 -2.00349] covariance = [[18.6773 -3.12104 1.01667][-3.12104 1.70365 -0.0243787][1.01667 -0.0243787 0.632023]]
weight = 0.224628 mean = [2.7524 2.76135 0.840592] covariance = [[10.7385 -1.76891 -0.938945][-1.76891 4.46359 0.76422][-0.938945 0.76422 2.61936]]
weight = 0.0875017 mean = [5.21187 3.05502 5.02781] covariance = [[1.90201 -0.477569 0.282456][-0.477569 4.75595 -0.135593][0.282456 -0.135593 1.75226]]
]
2025-05-17 08:00:01 INFO  ren0 [octree.h:535] root weight: 1.521e+06 (1521314.750000)
2025-05-17 08:00:01 INFO  ren0 [octree.h:536] splitting threshold: 1.521e+03 (1521.314819)
2025-05-17 08:00:01 INFO  ren0 [octree.h:535] root weight: 1.603e+05 (160264.312500)
2025-05-17 08:00:01 INFO  ren0 [octree.h:536] splitting threshold: 1.603e+02 (160.264313)
2025-05-17 08:00:01 INFO  ren0 [octree.h:551] node count: 793 -> 895 -> 818

2025-05-17 08:00:01 INFO  ren0 [octree.h:551] node count: 441 -> 457 -> 454

2025-05-17 08:00:01 INFO  ren0 [MIFocalGuidingPathTracer] ITERATION 5, until 60.0 seconds
2025-05-17 08:00:25 INFO  ren0 [MIFocalGuidingPathTracer]   118.23 seconds elapsed, passes this iteration: 1, total passes: 13
2025-05-17 08:00:25 INFO  ren0 [MIFocalGuidingPathTracer] Got 149111 non-zero samples
2025-05-17 08:00:25 INFO  ren0 [gaussian_mixture_model.h:808] Processing mega batch of size 149111
2025-05-17 08:00:25 INFO  ren0 [MIFocalGuidingPathTracer] GMM[
weight = 0.01007 mean = [-6.17668 1.47817 1.76448] covariance = [[3.17289 -0.111952 0.900223][-0.111952 2.6662 0.440678][0.900223 0.440678 1.5727]]
weight = 0.002319 mean = [-7.35767 5.00873 5.04289] covariance = [[11.4489 -1.70594 0.588467][-1.70594 10.5586 0.389558][0.588467 0.389558 0.844424]]
weight = 0.01007 mean = [-6.63766 3.7412 2.2457] covariance = [[3.17289 -0.111952 0.900223][-0.111952 2.6662 0.440678][0.900223 0.440678 1.5727]]
weight = 0.002319 mean = [-3.34768 1.93418 5.14032] covariance = [[11.4489 -1.70594 0.588467][-1.70594 10.5586 0.389558][0.588467 0.389558 0.844424]]
weight = 0.449712 mean = [1.61174 1.66375 -2.91892] covariance = [[2.61852 -1.49171 0.0382611][-1.49171 0.908922 -0.0155686][0.0382611 -0.0155686 0.0401252]]
weight = 0.0205715 mean = [-6.955 2.1169 -1.5327] covariance = [[9.05656 -2.46893 -0.455283][-2.46893 14.6529 -0.416416][-0.455283 -0.416416 0.983795]]
weight = 0.154373 mean = [1.92174 3.63179 -2.19499] covariance = [[15.8068 -2.39524 1.17316][-2.39524 1.7885 -0.285389][1.17316 -0.285389 0.581749]]
weight = 0.278319 mean = [3.55628 2.68954 0.779424] covariance = [[8.59619 -0.473387 -0.401362][-0.473387 3.91003 0.684839][-0.401362 0.684839 2.68877]]
weight = 0.0722464 mean = [5.30316 3.09878 4.45611] covariance = [[1.47744 0.0329723 -0.0430351][0.0329723 3.75808 0.346023][-0.0430351 0.346023 2.26358]]
]
2025-05-17 08:00:25 INFO  ren0 [octree.h:535] root weight: 1.405e+06 (1405191.875000)
2025-05-17 08:00:25 INFO  ren0 [octree.h:536] splitting threshold: 1.405e+03 (1405.191895)
2025-05-17 08:00:25 INFO  ren0 [octree.h:535] root weight: 1.444e+05 (144424.750000)
2025-05-17 08:00:25 INFO  ren0 [octree.h:536] splitting threshold: 1.444e+02 (144.424759)
2025-05-17 08:00:25 INFO  ren0 [octree.h:551] node count: 818 -> 915 -> 793

2025-05-17 08:00:25 INFO  ren0 [octree.h:551] node count: 454 -> 466 -> 454

2025-05-17 08:00:25 INFO  ren0 [MIFocalGuidingPathTracer] ITERATION 6, until 70.0 seconds
2025-05-17 08:00:46 INFO  ren0 [MIFocalGuidingPathTracer]   139.24 seconds elapsed, passes this iteration: 1, total passes: 14
2025-05-17 08:00:46 INFO  ren0 [MIFocalGuidingPathTracer] Got 290195 non-zero samples
2025-05-17 08:00:46 INFO  ren0 [gaussian_mixture_model.h:808] Processing mega batch of size 290195
2025-05-17 08:00:46 INFO  ren0 [MIFocalGuidingPathTracer] GMM[
weight = 0.000148863 mean = [-9.46142 0.44417 5.68607] covariance = [[0.0791612 0.00180604 0.00848124][0.00180604 0.0760213 -0.0109189][0.00848124 -0.0109189 0.00450229]]
weight = 0.000148863 mean = [-9.07144 0.530199 5.71734] covariance = [[0.0791612 0.00180604 0.00848124][0.00180604 0.0760213 -0.0109189][0.00848124 -0.0109189 0.00450229]]
weight = 0.000380977 mean = [-10.1459 0.997541 5.37398] covariance = [[5.57296 -0.257684 0.463303][-0.257684 3.98517 -0.0247433][0.463303 -0.0247433 0.454168]]
weight = 0.000380977 mean = [-9.71713 3.7733 5.41122] covariance = [[5.57296 -0.257684 0.463303][-0.257684 3.98517 -0.0247433][0.463303 -0.0247433 0.454168]]
weight = 0.00138858 mean = [-6.7737 1.01719 4.70701] covariance = [[11.6949 -0.450274 1.01928][-0.450274 10.0015 -0.137315][1.01928 -0.137315 0.801418]]
weight = 0.00138858 mean = [-2.05378 -0.133804 5.15466] covariance = [[11.6949 -0.450274 1.01928][-0.450274 10.0015 -0.137315][1.01928 -0.137315 0.801418]]
weight = 0.217025 mean = [2.16799 1.32987 -2.96849] covariance = [[1.97851 -1.14253 -0.00342203][-1.14253 0.679111 0.000176876][-0.00342203 0.000176876 0.00622483]]
weight = 0.217025 mean = [0.180603 2.48598 -2.96584] covariance = [[1.97851 -1.14253 -0.00342203][-1.14253 0.679111 0.000176876][-0.00342203 0.000176876 0.00622483]]
weight = 0.167755 mean = [2.11552 3.32317 -2.20879] covariance = [[13.6919 -1.74343 0.21419][-1.74343 2.1645 -0.0797355][0.21419 -0.0797355 0.382226]]
weight = 0.0708784 mean = [-7.49392 4.30333 0.0214306] covariance = [[4.51609 -1.08631 0.654315][-1.08631 4.18639 0.280691][0.654315 0.280691 2.39588]]
weight = 0.323479 mean = [3.28035 2.53639 1.5185] covariance = [[5.13537 -0.513969 1.48602][-0.513969 3.58206 0.575509][1.48602 0.575509 5.90549]]
]
2025-05-17 08:00:46 INFO  ren0 [octree.h:535] root weight: 1.303e+06 (1302679.875000)
2025-05-17 08:00:46 INFO  ren0 [octree.h:536] splitting threshold: 1.303e+03 (1302.679932)
2025-05-17 08:00:46 INFO  ren0 [octree.h:535] root weight: 1.433e+05 (143270.906250)
2025-05-17 08:00:46 INFO  ren0 [octree.h:536] splitting threshold: 1.433e+02 (143.270920)
2025-05-17 08:00:46 INFO  ren0 [octree.h:551] node count: 793 -> 893 -> 817

2025-05-17 08:00:46 INFO  ren0 [octree.h:551] node count: 454 -> 465 -> 458

2025-05-17 08:00:46 INFO  ren0 [MIFocalGuidingPathTracer] ITERATION 7, until 80.0 seconds
2025-05-17 08:01:11 INFO  ren0 [MIFocalGuidingPathTracer]   163.95 seconds elapsed, passes this iteration: 1, total passes: 15
2025-05-17 08:01:11 INFO  ren0 [MIFocalGuidingPathTracer] Got 627537 non-zero samples
2025-05-17 08:01:11 INFO  ren0 [gaussian_mixture_model.h:808] Processing mega batch of size 627537
2025-05-17 08:01:11 INFO  ren0 [MIFocalGuidingPathTracer] GMM[
weight = 0.105873 mean = [-0.717366 3.17921 -2.85606] covariance = [[1.8927 -0.726392 0.121698][-0.726392 0.92909 0.049134][0.121698 0.049134 0.10728]]
weight = 0.0366073 mean = [1.83479 1.50116 -2.98374] covariance = [[2.01627 -1.17688 -0.00149841][-1.17688 0.690558 0.00104382][-0.00149841 0.00104382 3.75538e-05]]
weight = 0.105873 mean = [1.16743 2.17307 -2.77346] covariance = [[1.8927 -0.726392 0.121698][-0.726392 0.92909 0.049134][0.121698 0.049134 0.10728]]
weight = 0.0210384 mean = [-2.42739 3.96702 -2.69657] covariance = [[1.59579 0.363506 -0.234524][0.363506 1.92716 0.158093][-0.234524 0.158093 2.04914]]
weight = 0.076213 mean = [3.40545 1.38528 0.273778] covariance = [[4.16889 0.463666 0.505078][0.463666 3.7379 0.0336129][0.505078 0.0336129 2.76305]]
weight = 0.0210384 mean = [-3.42088 3.60834 -0.913236] covariance = [[1.59579 0.363506 -0.234524][0.363506 1.92716 0.158093][-0.234524 0.158093 2.04914]]
weight = 0.283338 mean = [2.30878 1.23187 -2.98466] covariance = [[0.869284 -0.511256 -0.000207551][-0.511256 0.302935 0.000210049][-0.000207551 0.000210049 4.09283e-06]]
weight = 0.076213 mean = [2.29056 3.69563 -0.380849] covariance = [[4.16889 0.463666 0.505078][0.463666 3.7379 0.0336129][0.505078 0.0336129 2.76305]]
weight = 0.105759 mean = [3.13219 1.65459 -2.61285] covariance = [[2.52685 -0.134613 0.21536][-0.134613 1.49961 0.196356][0.21536 0.196356 0.222824]]
weight = 0.0248979 mean = [-6.94091 3.66041 0.651734] covariance = [[16.6096 3.51465 -2.70599][3.51465 8.03204 0.16199][-2.70599 0.16199 5.5009]]
weight = 0.143149 mean = [3.8405 2.95689 2.32646] covariance = [[3.89571 -0.285591 0.778245][-0.285591 4.86076 0.130481][0.778245 0.130481 5.20653]]
]
2025-05-17 08:01:11 INFO  ren0 [octree.h:535] root weight: 1.165e+06 (1165202.125000)
2025-05-17 08:01:11 INFO  ren0 [octree.h:536] splitting threshold: 1.165e+03 (1165.202148)
2025-05-17 08:01:11 INFO  ren0 [octree.h:535] root weight: 1.269e+05 (126861.390625)
2025-05-17 08:01:11 INFO  ren0 [octree.h:536] splitting threshold: 1.269e+02 (126.861397)
2025-05-17 08:01:11 INFO  ren0 [octree.h:551] node count: 817 -> 906 -> 816

2025-05-17 08:01:11 INFO  ren0 [octree.h:551] node count: 458 -> 469 -> 455

2025-05-17 08:01:11 INFO  ren0 [MIFocalGuidingPathTracer] ITERATION 8, until 90.0 seconds
2025-05-17 08:01:39 INFO  ren0 [MIFocalGuidingPathTracer]   191.56 seconds elapsed, passes this iteration: 1, total passes: 16
2025-05-17 08:01:39 INFO  ren0 [MIFocalGuidingPathTracer] Got 1827540 non-zero samples
2025-05-17 08:01:39 INFO  ren0 [gaussian_mixture_model.h:808] Processing mega batch of size 1827540
2025-05-17 08:01:40 INFO  ren0 [MIFocalGuidingPathTracer] GMM[
weight = 0.00273888 mean = [0.0761609 2.50033 -2.98712] covariance = [[0.000486079 0.000570029 -0.000109071][0.000570029 0.000854666 -0.000167458][-0.000109071 -0.000167458 4.56026e-05]]
weight = 0.000128236 mean = [0.0139891 2.55839 -2.98281] covariance = [[0.000454869 -0.000124444 0.000349279][-0.000124444 6.1173e-05 -9.1731e-05][0.000349279 -9.1731e-05 0.00029304]]
weight = 0.0133682 mean = [0.190185 2.47936 -2.98905] covariance = [[0.00261876 -0.00124056 -0.000223223][-0.00124056 0.000836038 0.00010849][-0.000223223 0.00010849 6.92646e-05]]
weight = 0.00070946 mean = [-2.29461 3.97938 -2.98095] covariance = [[6.62533e-05 -1.08867e-05 -6.8552e-06][-1.08867e-05 5.75081e-05 5.17776e-06][-6.8552e-06 5.17776e-06 2.7486e-05]]
weight = 0.0523354 mean = [-0.907527 3.08159 -2.98236] covariance = [[1.44267 -0.89327 -0.00151999][-0.89327 0.553147 0.000946106][-0.00151999 0.000946106 2.19805e-05]]
weight = 0.206813 mean = [2.73917 1.19622 -2.48949] covariance = [[1.00196 -0.311756 0.233968][-0.311756 0.318167 -0.00445673][0.233968 -0.00445673 0.299246]]
weight = 0.723907 mean = [3.19005 2.91112 1.4989] covariance = [[16.2567 0.34882 3.63278][0.34882 3.79288 0.277095][3.63278 0.277095 7.66072]]
]
2025-05-17 08:01:40 INFO  ren0 [octree.h:535] root weight: 2.366e+06 (2366495.250000)
2025-05-17 08:01:40 INFO  ren0 [octree.h:536] splitting threshold: 2.366e+03 (2366.495361)
2025-05-17 08:01:40 INFO  ren0 [octree.h:535] root weight: 2.236e+05 (223638.953125)
2025-05-17 08:01:40 INFO  ren0 [octree.h:536] splitting threshold: 2.236e+02 (223.638962)
2025-05-17 08:01:40 INFO  ren0 [octree.h:551] node count: 816 -> 979 -> 803

2025-05-17 08:01:40 INFO  ren0 [octree.h:551] node count: 455 -> 470 -> 448

2025-05-17 08:01:40 INFO  ren0 [MIFocalGuidingPathTracer] ITERATION 9, until 100.0 seconds
2025-05-17 08:01:57 INFO  ren0 [MIFocalGuidingPathTracer]   210.36 seconds elapsed, passes this iteration: 1, total passes: 17
2025-05-17 08:01:57 INFO  ren0 [pmm_focal_guiding_recursive.cpp:214] starting iterative narrowing
2025-05-17 08:01:57 INFO  ren0 [MIFocalGuidingPathTracer] Got 547882 non-zero samples
2025-05-17 08:01:57 INFO  ren0 [gaussian_mixture_model.h:808] Processing mega batch of size 547882
2025-05-17 08:01:58 INFO  ren0 [MIFocalGuidingPathTracer] GMM[
weight = 7.50303e-05 mean = [-2.30075 3.97709 -2.98039] covariance = [[3.378e-05 1.941e-06 2.25742e-06][1.941e-06 2.93707e-05 -4.95334e-06][2.25742e-06 -4.95334e-06 4.31743e-05]]
weight = 7.50303e-05 mean = [-2.29426 3.97972 -2.98058] covariance = [[3.378e-05 1.941e-06 2.25742e-06][1.941e-06 2.93707e-05 -4.95334e-06][2.25742e-06 -4.95334e-06 4.31743e-05]]
weight = 0.00352065 mean = [0.0818425 2.4786 -2.98639] covariance = [[4.83213e-05 -9.38362e-07 -3.1018e-06][-9.38362e-07 2.06237e-05 2.60675e-06][-3.1018e-06 2.60675e-06 2.92857e-05]]
weight = 0.00014842 mean = [-2.28249 3.93914 -2.97549] covariance = [[0.0462752 -0.0279197 0.000222238][-0.0279197 0.017033 -5.31452e-05][0.000222238 -5.31452e-05 5.46123e-05]]
weight = 0.0391684 mean = [0.114722 2.5336 -2.97285] covariance = [[0.000945609 0.000308373 -0.000241769][0.000308373 0.00116905 0.00022584][-0.000241769 0.00022584 0.000288094]]
weight = 0.00352065 mean = [0.0731518 2.47902 -2.98496] covariance = [[4.83213e-05 -9.38362e-07 -3.1018e-06][-9.38362e-07 2.06237e-05 2.60675e-06][-3.1018e-06 2.60675e-06 2.92857e-05]]
weight = 0.000320483 mean = [-2.27244 3.9846 -2.98269] covariance = [[0.000267102 0.000113927 -3.03306e-05][0.000113927 7.8821e-05 2.26654e-06][-3.03306e-05 2.26654e-06 2.72356e-05]]
weight = 0.00014842 mean = [-2.58657 4.12315 -2.97671] covariance = [[0.0462752 -0.0279197 0.000222238][-0.0279197 0.017033 -5.31452e-05][0.000222238 -5.31452e-05 5.46123e-05]]
weight = 0.0387354 mean = [0.0780447 2.47646 -2.98969] covariance = [[0.00015415 3.08694e-05 -1.21957e-05][3.08694e-05 2.16515e-05 1.12499e-05][-1.21957e-05 1.12499e-05 2.75714e-05]]
weight = 0.000812506 mean = [-1.87362 3.67495 -2.98616] covariance = [[0.986269 -0.607926 -0.0011525][-0.607926 0.37483 0.000764845][-0.0011525 0.000764845 2.9544e-05]]
weight = 0.913475 mean = [2.65592 2.68304 -0.38103] covariance = [[13.3895 -0.234846 2.6221][-0.234846 3.7988 1.61672][2.6221 1.61672 8.29841]]
]
2025-05-17 08:01:58 INFO  ren0 [octree.h:535] root weight: 1.919e+06 (1918511.250000)
2025-05-17 08:01:58 INFO  ren0 [octree.h:536] splitting threshold: 1.919e+03 (1918.511353)
2025-05-17 08:01:58 INFO  ren0 [octree.h:535] root weight: 1.673e+05 (167263.156250)
2025-05-17 08:01:58 INFO  ren0 [octree.h:536] splitting threshold: 1.673e+02 (167.263168)
2025-05-17 08:01:58 INFO  ren0 [octree.h:551] node count: 803 -> 911 -> 821

2025-05-17 08:01:58 INFO  ren0 [octree.h:551] node count: 448 -> 453 -> 446

2025-05-17 08:01:58 INFO  ren0 [MIFocalGuidingPathTracer] ITERATION 10, until 110.0 seconds
2025-05-17 08:02:21 INFO  ren0 [MIFocalGuidingPathTracer]   233.87 seconds elapsed, passes this iteration: 1, total passes: 18
2025-05-17 08:02:21 INFO  ren0 [MIFocalGuidingPathTracer] Got 1867797 non-zero samples
2025-05-17 08:02:21 INFO  ren0 [gaussian_mixture_model.h:808] Processing mega batch of size 1867797
2025-05-17 08:02:22 INFO  ren0 [MIFocalGuidingPathTracer] GMM[
weight = 0.0213853 mean = [2.61592 1.07661 -2.85001] covariance = [[0.00157711 -0.000978619 -0.000500868][-0.000978619 0.000745078 0.000199851][-0.000500868 0.000199851 0.00153665]]
weight = 0.136616 mean = [2.65201 1.05555 -2.91466] covariance = [[0.00809618 -0.00351439 -0.00294644][-0.00351439 0.00352917 0.00168857][-0.00294644 0.00168857 0.00532304]]
weight = 0.0031029 mean = [-2.20984 3.93124 -2.85097] covariance = [[0.0779872 -0.0476918 -0.00130822][-0.0476918 0.0303817 0.0012153][-0.00130822 0.0012153 0.000464679]]
weight = 0.0528574 mean = [-3.06206 4.43819 -2.9064] covariance = [[3.79551 -2.21989 0.140981][-2.21989 1.31849 -0.0751278][0.140981 -0.0751278 0.019483]]
weight = 0.00910984 mean = [3.15183 1.3296 -2.22478] covariance = [[1.43572 -0.0952225 0.539293][-0.0952225 0.69899 -0.0114898][0.539293 -0.0114898 0.526321]]
weight = 0.00396669 mean = [-2.29428 3.95761 -2.97054] covariance = [[0.000485351 -0.00026454 2.64269e-05][-0.00026454 0.00108569 -0.000530615][2.64269e-05 -0.000530615 0.000404236]]
weight = 0.0213853 mean = [2.56327 1.1096 -2.8162] covariance = [[0.00157711 -0.000978619 -0.000500868][-0.000978619 0.000745078 0.000199851][-0.000500868 0.000199851 0.00153665]]
