2025-05-20 22:03:39 INFO  main [mitsuba.cpp:274] Mitsuba version 0.6.0 (Linux, 64 bit), Copyright (c) 2017 Wenzel Jakob
2025-05-20 22:03:39 INFO  main [mitsuba.cpp:377] Parsing scene description from "scene/modern-hall/modern-hall.xml" ..
2025-05-20 22:03:39 INFO  main [scenehandler.cpp:675] In file "/mitsuba/scene/modern-hall/modern-hall.xml" (near line 20): Parsing included file "pmm_focal_recursive.xml" ..
2025-05-20 22:03:39 INFO  main [PluginManager] Loading plugin "plugins/pmm_focal_recursive.so" ..
2025-05-20 22:03:39 INFO  main [octree.h:534] root weight: 8.000e-20 (0.000000)
2025-05-20 22:03:39 INFO  main [octree.h:535] splitting threshold: 8.000e-23 (0.000000)
2025-05-20 22:03:39 INFO  main [octree.h:550] node count: 1 -> 585 -> 585

2025-05-20 22:03:39 INFO  main [octree.h:534] root weight: 8.000e-20 (0.000000)
2025-05-20 22:03:39 INFO  main [octree.h:535] splitting threshold: 8.000e-23 (0.000000)
2025-05-20 22:03:39 INFO  main [octree.h:550] node count: 1 -> 585 -> 585

2025-05-20 22:03:39 INFO  main [MIFocalGuidingPathTracer] Final render will have 32 spp, m_budget will not be taken into account.
2025-05-20 22:03:39 INFO  main [MIFocalGuidingPathTracer] budget: 1800
2025-05-20 22:03:39 INFO  main [MIFocalGuidingPathTracer] dumpPrimaryRays: false
2025-05-20 22:03:39 INFO  main [MIFocalGuidingPathTracer] dumpScene: false
2025-05-20 22:03:39 INFO  main [MIFocalGuidingPathTracer] finalSpp: 32
2025-05-20 22:03:39 INFO  main [MIFocalGuidingPathTracer] gmm.alpha: 0.4
2025-05-20 22:03:39 INFO  main [MIFocalGuidingPathTracer] gmm.initMethod: Uniform
2025-05-20 22:03:39 INFO  main [MIFocalGuidingPathTracer] gmm.maxNumComp: 10
2025-05-20 22:03:39 INFO  main [MIFocalGuidingPathTracer] gmm.mergingThreshold: 0.65
2025-05-20 22:03:39 INFO  main [MIFocalGuidingPathTracer] gmm.minNumComp: 3
2025-05-20 22:03:39 INFO  main [MIFocalGuidingPathTracer] gmm.splittingThreshold: 100
2025-05-20 22:03:39 INFO  main [MIFocalGuidingPathTracer] iterationBudget: 10
2025-05-20 22:03:39 INFO  main [MIFocalGuidingPathTracer] iterationCount: 15
2025-05-20 22:03:39 INFO  main [MIFocalGuidingPathTracer] maxDepth: 40
2025-05-20 22:03:39 INFO  main [MIFocalGuidingPathTracer] minSamplesToStartFitting: 10
2025-05-20 22:03:39 INFO  main [MIFocalGuidingPathTracer] normalBinning: disabled
2025-05-20 22:03:39 INFO  main [MIFocalGuidingPathTracer] renderMaxSeconds: 36000
2025-05-20 22:03:39 INFO  main [MIFocalGuidingPathTracer] rrDepth: 14
2025-05-20 22:03:39 INFO  main [MIFocalGuidingPathTracer] samplingMode: 2
2025-05-20 22:03:39 INFO  main [MIFocalGuidingPathTracer] shouldPretrain: false
2025-05-20 22:03:39 INFO  main [MIFocalGuidingPathTracer] strictNormals: true
2025-05-20 22:03:39 INFO  main [MIFocalGuidingPathTracer] trainingSamples: 4
2025-05-20 22:03:39 INFO  main [MIFocalGuidingPathTracer] tree.threshold: 0.001
2025-05-20 22:03:39 INFO  main [MIFocalGuidingPathTracer] unboundedSplatting: true
2025-05-20 22:03:39 INFO  main [PluginManager] Loading plugin "plugins/independent.so" ..
2025-05-20 22:03:39 INFO  main [PluginManager] Loading plugin "plugins/box.so" ..
2025-05-20 22:03:39 INFO  main [PluginManager] Loading plugin "plugins/hdrfilm.so" ..
2025-05-20 22:03:39 INFO  main [PluginManager] Loading plugin "plugins/perspective.so" ..
2025-05-20 22:03:39 INFO  main [PluginManager] Loading plugin "plugins/dielectric.so" ..
2025-05-20 22:03:39 INFO  main [PluginManager] Loading plugin "plugins/bitmap.so" ..
2025-05-20 22:03:39 INFO  main [BitmapTexture] Loading texture "wood5.jpg"
2025-05-20 22:03:39 INFO  main [PluginManager] Loading plugin "plugins/lanczos.so" ..
2025-05-20 22:03:39 INFO  main [MIPMap] Generating MIP map cache file "/mitsuba/scene/modern-hall/textures/wood5.mip" ..
2025-05-20 22:03:39 INFO  main [PluginManager] Loading plugin "plugins/roughplastic.so" ..
2025-05-20 22:03:39 INFO  main [PluginManager] Loading plugin "plugins/twosided.so" ..
2025-05-20 22:03:39 INFO  main [BitmapTexture] Loading texture "Tiles.jpg"
2025-05-20 22:03:39 INFO  main [PluginManager] Loading plugin "plugins/diffuse.so" ..
2025-05-20 22:03:39 INFO  main [BitmapTexture] Loading texture "Wallpaper.jpg"
2025-05-20 22:03:39 INFO  main [PluginManager] Loading plugin "plugins/roughconductor.so" ..
2025-05-20 22:03:39 INFO  main [spectrum.cpp:599] "Cu.eta.spd": loaded a spectral power distribution with 55 entries (between 302.400421 and 885.601257 nm)
2025-05-20 22:03:39 INFO  main [spectrum.cpp:599] "Cu.k.spd": loaded a spectral power distribution with 55 entries (between 302.400421 and 885.601257 nm)
2025-05-20 22:03:39 INFO  main [spectrum.cpp:599] "Cu.eta.spd": loaded a spectral power distribution with 55 entries (between 302.400421 and 885.601257 nm)
2025-05-20 22:03:39 INFO  main [spectrum.cpp:599] "Cu.k.spd": loaded a spectral power distribution with 55 entries (between 302.400421 and 885.601257 nm)
2025-05-20 22:03:39 INFO  main [PluginManager] Loading plugin "plugins/difftrans.so" ..
2025-05-20 22:03:39 INFO  main [PluginManager] Loading plugin "plugins/area.so" ..
2025-05-20 22:03:39 INFO  main [PluginManager] Loading plugin "plugins/rectangle.so" ..
2025-05-20 22:03:39 INFO  main [PluginManager] Loading plugin "plugins/cube.so" ..
2025-05-20 22:03:39 INFO  main [PluginManager] Loading plugin "plugins/obj.so" ..
2025-05-20 22:03:39 INFO  main [WavefrontOBJ] Loading geometry from "Mesh008.obj" ..
2025-05-20 22:03:39 INFO  main [WavefrontOBJ] Mesh008: 5184 triangles, 2664 vertices (merged 12888 vertices).
2025-05-20 22:03:39 INFO  main [WavefrontOBJ] Done with "Mesh008.obj" (took 12 ms)
2025-05-20 22:03:39 INFO  main [WavefrontOBJ] Loading geometry from "Mesh004.obj" ..
2025-05-20 22:03:39 INFO  main [WavefrontOBJ] Mesh004: 5184 triangles, 2664 vertices (merged 12888 vertices).
2025-05-20 22:03:39 INFO  main [WavefrontOBJ] Done with "Mesh004.obj" (took 11 ms)
2025-05-20 22:03:39 INFO  main [WavefrontOBJ] Loading geometry from "Mesh003.obj" ..
2025-05-20 22:03:39 INFO  main [WavefrontOBJ] Mesh003: 5184 triangles, 2664 vertices (merged 12888 vertices).
2025-05-20 22:03:39 INFO  main [WavefrontOBJ] Done with "Mesh003.obj" (took 11 ms)
2025-05-20 22:03:39 INFO  main [WavefrontOBJ] Loading geometry from "Mesh006.obj" ..
2025-05-20 22:03:39 INFO  main [WavefrontOBJ] Mesh006: 5184 triangles, 2664 vertices (merged 12888 vertices).
2025-05-20 22:03:39 INFO  main [WavefrontOBJ] Done with "Mesh006.obj" (took 11 ms)
2025-05-20 22:03:39 INFO  main [WavefrontOBJ] Loading geometry from "Mesh012.obj" ..
2025-05-20 22:03:39 INFO  main [WavefrontOBJ] Mesh012: 444 triangles, 882 vertices (merged 450 vertices).
2025-05-20 22:03:39 INFO  main [WavefrontOBJ] Done with "Mesh012.obj" (took 2 ms)
2025-05-20 22:03:39 INFO  main [WavefrontOBJ] Loading geometry from "Mesh013.obj" ..
2025-05-20 22:03:39 INFO  main [WavefrontOBJ] Mesh013: 5184 triangles, 2664 vertices (merged 12888 vertices).
2025-05-20 22:03:39 INFO  main [WavefrontOBJ] Done with "Mesh013.obj" (took 11 ms)
2025-05-20 22:03:39 INFO  main [WavefrontOBJ] Loading geometry from "Mesh010.obj" ..
2025-05-20 22:03:39 INFO  main [WavefrontOBJ] Mesh010: 32 triangles, 60 vertices (merged 36 vertices).
2025-05-20 22:03:39 INFO  main [WavefrontOBJ] Done with "Mesh010.obj" (took 0 ms)
2025-05-20 22:03:39 INFO  main [WavefrontOBJ] Loading geometry from "Mesh015.obj" ..
2025-05-20 22:03:39 INFO  main [WavefrontOBJ] Mesh015: 32 triangles, 60 vertices (merged 36 vertices).
2025-05-20 22:03:39 INFO  main [WavefrontOBJ] Done with "Mesh015.obj" (took 0 ms)
2025-05-20 22:03:39 INFO  main [WavefrontOBJ] Loading geometry from "Mesh002.obj" ..
2025-05-20 22:03:39 INFO  main [WavefrontOBJ] Mesh002: 32 triangles, 60 vertices (merged 36 vertices).
2025-05-20 22:03:39 INFO  main [WavefrontOBJ] Done with "Mesh002.obj" (took 0 ms)
2025-05-20 22:03:39 INFO  main [WavefrontOBJ] Loading geometry from "Mesh007.obj" ..
2025-05-20 22:03:39 INFO  main [WavefrontOBJ] Mesh007: 32 triangles, 60 vertices (merged 36 vertices).
2025-05-20 22:03:39 INFO  main [WavefrontOBJ] Done with "Mesh007.obj" (took 0 ms)
2025-05-20 22:03:39 INFO  main [WavefrontOBJ] Loading geometry from "Mesh005.obj" ..
2025-05-20 22:03:39 INFO  main [WavefrontOBJ] Mesh005: 12 triangles, 20 vertices (merged 16 vertices).
2025-05-20 22:03:39 INFO  main [WavefrontOBJ] Done with "Mesh005.obj" (took 0 ms)
2025-05-20 22:03:39 INFO  main [WavefrontOBJ] Loading geometry from "Mesh016.obj" ..
2025-05-20 22:03:39 INFO  main [WavefrontOBJ] Mesh016: 120 triangles, 204 vertices (merged 156 vertices).
2025-05-20 22:03:39 INFO  main [WavefrontOBJ] Done with "Mesh016.obj" (took 0 ms)
2025-05-20 22:03:39 INFO  main [WavefrontOBJ] Loading geometry from "Mesh017.obj" ..
2025-05-20 22:03:39 INFO  main [WavefrontOBJ] Mesh017: 20 triangles, 40 vertices (merged 20 vertices).
2025-05-20 22:03:39 INFO  main [WavefrontOBJ] Done with "Mesh017.obj" (took 0 ms)
2025-05-20 22:03:39 INFO  main [WavefrontOBJ] Loading geometry from "Mesh018.obj" ..
2025-05-20 22:03:39 INFO  main [WavefrontOBJ] Mesh018: 2 triangles, 4 vertices (merged 2 vertices).
2025-05-20 22:03:39 INFO  main [WavefrontOBJ] Done with "Mesh018.obj" (took 0 ms)
2025-05-20 22:03:39 INFO  main [WavefrontOBJ] Loading geometry from "Mesh011.obj" ..
2025-05-20 22:03:39 INFO  main [WavefrontOBJ] Mesh011: 32 triangles, 30 vertices (merged 66 vertices).
2025-05-20 22:03:39 INFO  main [WavefrontOBJ] Done with "Mesh011.obj" (took 0 ms)
2025-05-20 22:03:39 INFO  main [PluginManager] Loading plugin "plugins/homogeneous.so" ..
2025-05-20 22:03:39 INFO  main [PluginManager] Loading plugin "plugins/isotropic.so" ..
2025-05-20 22:03:39 INFO  main [WavefrontOBJ] Loading geometry from "Mesh014.obj" ..
2025-05-20 22:03:39 INFO  main [WavefrontOBJ] Mesh014: 36 triangles, 72 vertices (merged 36 vertices).
2025-05-20 22:03:39 INFO  main [WavefrontOBJ] Done with "Mesh014.obj" (took 0 ms)
2025-05-20 22:03:39 INFO  main [WavefrontOBJ] Loading geometry from "Mesh001.obj" ..
2025-05-20 22:03:39 INFO  main [WavefrontOBJ] Mesh001: 924 triangles, 2016 vertices (merged 756 vertices).
2025-05-20 22:03:39 INFO  main [WavefrontOBJ] Done with "Mesh001.obj" (took 5 ms)
2025-05-20 22:03:39 INFO  main [WavefrontOBJ] Loading geometry from "Mesh000.obj" ..
2025-05-20 22:03:39 INFO  main [WavefrontOBJ] Mesh000: 3127 triangles, 2075 vertices (merged 7306 vertices).
2025-05-20 22:03:39 INFO  main [WavefrontOBJ] Done with "Mesh000.obj" (took 12 ms)
2025-05-20 22:03:39 INFO  main [WavefrontOBJ] Loading geometry from "Mesh009.obj" ..
2025-05-20 22:03:39 INFO  main [WavefrontOBJ] Mesh009: 146 triangles, 110 vertices (merged 328 vertices).
2025-05-20 22:03:39 INFO  main [WavefrontOBJ] Done with "Mesh009.obj" (took 0 ms)
2025-05-20 22:03:39 INFO  ren0 [KDTreeBase] Constructing a SAH kd-tree (30963 primitives) ..
2025-05-20 22:03:39 INFO  ren0 [KDTreeBase] Finished -- took 113 ms.
2025-05-20 22:03:39 INFO  ren0 [octree.h:534] root weight: 8.000e-20 (0.000000)
2025-05-20 22:03:39 INFO  ren0 [octree.h:535] splitting threshold: 8.000e-23 (0.000000)
2025-05-20 22:03:39 INFO  ren0 [octree.h:550] node count: 1 -> 585 -> 585

2025-05-20 22:03:39 INFO  ren0 [octree.h:534] root weight: 4.096e-17 (0.000000)
2025-05-20 22:03:39 INFO  ren0 [octree.h:535] splitting threshold: 4.096e-20 (0.000000)
2025-05-20 22:03:39 INFO  ren0 [octree.h:550] node count: 585 -> 585 -> 585

2025-05-20 22:03:39 INFO  ren0 [octree.h:534] root weight: 8.000e-20 (0.000000)
2025-05-20 22:03:39 INFO  ren0 [octree.h:535] splitting threshold: 8.000e-23 (0.000000)
2025-05-20 22:03:39 INFO  ren0 [octree.h:550] node count: 1 -> 585 -> 585

2025-05-20 22:03:39 INFO  ren0 [octree.h:534] root weight: 8.000e-20 (0.000000)
2025-05-20 22:03:39 INFO  ren0 [octree.h:535] splitting threshold: 8.000e-23 (0.000000)
2025-05-20 22:03:39 INFO  ren0 [octree.h:550] node count: 1 -> 585 -> 585

2025-05-20 22:03:39 INFO  ren0 [octree.h:534] root weight: 4.096e-17 (0.000000)
2025-05-20 22:03:39 INFO  ren0 [octree.h:535] splitting threshold: 4.096e-20 (0.000000)
2025-05-20 22:03:39 INFO  ren0 [octree.h:550] node count: 585 -> 585 -> 585

2025-05-20 22:03:39 INFO  ren0 [octree.h:534] root weight: 8.000e-20 (0.000000)
2025-05-20 22:03:39 INFO  ren0 [octree.h:535] splitting threshold: 8.000e-23 (0.000000)
2025-05-20 22:03:39 INFO  ren0 [octree.h:550] node count: 1 -> 585 -> 585

2025-05-20 22:03:39 INFO  ren0 [MIFocalGuidingPathTracer] AABB3[min=[-21.7494, -3.70393, -3.09172], max=[7.19249, 11.2965, 6.96201]]
2025-05-20 22:03:39 INFO  ren0 [MIFocalGuidingPathTracer] Starting render job (1280x720, 12 cores, SSE2 enabled) ..
2025-05-20 22:03:39 INFO  ren0 [MIFocalGuidingPathTracer] ITERATION 0, until 10.0 seconds
2025-05-20 22:03:49 INFO  ren0 [MIFocalGuidingPathTracer]   10.57 seconds elapsed, passes this iteration: 6, total passes: 6
2025-05-20 22:03:49 INFO  ren0 [MIFocalGuidingPathTracer] Got 131406 non-zero samples
2025-05-20 22:03:49 INFO  ren0 [gaussian_mixture_model.h:815] Processing mega batch of size 131406
2025-05-20 22:03:49 INFO  ren0 [gaussian_mixture_model.h:554] Uniform
2025-05-20 22:03:49 INFO  ren0 [gaussian_mixture_model.h:588] Increasing the number of max components to 12 to allow uniform distribution
2025-05-20 22:03:50 INFO  ren0 [gaussian_mixture_model.h:215] Before splitting
2025-05-20 22:03:50 INFO  ren0 [gaussian_mixture_model.h:216] GMM[
weight = 0.00888622 mean = [-9.90029 1.74198 -1.58362] covariance = [[8.54895 1.55942 -0.827114][1.55942 2.4583 -0.651201][-0.827114 -0.651201 1.36253]]
weight = 0.00701249 mean = [-11.2507 0.528983 1.78368] covariance = [[12.3022 1.55528 -0.592188][1.55528 4.49856 -0.135908][-0.592188 -0.135908 1.01268]]
weight = 0.00249306 mean = [-11.1551 -0.0188058 5.26269] covariance = [[10.448 1.09614 0.508496][1.09614 4.73287 0.11442][0.508496 0.11442 1.40951]]
weight = 0.00709045 mean = [-10.4327 5.45822 -1.32702] covariance = [[10.8294 -0.738037 -0.626486][-0.738037 2.4669 -0.194571][-0.626486 -0.194571 0.822433]]
weight = 0.00406156 mean = [-10.1975 5.45541 1.64239] covariance = [[10.5911 -1.41558 0.421712][-1.41558 2.60502 0.203058][0.421712 0.203058 1.02616]]
weight = 0.00133 mean = [-10.8376 7.94314 5.13345] covariance = [[7.46464 0.46911 -0.312551][0.46911 4.64419 0.13875][-0.312551 0.13875 1.18421]]
weight = 0.580173 mean = [1.8694 1.62073 -2.61502] covariance = [[3.7585 -0.701349 0.113607][-0.701349 1.08106 0.0189503][0.113607 0.0189503 0.604548]]
weight = 0.0939242 mean = [2.44603 1.484 1.81979] covariance = [[12.5312 1.01732 0.229541][1.01732 2.69114 -0.0929832][0.229541 -0.0929832 1.08634]]
weight = 0.0366854 mean = [4.20957 1.38494 5.14149] covariance = [[10.5897 1.79227 0.939045][1.79227 3.22839 0.317054][0.939045 0.317054 1.52755]]
weight = 0.151576 mean = [-1.57575 4.77379 -2.29563] covariance = [[11.8778 -0.535508 1.80014][-0.535508 1.01374 0.0658898][1.80014 0.0658898 1.07169]]
weight = 0.073636 mean = [1.33365 5.12299 1.90031] covariance = [[13.3452 -0.510234 -0.109412][-0.510234 1.09511 0.076936][-0.109412 0.076936 1.03584]]
weight = 0.033132 mean = [4.89963 5.27136 4.99948] covariance = [[9.28488 -1.64698 0.808629][-1.64698 1.54346 -0.130359][0.808629 -0.130359 1.25058]]
]
2025-05-20 22:03:50 INFO  ren0 [gaussian_mixture_model.h:218] Before merging
2025-05-20 22:03:50 INFO  ren0 [gaussian_mixture_model.h:219] GMM[
weight = 0.00888622 mean = [-9.90029 1.74198 -1.58362] covariance = [[8.54895 1.55942 -0.827114][1.55942 2.4583 -0.651201][-0.827114 -0.651201 1.36253]]
weight = 0.00701249 mean = [-11.2507 0.528983 1.78368] covariance = [[12.3022 1.55528 -0.592188][1.55528 4.49856 -0.135908][-0.592188 -0.135908 1.01268]]
weight = 0.00249306 mean = [-11.1551 -0.0188058 5.26269] covariance = [[10.448 1.09614 0.508496][1.09614 4.73287 0.11442][0.508496 0.11442 1.40951]]
weight = 0.00709045 mean = [-10.4327 5.45822 -1.32702] covariance = [[10.8294 -0.738037 -0.626486][-0.738037 2.4669 -0.194571][-0.626486 -0.194571 0.822433]]
weight = 0.00406156 mean = [-10.1975 5.45541 1.64239] covariance = [[10.5911 -1.41558 0.421712][-1.41558 2.60502 0.203058][0.421712 0.203058 1.02616]]
weight = 0.00133 mean = [-10.8376 7.94314 5.13345] covariance = [[7.46464 0.46911 -0.312551][0.46911 4.64419 0.13875][-0.312551 0.13875 1.18421]]
weight = 0.580173 mean = [1.8694 1.62073 -2.61502] covariance = [[3.7585 -0.701349 0.113607][-0.701349 1.08106 0.0189503][0.113607 0.0189503 0.604548]]
weight = 0.0939242 mean = [2.44603 1.484 1.81979] covariance = [[12.5312 1.01732 0.229541][1.01732 2.69114 -0.0929832][0.229541 -0.0929832 1.08634]]
weight = 0.0366854 mean = [4.20957 1.38494 5.14149] covariance = [[10.5897 1.79227 0.939045][1.79227 3.22839 0.317054][0.939045 0.317054 1.52755]]
weight = 0.151576 mean = [-1.57575 4.77379 -2.29563] covariance = [[11.8778 -0.535508 1.80014][-0.535508 1.01374 0.0658898][1.80014 0.0658898 1.07169]]
weight = 0.073636 mean = [1.33365 5.12299 1.90031] covariance = [[13.3452 -0.510234 -0.109412][-0.510234 1.09511 0.076936][-0.109412 0.076936 1.03584]]
weight = 0.033132 mean = [4.89963 5.27136 4.99948] covariance = [[9.28488 -1.64698 0.808629][-1.64698 1.54346 -0.130359][0.808629 -0.130359 1.25058]]
]
2025-05-20 22:03:50 INFO  ren0 [gaussian_mixture_model.h:215] Before splitting
2025-05-20 22:03:50 INFO  ren0 [gaussian_mixture_model.h:216] GMM[
weight = 0.00854734 mean = [-10.1102 0.683508 1.61704] covariance = [[11.4807 1.67222 -0.412871][1.67222 4.79549 0.011165][-0.412871 0.011165 1.26181]]
weight = 0.00374855 mean = [-9.84187 0.364765 5.28841] covariance = [[9.24907 2.47839 0.472851][2.47839 4.96738 0.365569][0.472851 0.365569 1.056]]
weight = 0.016767 mean = [-9.0918 3.30078 -1.38653] covariance = [[16.039 -0.522205 -0.721628][-0.522205 8.40687 -0.113468][-0.721628 -0.113468 1.00975]]
weight = 0.00667442 mean = [-9.44403 5.30148 2.01808] covariance = [[6.99227 -0.893806 0.133453][-0.893806 2.17492 0.256137][0.133453 0.256137 1.09818]]
weight = 0.00175111 mean = [-9.33018 8.07513 4.88284] covariance = [[17.0795 2.52474 -1.39939][2.52474 5.16523 -0.298688][-1.39939 -0.298688 1.49225]]
weight = 0.562134 mean = [1.84032 1.66137 -2.68629] covariance = [[3.37702 -0.869847 0.156429][-0.869847 1.00871 -0.00357071][0.156429 -0.00357071 0.454336]]
weight = 0.104609 mean = [2.64676 1.51611 1.58046] covariance = [[12.1002 1.0814 0.266974][1.0814 3.24408 0.0644425][0.266974 0.0644425 1.30393]]
weight = 0.036196 mean = [4.45779 1.41566 5.22016] covariance = [[8.19694 1.44548 0.788774][1.44548 3.62672 0.395563][0.788774 0.395563 1.51526]]
weight = 0.151688 mean = [-1.27103 4.57842 -2.28353] covariance = [[12.1812 -0.426977 1.59344][-0.426977 0.94692 0.0835779][1.59344 0.0835779 1.02701]]
weight = 0.0765293 mean = [1.14766 5.0169 1.74186] covariance = [[14.9276 -0.679292 -0.00561244][-0.679292 1.24542 0.092181][-0.00561244 0.092181 1.10682]]
weight = 0.0313556 mean = [4.89265 5.26675 5.06802] covariance = [[7.55827 -1.99017 0.873615][-1.99017 2.27094 -0.347564][0.873615 -0.347564 1.39247]]
]
2025-05-20 22:03:50 INFO  ren0 [gaussian_mixture_model.h:218] Before merging
2025-05-20 22:03:50 INFO  ren0 [gaussian_mixture_model.h:219] GMM[
weight = 0.00427367 mean = [-11.7872 0.288364 1.68177] covariance = [[5.85602 0.346912 -0.195776][0.346912 4.48322 0.062318][-0.195776 0.062318 1.25344]]
weight = 0.00427367 mean = [-8.43317 1.07865 1.55231] covariance = [[5.85602 0.346912 -0.195776][0.346912 4.48322 0.062318][-0.195776 0.062318 1.25344]]
weight = 0.00374855 mean = [-9.84187 0.364765 5.28841] covariance = [[9.24907 2.47839 0.472851][2.47839 4.96738 0.365569][0.472851 0.365569 1.056]]
weight = 0.016767 mean = [-9.0918 3.30078 -1.38653] covariance = [[16.039 -0.522205 -0.721628][-0.522205 8.40687 -0.113468][-0.721628 -0.113468 1.00975]]
weight = 0.00667442 mean = [-9.44403 5.30148 2.01808] covariance = [[6.99227 -0.893806 0.133453][-0.893806 2.17492 0.256137][0.133453 0.256137 1.09818]]
weight = 0.00175111 mean = [-9.33018 8.07513 4.88284] covariance = [[17.0795 2.52474 -1.39939][2.52474 5.16523 -0.298688][-1.39939 -0.298688 1.49225]]
weight = 0.562134 mean = [1.84032 1.66137 -2.68629] covariance = [[3.37702 -0.869847 0.156429][-0.869847 1.00871 -0.00357071][0.156429 -0.00357071 0.454336]]
weight = 0.104609 mean = [2.64676 1.51611 1.58046] covariance = [[12.1002 1.0814 0.266974][1.0814 3.24408 0.0644425][0.266974 0.0644425 1.30393]]
weight = 0.036196 mean = [4.45779 1.41566 5.22016] covariance = [[8.19694 1.44548 0.788774][1.44548 3.62672 0.395563][0.788774 0.395563 1.51526]]
weight = 0.151688 mean = [-1.27103 4.57842 -2.28353] covariance = [[12.1812 -0.426977 1.59344][-0.426977 0.94692 0.0835779][1.59344 0.0835779 1.02701]]
weight = 0.0765293 mean = [1.14766 5.0169 1.74186] covariance = [[14.9276 -0.679292 -0.00561244][-0.679292 1.24542 0.092181][-0.00561244 0.092181 1.10682]]
weight = 0.0313556 mean = [4.89265 5.26675 5.06802] covariance = [[7.55827 -1.99017 0.873615][-1.99017 2.27094 -0.347564][0.873615 -0.347564 1.39247]]
]
2025-05-20 22:03:50 INFO  ren0 [MIFocalGuidingPathTracer] GMM[
weight = 0.00427367 mean = [-11.7872 0.288364 1.68177] covariance = [[5.85602 0.346912 -0.195776][0.346912 4.48322 0.062318][-0.195776 0.062318 1.25344]]
weight = 0.00427367 mean = [-8.43317 1.07865 1.55231] covariance = [[5.85602 0.346912 -0.195776][0.346912 4.48322 0.062318][-0.195776 0.062318 1.25344]]
weight = 0.00374855 mean = [-9.84187 0.364765 5.28841] covariance = [[9.24907 2.47839 0.472851][2.47839 4.96738 0.365569][0.472851 0.365569 1.056]]
weight = 0.016767 mean = [-9.0918 3.30078 -1.38653] covariance = [[16.039 -0.522205 -0.721628][-0.522205 8.40687 -0.113468][-0.721628 -0.113468 1.00975]]
weight = 0.00667442 mean = [-9.44403 5.30148 2.01808] covariance = [[6.99227 -0.893806 0.133453][-0.893806 2.17492 0.256137][0.133453 0.256137 1.09818]]
weight = 0.00175111 mean = [-9.33018 8.07513 4.88284] covariance = [[17.0795 2.52474 -1.39939][2.52474 5.16523 -0.298688][-1.39939 -0.298688 1.49225]]
weight = 0.562134 mean = [1.84032 1.66137 -2.68629] covariance = [[3.37702 -0.869847 0.156429][-0.869847 1.00871 -0.00357071][0.156429 -0.00357071 0.454336]]
weight = 0.104609 mean = [2.64676 1.51611 1.58046] covariance = [[12.1002 1.0814 0.266974][1.0814 3.24408 0.0644425][0.266974 0.0644425 1.30393]]
weight = 0.151688 mean = [-1.27103 4.57842 -2.28353] covariance = [[12.1812 -0.426977 1.59344][-0.426977 0.94692 0.0835779][1.59344 0.0835779 1.02701]]
weight = 0.0765293 mean = [1.14766 5.0169 1.74186] covariance = [[14.9276 -0.679292 -0.00561244][-0.679292 1.24542 0.092181][-0.00561244 0.092181 1.10682]]
weight = 0.0675516 mean = [4.65964 3.20323 5.14954] covariance = [[7.94753 0.267265 0.8117][0.267265 6.68611 -0.0950991][0.8117 -0.0950991 1.46403]]
]
2025-05-20 22:03:50 INFO  ren0 [octree.h:534] root weight: 2.902e+06 (2902086.500000)
2025-05-20 22:03:50 INFO  ren0 [octree.h:535] splitting threshold: 2.902e+03 (2902.086670)
2025-05-20 22:03:50 INFO  ren0 [octree.h:534] root weight: 2.880e+05 (287995.187500)
2025-05-20 22:03:50 INFO  ren0 [octree.h:535] splitting threshold: 2.880e+02 (287.995209)
2025-05-20 22:03:50 INFO  ren0 [octree.h:550] node count: 585 -> 885 -> 706

2025-05-20 22:03:50 INFO  ren0 [octree.h:550] node count: 585 -> 605 -> 451

2025-05-20 22:03:50 INFO  ren0 [MIFocalGuidingPathTracer] ITERATION 1, until 20.0 seconds
2025-05-20 22:04:11 INFO  ren0 [MIFocalGuidingPathTracer]   32.40 seconds elapsed, passes this iteration: 1, total passes: 7
2025-05-20 22:04:11 INFO  ren0 [MIFocalGuidingPathTracer] Got 55678 non-zero samples
2025-05-20 22:04:11 INFO  ren0 [gaussian_mixture_model.h:815] Processing mega batch of size 55678
2025-05-20 22:04:11 INFO  ren0 [gaussian_mixture_model.h:215] Before splitting
2025-05-20 22:04:11 INFO  ren0 [gaussian_mixture_model.h:216] GMM[
weight = 0.00155747 mean = [-11.8651 -0.0817937 1.49011] covariance = [[7.35037 2.47254 0.207935][2.47254 3.52892 0.318166][0.207935 0.318166 1.18254]]
weight = 0.00507566 mean = [-9.12931 0.853568 1.68917] covariance = [[10.7067 1.54154 0.118994][1.54154 4.05013 0.0677724][0.118994 0.0677724 1.32209]]
weight = 0.00271825 mean = [-8.67647 1.03853 5.26216] covariance = [[11.3523 2.08353 0.295032][2.08353 6.86451 0.329941][0.295032 0.329941 0.897375]]
weight = 0.0167995 mean = [-7.19412 3.64002 -1.53827] covariance = [[27.4639 3.32946 -0.276577][3.32946 14.6834 0.291605][-0.276577 0.291605 1.09568]]
weight = 0.00474179 mean = [-9.44777 5.39388 2.22438] covariance = [[7.43545 -1.82663 0.0300872][-1.82663 2.84409 0.0531072][0.0300872 0.0531072 1.47495]]
weight = 0.00199653 mean = [-8.92891 8.10672 4.15279] covariance = [[30.7034 2.63325 -2.79457][2.63325 5.048 -1.50981][-2.79457 -1.50981 2.00293]]
weight = 0.547576 mean = [1.94721 1.68292 -2.67917] covariance = [[3.5804 -1.14098 0.241433][-1.14098 0.983906 -0.0375445][0.241433 -0.0375445 0.376713]]
weight = 0.141592 mean = [3.27817 1.55117 1.21092] covariance = [[9.13633 0.156449 -0.336196][0.156449 3.0085 0.280939][-0.336196 0.280939 1.49651]]
weight = 0.157213 mean = [-0.228043 4.47511 -2.13163] covariance = [[15.0057 -0.907352 1.71065][-0.907352 0.923255 -0.0746527][1.71065 -0.0746527 0.95535]]
weight = 0.0855739 mean = [1.15994 4.86086 1.73483] covariance = [[11.294 -0.749733 -0.509531][-0.749733 1.20485 0.192857][-0.509531 0.192857 1.22583]]
weight = 0.0351553 mean = [4.60732 3.56537 4.92559] covariance = [[6.38678 -0.815106 1.08261][-0.815106 6.81355 -0.535376][1.08261 -0.535376 1.79639]]
]
2025-05-20 22:04:11 INFO  ren0 [gaussian_mixture_model.h:218] Before merging
2025-05-20 22:04:11 INFO  ren0 [gaussian_mixture_model.h:219] GMM[
weight = 0.000778735 mean = [-10.5527 0.564851 1.55482] covariance = [[3.90561 0.775226 0.0380794][0.775226 2.69263 0.234474][0.0380794 0.234474 1.17417]]
weight = 0.00507566 mean = [-9.12931 0.853568 1.68917] covariance = [[10.7067 1.54154 0.118994][1.54154 4.05013 0.0677724][0.118994 0.0677724 1.32209]]
weight = 0.00271825 mean = [-8.67647 1.03853 5.26216] covariance = [[11.3523 2.08353 0.295032][2.08353 6.86451 0.329941][0.295032 0.329941 0.897375]]
weight = 0.0167995 mean = [-7.19412 3.64002 -1.53827] covariance = [[27.4639 3.32946 -0.276577][3.32946 14.6834 0.291605][-0.276577 0.291605 1.09568]]
weight = 0.00474179 mean = [-9.44777 5.39388 2.22438] covariance = [[7.43545 -1.82663 0.0300872][-1.82663 2.84409 0.0531072][0.0300872 0.0531072 1.47495]]
weight = 0.00199653 mean = [-8.92891 8.10672 4.15279] covariance = [[30.7034 2.63325 -2.79457][2.63325 5.048 -1.50981][-2.79457 -1.50981 2.00293]]
weight = 0.547576 mean = [1.94721 1.68292 -2.67917] covariance = [[3.5804 -1.14098 0.241433][-1.14098 0.983906 -0.0375445][0.241433 -0.0375445 0.376713]]
weight = 0.141592 mean = [3.27817 1.55117 1.21092] covariance = [[9.13633 0.156449 -0.336196][0.156449 3.0085 0.280939][-0.336196 0.280939 1.49651]]
weight = 0.000778735 mean = [-13.1775 -0.728438 1.42539] covariance = [[3.90561 0.775226 0.0380794][0.775226 2.69263 0.234474][0.0380794 0.234474 1.17417]]
weight = 0.157213 mean = [-0.228043 4.47511 -2.13163] covariance = [[15.0057 -0.907352 1.71065][-0.907352 0.923255 -0.0746527][1.71065 -0.0746527 0.95535]]
weight = 0.0855739 mean = [1.15994 4.86086 1.73483] covariance = [[11.294 -0.749733 -0.509531][-0.749733 1.20485 0.192857][-0.509531 0.192857 1.22583]]
weight = 0.0351553 mean = [4.60732 3.56537 4.92559] covariance = [[6.38678 -0.815106 1.08261][-0.815106 6.81355 -0.535376][1.08261 -0.535376 1.79639]]
]
2025-05-20 22:04:11 INFO  ren0 [MIFocalGuidingPathTracer] GMM[
weight = 0.000778735 mean = [-10.5527 0.564851 1.55482] covariance = [[3.90561 0.775226 0.0380794][0.775226 2.69263 0.234474][0.0380794 0.234474 1.17417]]
weight = 0.00507566 mean = [-9.12931 0.853568 1.68917] covariance = [[10.7067 1.54154 0.118994][1.54154 4.05013 0.0677724][0.118994 0.0677724 1.32209]]
weight = 0.00271825 mean = [-8.67647 1.03853 5.26216] covariance = [[11.3523 2.08353 0.295032][2.08353 6.86451 0.329941][0.295032 0.329941 0.897375]]
weight = 0.0167995 mean = [-7.19412 3.64002 -1.53827] covariance = [[27.4639 3.32946 -0.276577][3.32946 14.6834 0.291605][-0.276577 0.291605 1.09568]]
weight = 0.00474179 mean = [-9.44777 5.39388 2.22438] covariance = [[7.43545 -1.82663 0.0300872][-1.82663 2.84409 0.0531072][0.0300872 0.0531072 1.47495]]
weight = 0.00199653 mean = [-8.92891 8.10672 4.15279] covariance = [[30.7034 2.63325 -2.79457][2.63325 5.048 -1.50981][-2.79457 -1.50981 2.00293]]
weight = 0.547576 mean = [1.94721 1.68292 -2.67917] covariance = [[3.5804 -1.14098 0.241433][-1.14098 0.983906 -0.0375445][0.241433 -0.0375445 0.376713]]
weight = 0.000778735 mean = [-13.1775 -0.728438 1.42539] covariance = [[3.90561 0.775226 0.0380794][0.775226 2.69263 0.234474][0.0380794 0.234474 1.17417]]
weight = 0.157213 mean = [-0.228043 4.47511 -2.13163] covariance = [[15.0057 -0.907352 1.71065][-0.907352 0.923255 -0.0746527][1.71065 -0.0746527 0.95535]]
weight = 0.227166 mean = [2.48023 2.79794 1.40828] covariance = [[11.0026 -1.831 -0.662064][-1.831 4.90104 0.654896][-0.662064 0.654896 1.459]]
weight = 0.0351553 mean = [4.60732 3.56537 4.92559] covariance = [[6.38678 -0.815106 1.08261][-0.815106 6.81355 -0.535376][1.08261 -0.535376 1.79639]]
]
2025-05-20 22:04:11 INFO  ren0 [octree.h:534] root weight: 2.057e+06 (2057260.500000)
2025-05-20 22:04:11 INFO  ren0 [octree.h:535] splitting threshold: 2.057e+03 (2057.260498)
2025-05-20 22:04:11 INFO  ren0 [octree.h:534] root weight: 1.899e+05 (189906.265625)
2025-05-20 22:04:11 INFO  ren0 [octree.h:535] splitting threshold: 1.899e+02 (189.906281)
2025-05-20 22:04:11 INFO  ren0 [octree.h:550] node count: 706 -> 795 -> 771

2025-05-20 22:04:11 INFO  ren0 [octree.h:550] node count: 451 -> 457 -> 448

2025-05-20 22:04:11 INFO  ren0 [MIFocalGuidingPathTracer] ITERATION 2, until 30.0 seconds
2025-05-20 22:04:35 INFO  ren0 [MIFocalGuidingPathTracer]   55.95 seconds elapsed, passes this iteration: 1, total passes: 8
2025-05-20 22:04:35 INFO  ren0 [MIFocalGuidingPathTracer] Got 68501 non-zero samples
2025-05-20 22:04:35 INFO  ren0 [gaussian_mixture_model.h:815] Processing mega batch of size 68501
2025-05-20 22:04:35 INFO  ren0 [gaussian_mixture_model.h:215] Before splitting
2025-05-20 22:04:35 INFO  ren0 [gaussian_mixture_model.h:216] GMM[
weight = 0.000679387 mean = [-11.5079 0.0516988 1.48999] covariance = [[8.17495 2.63323 0.223555][2.63323 3.61899 0.295633][0.223555 0.295633 1.24483]]
weight = 0.00353259 mean = [-8.17986 1.11976 1.74945] covariance = [[11.8202 2.18658 0.0163441][2.18658 5.01543 0.355632][0.0163441 0.355632 1.47068]]
weight = 0.00208379 mean = [-7.883 1.15751 5.32764] covariance = [[12.9617 2.2167 0.693082][2.2167 6.91651 0.502935][0.693082 0.502935 0.813355]]
weight = 0.0159154 mean = [-6.62424 2.47101 -1.63485] covariance = [[31.3444 2.96942 0.41546][2.96942 12.499 0.599028][0.41546 0.599028 0.948134]]
weight = 0.00373883 mean = [-7.62686 5.18284 2.30246] covariance = [[8.82986 -1.21979 0.267624][-1.21979 1.98028 0.0403614][0.267624 0.0403614 1.07609]]
weight = 0.0014207 mean = [-6.89463 8.17747 4.06698] covariance = [[33.5705 3.14735 -3.05856][3.14735 4.46412 -1.14097][-3.05856 -1.14097 2.0638]]
weight = 0.577217 mean = [2.00292 1.64267 -2.69833] covariance = [[3.53726 -1.28835 0.375462][-1.28835 0.937129 -0.0738643][0.375462 -0.0738643 0.30384]]
weight = 9.06638e-05 mean = [-14.049 -0.684079 1.59651] covariance = [[5.18049 0.0563456 -0.78919][0.0563456 2.07729 0.0218376][-0.78919 0.0218376 1.99123]]
weight = 0.141686 mean = [0.648078 4.28892 -1.98346] covariance = [[16.6539 -1.19678 1.85054][-1.19678 0.850026 -0.0729322][1.85054 -0.0729322 0.899601]]
weight = 0.18684 mean = [2.36787 3.29274 1.31957] covariance = [[12.1273 -2.38918 -1.29158][-2.38918 4.95437 1.18345][-1.29158 1.18345 1.81467]]
weight = 0.0667957 mean = [4.91829 3.54449 5.21004] covariance = [[3.33126 0.763718 0.394563][0.763718 5.06419 -0.148006][0.394563 -0.148006 1.19753]]
]
2025-05-20 22:04:35 INFO  ren0 [gaussian_mixture_model.h:218] Before merging
2025-05-20 22:04:35 INFO  ren0 [gaussian_mixture_model.h:219] GMM[
weight = 0.000339693 mean = [-10.1161 0.689702 1.55133] covariance = [[4.30065 0.857262 0.0527989][0.857262 2.80491 0.217359][0.0527989 0.217359 1.23732]]
weight = 0.00353259 mean = [-8.17986 1.11976 1.74945] covariance = [[11.8202 2.18658 0.0163441][2.18658 5.01543 0.355632][0.0163441 0.355632 1.47068]]
weight = 0.00208379 mean = [-7.883 1.15751 5.32764] covariance = [[12.9617 2.2167 0.693082][2.2167 6.91651 0.502935][0.693082 0.502935 0.813355]]
weight = 0.0159154 mean = [-6.62424 2.47101 -1.63485] covariance = [[31.3444 2.96942 0.41546][2.96942 12.499 0.599028][0.41546 0.599028 0.948134]]
weight = 0.00373883 mean = [-7.62686 5.18284 2.30246] covariance = [[8.82986 -1.21979 0.267624][-1.21979 1.98028 0.0403614][0.267624 0.0403614 1.07609]]
weight = 0.0014207 mean = [-6.89463 8.17747 4.06698] covariance = [[33.5705 3.14735 -3.05856][3.14735 4.46412 -1.14097][-3.05856 -1.14097 2.0638]]
weight = 0.577217 mean = [2.00292 1.64267 -2.69833] covariance = [[3.53726 -1.28835 0.375462][-1.28835 0.937129 -0.0738643][0.375462 -0.0738643 0.30384]]
weight = 0.000339693 mean = [-12.8997 -0.586305 1.42865] covariance = [[4.30065 0.857262 0.0527989][0.857262 2.80491 0.217359][0.0527989 0.217359 1.23732]]
weight = 9.06638e-05 mean = [-14.049 -0.684079 1.59651] covariance = [[5.18049 0.0563456 -0.78919][0.0563456 2.07729 0.0218376][-0.78919 0.0218376 1.99123]]
weight = 0.141686 mean = [0.648078 4.28892 -1.98346] covariance = [[16.6539 -1.19678 1.85054][-1.19678 0.850026 -0.0729322][1.85054 -0.0729322 0.899601]]
weight = 0.18684 mean = [2.36787 3.29274 1.31957] covariance = [[12.1273 -2.38918 -1.29158][-2.38918 4.95437 1.18345][-1.29158 1.18345 1.81467]]
weight = 0.0667957 mean = [4.91829 3.54449 5.21004] covariance = [[3.33126 0.763718 0.394563][0.763718 5.06419 -0.148006][0.394563 -0.148006 1.19753]]
]
2025-05-20 22:04:35 INFO  ren0 [MIFocalGuidingPathTracer] GMM[
weight = 0.00208379 mean = [-7.883 1.15751 5.32764] covariance = [[12.9617 2.2167 0.693082][2.2167 6.91651 0.502935][0.693082 0.502935 0.813355]]
weight = 0.0159154 mean = [-6.62424 2.47101 -1.63485] covariance = [[31.3444 2.96942 0.41546][2.96942 12.499 0.599028][0.41546 0.599028 0.948134]]
weight = 0.00373883 mean = [-7.62686 5.18284 2.30246] covariance = [[8.82986 -1.21979 0.267624][-1.21979 1.98028 0.0403614][0.267624 0.0403614 1.07609]]
weight = 0.0014207 mean = [-6.89463 8.17747 4.06698] covariance = [[33.5705 3.14735 -3.05856][3.14735 4.46412 -1.14097][-3.05856 -1.14097 2.0638]]
weight = 0.577217 mean = [2.00292 1.64267 -2.69833] covariance = [[3.53726 -1.28835 0.375462][-1.28835 0.937129 -0.0738643][0.375462 -0.0738643 0.30384]]
weight = 0.00430265 mean = [-8.82903 0.913102 1.70526] covariance = [[12.8522 2.7222 0.145182][2.7222 4.87476 0.373383][0.145182 0.373383 1.45459]]
weight = 0.141686 mean = [0.648078 4.28892 -1.98346] covariance = [[16.6539 -1.19678 1.85054][-1.19678 0.850026 -0.0729322][1.85054 -0.0729322 0.899601]]
weight = 0.18684 mean = [2.36787 3.29274 1.31957] covariance = [[12.1273 -2.38918 -1.29158][-2.38918 4.95437 1.18345][-1.29158 1.18345 1.81467]]
weight = 0.0667957 mean = [4.91829 3.54449 5.21004] covariance = [[3.33126 0.763718 0.394563][0.763718 5.06419 -0.148006][0.394563 -0.148006 1.19753]]
]
2025-05-20 22:04:35 INFO  ren0 [octree.h:534] root weight: 1.599e+06 (1598589.875000)
2025-05-20 22:04:35 INFO  ren0 [octree.h:535] splitting threshold: 1.599e+03 (1598.589966)
2025-05-20 22:04:35 INFO  ren0 [octree.h:534] root weight: 1.570e+05 (156963.593750)
2025-05-20 22:04:35 INFO  ren0 [octree.h:535] splitting threshold: 1.570e+02 (156.963608)
2025-05-20 22:04:35 INFO  ren0 [octree.h:550] node count: 771 -> 872 -> 787

2025-05-20 22:04:35 INFO  ren0 [octree.h:550] node count: 448 -> 459 -> 455

2025-05-20 22:04:35 INFO  ren0 [MIFocalGuidingPathTracer] ITERATION 3, until 40.0 seconds
2025-05-20 22:04:56 INFO  ren0 [MIFocalGuidingPathTracer]   76.82 seconds elapsed, passes this iteration: 1, total passes: 9
2025-05-20 22:04:56 INFO  ren0 [MIFocalGuidingPathTracer] Got 108504 non-zero samples
2025-05-20 22:04:56 INFO  ren0 [gaussian_mixture_model.h:815] Processing mega batch of size 108504
2025-05-20 22:04:56 INFO  ren0 [gaussian_mixture_model.h:215] Before splitting
2025-05-20 22:04:56 INFO  ren0 [gaussian_mixture_model.h:216] GMM[
weight = 0.000824799 mean = [-7.20706 1.41347 5.41811] covariance = [[36.4167 -2.49582 1.04417][-2.49582 8.67845 0.266409][1.04417 0.266409 0.590632]]
weight = 0.0127139 mean = [-4.40484 1.5956 -1.57841] covariance = [[21.9099 1.6947 -0.362591][1.6947 9.54846 0.798913][-0.362591 0.798913 1.00098]]
weight = 0.00177143 mean = [-7.19457 4.63299 1.73579] covariance = [[9.30607 -0.798028 0.0332485][-0.798028 2.06871 0.20004][0.0332485 0.20004 1.41609]]
weight = 0.00414752 mean = [-8.60163 7.37753 3.50176] covariance = [[117.449 17.5195 -10.0526][17.5195 3.25129 -1.61502][-10.0526 -1.61502 1.27255]]
weight = 0.376486 mean = [1.74283 1.85182 -2.73739] covariance = [[4.15662 -1.49367 0.503637][-1.49367 0.890538 -0.151675][0.503637 -0.151675 0.226306]]
weight = 0.00264182 mean = [-7.02207 1.20562 1.38166] covariance = [[12.9889 -0.98938 1.53573][-0.98938 3.6147 -0.0535621][1.53573 -0.0535621 1.314]]
weight = 0.126013 mean = [2.74156 3.88808 -1.76143] covariance = [[11.0279 -0.832005 0.917101][-0.832005 0.848293 0.150273][0.917101 0.150273 0.95605]]
weight = 0.299259 mean = [3.18067 3.64318 1.50232] covariance = [[6.02891 -0.572976 -0.523526][-0.572976 5.31686 0.685592][-0.523526 0.685592 1.5592]]
weight = 0.176143 mean = [4.40485 2.52929 5.41862] covariance = [[1.4742 0.232582 -0.342699][0.232582 3.98682 -0.277695][-0.342699 -0.277695 1.51568]]
]
2025-05-20 22:04:56 INFO  ren0 [gaussian_mixture_model.h:218] Before merging
2025-05-20 22:04:56 INFO  ren0 [gaussian_mixture_model.h:219] GMM[
weight = 0.000412399 mean = [-10.2217 1.68147 5.33284] covariance = [[18.2408 -0.879983 0.530048][-0.879983 8.53481 0.312115][0.530048 0.312115 0.576099]]
weight = 0.00635694 mean = [-6.7366 1.28358 -1.55021] covariance = [[11.0357 0.239601 -0.231068][0.239601 9.35377 0.816512][-0.231068 0.816512 0.999399]]
weight = 0.000412399 mean = [-4.19244 1.14547 5.50338] covariance = [[18.2408 -0.879983 0.530048][-0.879983 8.53481 0.312115][0.530048 0.312115 0.576099]]
weight = 0.00635694 mean = [-2.07307 1.90761 -1.60661] covariance = [[11.0357 0.239601 -0.231068][0.239601 9.35377 0.816512][-0.231068 0.816512 0.999399]]
weight = 0.000885713 mean = [-5.67118 4.46706 1.73798] covariance = [[4.66463 -0.292497 0.0265799][-0.292497 2.01366 0.200766][0.0265799 0.200766 1.41609]]
weight = 0.00414752 mean = [-8.60163 7.37753 3.50176] covariance = [[117.449 17.5195 -10.0526][17.5195 3.25129 -1.61502][-10.0526 -1.61502 1.27255]]
weight = 0.376486 mean = [1.74283 1.85182 -2.73739] covariance = [[4.15662 -1.49367 0.503637][-1.49367 0.890538 -0.151675][0.503637 -0.151675 0.226306]]
weight = 0.000885713 mean = [-8.71796 4.79891 1.7336] covariance = [[4.66463 -0.292497 0.0265799][-0.292497 2.01366 0.200766][0.0265799 0.200766 1.41609]]
weight = 0.00264182 mean = [-7.02207 1.20562 1.38166] covariance = [[12.9889 -0.98938 1.53573][-0.98938 3.6147 -0.0535621][1.53573 -0.0535621 1.314]]
weight = 0.126013 mean = [2.74156 3.88808 -1.76143] covariance = [[11.0279 -0.832005 0.917101][-0.832005 0.848293 0.150273][0.917101 0.150273 0.95605]]
weight = 0.299259 mean = [3.18067 3.64318 1.50232] covariance = [[6.02891 -0.572976 -0.523526][-0.572976 5.31686 0.685592][-0.523526 0.685592 1.5592]]
weight = 0.176143 mean = [4.40485 2.52929 5.41862] covariance = [[1.4742 0.232582 -0.342699][0.232582 3.98682 -0.277695][-0.342699 -0.277695 1.51568]]
]
2025-05-20 22:04:56 INFO  ren0 [gaussian_mixture_model.h:215] Before splitting
2025-05-20 22:04:56 INFO  ren0 [gaussian_mixture_model.h:216] GMM[
weight = 4.5309e-05 mean = [-5.67753 2.40001 5.12722] covariance = [[15.9106 -8.60829 -0.14072][-8.60829 30.0987 -0.752121][-0.14072 -0.752121 0.619681]]
weight = 0.00170917 mean = [-4.69497 2.72617 -1.05819] covariance = [[9.46409 -1.0187 -0.250452][-1.0187 4.34211 0.27974][-0.250452 0.27974 1.06293]]
