2025-04-05 05:53:17 INFO  main [mitsuba.cpp:274] Mitsuba version 0.6.0 (Linux, 64 bit), Copyright (c) 2017 Wenzel Jakob
2025-04-05 05:53:17 INFO  main [mitsuba.cpp:377] Parsing scene description from "../../scenes/dining-room/dining-room.xml" ..
2025-04-05 05:53:17 INFO  main [scenehandler.cpp:675] In file "/home/julia/PBRT/PMM_focal_guiding/mitsuba/dist/../../scenes/dining-room/dining-room.xml" (near line 18): Parsing included file "pmm_focal_guiding.xml" ..
2025-04-05 05:53:17 INFO  main [PluginManager] Loading plugin "plugins/pmm_focal_guiding.so" ..
2025-04-05 05:53:17 INFO  main [octree.h:482] root weight: 8.000e-20 (0.000000)
2025-04-05 05:53:17 INFO  main [octree.h:483] splitting threshold: 8.000e-23 (0.000000)
2025-04-05 05:53:17 INFO  main [octree.h:498] node count: 1 -> 585 -> 585

2025-04-05 05:53:17 INFO  main [octree.h:482] root weight: 8.000e-20 (0.000000)
2025-04-05 05:53:17 INFO  main [octree.h:483] splitting threshold: 8.000e-23 (0.000000)
2025-04-05 05:53:17 INFO  main [octree.h:498] node count: 1 -> 585 -> 585

2025-04-05 05:53:17 INFO  main [PMMFocalGuidingIntegrator] Saving to: 
2025-04-05 05:53:17 INFO  main [PMMFocalGuidingIntegrator] GMM params: alpha = 0.150000, split_th = 4.000000, merge_th = 0.500000, min_num_comp = 3, max_num_comp = 20, init = Random
2025-04-05 05:53:17 INFO  main [PMMFocalGuidingIntegrator] iterationCount: 8
2025-04-05 05:53:17 INFO  main [PMMFocalGuidingIntegrator] PMMFocalGuidingIntegrator
  maxDepth = 40,
  rrDepth = 14,
  strictNormals = 1
  gmm = GMM[
]
]
2025-04-05 05:53:17 WARN  main [scenehandler.cpp:795] In file "/home/julia/PBRT/PMM_focal_guiding/mitsuba/dist/../../scenes/dining-room/../_integrators/pmm_focal_guiding.xml" (near line 49): Unqueried attribute "budget" in element "integrator"
2025-04-05 05:53:17 WARN  main [scenehandler.cpp:795] In file "/home/julia/PBRT/PMM_focal_guiding/mitsuba/dist/../../scenes/dining-room/../_integrators/pmm_focal_guiding.xml" (near line 49): Unqueried attribute "dumpPrimaryRays" in element "integrator"
2025-04-05 05:53:17 WARN  main [scenehandler.cpp:795] In file "/home/julia/PBRT/PMM_focal_guiding/mitsuba/dist/../../scenes/dining-room/../_integrators/pmm_focal_guiding.xml" (near line 49): Unqueried attribute "dumpScene" in element "integrator"
2025-04-05 05:53:17 WARN  main [scenehandler.cpp:795] In file "/home/julia/PBRT/PMM_focal_guiding/mitsuba/dist/../../scenes/dining-room/../_integrators/pmm_focal_guiding.xml" (near line 49): Unqueried attribute "normalBinning" in element "integrator"
2025-04-05 05:53:17 WARN  main [scenehandler.cpp:795] In file "/home/julia/PBRT/PMM_focal_guiding/mitsuba/dist/../../scenes/dining-room/../_integrators/pmm_focal_guiding.xml" (near line 49): Unqueried attribute "samplingMode" in element "integrator"
2025-04-05 05:53:17 WARN  main [scenehandler.cpp:795] In file "/home/julia/PBRT/PMM_focal_guiding/mitsuba/dist/../../scenes/dining-room/../_integrators/pmm_focal_guiding.xml" (near line 49): Unqueried attribute "unboundedSplatting" in element "integrator"
2025-04-05 05:53:17 INFO  main [PluginManager] Loading plugin "plugins/independent.so" ..
2025-04-05 05:53:17 INFO  main [PluginManager] Loading plugin "plugins/box.so" ..
2025-04-05 05:53:17 INFO  main [PluginManager] Loading plugin "plugins/hdrfilm.so" ..
2025-04-05 05:53:17 INFO  main [PluginManager] Loading plugin "plugins/perspective.so" ..
2025-04-05 05:53:17 INFO  main [PluginManager] Loading plugin "plugins/roughplastic.so" ..
2025-04-05 05:53:17 INFO  main [PluginManager] Loading plugin "plugins/twosided.so" ..
2025-04-05 05:53:17 INFO  main [PluginManager] Loading plugin "plugins/roughconductor.so" ..
2025-04-05 05:53:17 INFO  main [spectrum.cpp:599] "Cu.eta.spd": loaded a spectral power distribution with 55 entries (between 302.400421 and 885.601257 nm)
2025-04-05 05:53:17 INFO  main [spectrum.cpp:599] "Cu.k.spd": loaded a spectral power distribution with 55 entries (between 302.400421 and 885.601257 nm)
2025-04-05 05:53:17 INFO  main [PluginManager] Loading plugin "plugins/diffuse.so" ..
2025-04-05 05:53:17 INFO  main [PluginManager] Loading plugin "plugins/bitmap.so" ..
2025-04-05 05:53:17 INFO  main [BitmapTexture] Loading texture "picture3.jpg"
2025-04-05 05:53:17 INFO  main [MIPMap] Mapped MIP map cache file "/home/julia/PBRT/PMM_focal_guiding/mitsuba/dist/../../scenes/dining-room/textures/picture3.mip" into memory (18.8 MiB).
2025-04-05 05:53:17 INFO  main [BitmapTexture] Loading texture "Tiles.jpg"
2025-04-05 05:53:17 INFO  main [PluginManager] Loading plugin "plugins/lanczos.so" ..
2025-04-05 05:53:17 INFO  main [spectrum.cpp:599] "Cu.eta.spd": loaded a spectral power distribution with 55 entries (between 302.400421 and 885.601257 nm)
2025-04-05 05:53:17 INFO  main [spectrum.cpp:599] "Cu.k.spd": loaded a spectral power distribution with 55 entries (between 302.400421 and 885.601257 nm)
2025-04-05 05:53:17 INFO  main [PluginManager] Loading plugin "plugins/conductor.so" ..
2025-04-05 05:53:17 INFO  main [spectrum.cpp:599] "Ir.eta.spd": loaded a spectral power distribution with 28 entries (between 302.389984 and 885.570984 nm)
2025-04-05 05:53:17 INFO  main [spectrum.cpp:599] "Ir.k.spd": loaded a spectral power distribution with 28 entries (between 302.389984 and 885.570984 nm)
2025-04-05 05:53:17 INFO  main [spectrum.cpp:599] "Cu.eta.spd": loaded a spectral power distribution with 55 entries (between 302.400421 and 885.601257 nm)
2025-04-05 05:53:17 INFO  main [spectrum.cpp:599] "Cu.k.spd": loaded a spectral power distribution with 55 entries (between 302.400421 and 885.601257 nm)
2025-04-05 05:53:17 INFO  main [BitmapTexture] Loading texture "Teacup.png"
2025-04-05 05:53:17 INFO  main [spectrum.cpp:599] "Cu.eta.spd": loaded a spectral power distribution with 55 entries (between 302.400421 and 885.601257 nm)
2025-04-05 05:53:17 INFO  main [spectrum.cpp:599] "Cu.k.spd": loaded a spectral power distribution with 55 entries (between 302.400421 and 885.601257 nm)
2025-04-05 05:53:17 INFO  main [PluginManager] Loading plugin "plugins/area.so" ..
2025-04-05 05:53:17 INFO  main [PluginManager] Loading plugin "plugins/disk.so" ..
2025-04-05 05:53:17 INFO  main [PluginManager] Loading plugin "plugins/ply.so" ..
2025-04-05 05:53:17 INFO  main [PLYLoader] Loading geometry from "parabol1.ply" ..
2025-04-05 05:53:17 INFO  main [PLYLoader] "parabol1": Loaded 25856 triangles, 13057 vertices (456.0 KiB in 25 ms).
2025-04-05 05:53:17 INFO  main [PLYLoader] Loading geometry from "parabol2.ply" ..
2025-04-05 05:53:18 INFO  main [PLYLoader] "parabol2": Loaded 25856 triangles, 13057 vertices (456.0 KiB in 28 ms).
2025-04-05 05:53:18 INFO  main [PluginManager] Loading plugin "plugins/obj.so" ..
2025-04-05 05:53:18 INFO  main [WavefrontOBJ] Loading geometry from "Mesh013.obj" ..
2025-04-05 05:53:18 INFO  main [WavefrontOBJ] Mesh013: 1056 triangles, 577 vertices (merged 2591 vertices).
2025-04-05 05:53:18 INFO  main [WavefrontOBJ] Done with "Mesh013.obj" (took 10 ms)
2025-04-05 05:53:18 INFO  main [WavefrontOBJ] Loading geometry from "Mesh016.obj" ..
2025-04-05 05:53:18 INFO  main [WavefrontOBJ] Mesh016: 384 triangles, 768 vertices (merged 384 vertices).
2025-04-05 05:53:18 INFO  main [WavefrontOBJ] Done with "Mesh016.obj" (took 4 ms)
2025-04-05 05:53:18 INFO  main [WavefrontOBJ] Loading geometry from "Mesh015.obj" ..
2025-04-05 05:53:18 INFO  main [WavefrontOBJ] Mesh015: 3136 triangles, 1680 vertices (merged 7728 vertices).
2025-04-05 05:53:18 INFO  main [WavefrontOBJ] Done with "Mesh015.obj" (took 25 ms)
2025-04-05 05:53:18 INFO  main [WavefrontOBJ] Loading geometry from "Mesh023.obj" ..
2025-04-05 05:53:18 INFO  main [WavefrontOBJ] Mesh023: 1056 triangles, 577 vertices (merged 2591 vertices).
2025-04-05 05:53:18 INFO  main [WavefrontOBJ] Done with "Mesh023.obj" (took 12 ms)
2025-04-05 05:53:18 INFO  main [WavefrontOBJ] Loading geometry from "Mesh020.obj" ..
2025-04-05 05:53:18 INFO  main [WavefrontOBJ] Mesh020: 384 triangles, 768 vertices (merged 384 vertices).
2025-04-05 05:53:18 INFO  main [WavefrontOBJ] Done with "Mesh020.obj" (took 6 ms)
2025-04-05 05:53:18 INFO  main [WavefrontOBJ] Loading geometry from "Mesh017.obj" ..
2025-04-05 05:53:18 INFO  main [WavefrontOBJ] Mesh017: 3136 triangles, 1680 vertices (merged 7728 vertices).
2025-04-05 05:53:18 INFO  main [WavefrontOBJ] Done with "Mesh017.obj" (took 27 ms)
2025-04-05 05:53:18 INFO  main [WavefrontOBJ] Loading geometry from "Mesh024.obj" ..
2025-04-05 05:53:18 INFO  main [WavefrontOBJ] Mesh024: 34 triangles, 68 vertices (merged 34 vertices).
2025-04-05 05:53:18 INFO  main [WavefrontOBJ] Done with "Mesh024.obj" (took 0 ms)
2025-04-05 05:53:18 INFO  main [WavefrontOBJ] Loading geometry from "Mesh041.obj" ..
2025-04-05 05:53:18 INFO  main [WavefrontOBJ] Mesh041: 8 triangles, 16 vertices (merged 8 vertices).
2025-04-05 05:53:18 INFO  main [WavefrontOBJ] Done with "Mesh041.obj" (took 0 ms)
2025-04-05 05:53:18 INFO  main [WavefrontOBJ] Loading geometry from "Mesh011.obj" ..
2025-04-05 05:53:18 INFO  main [WavefrontOBJ] Mesh011: 8992 triangles, 4544 vertices (merged 22432 vertices).
2025-04-05 05:53:18 INFO  main [WavefrontOBJ] Done with "Mesh011.obj" (took 68 ms)
2025-04-05 05:53:18 INFO  main [WavefrontOBJ] Loading geometry from "Mesh026.obj" ..
2025-04-05 05:53:18 INFO  main [WavefrontOBJ] Mesh026: 7624 triangles, 4070 vertices (merged 18802 vertices).
2025-04-05 05:53:18 INFO  main [WavefrontOBJ] Done with "Mesh026.obj" (took 55 ms)
2025-04-05 05:53:18 INFO  main [WavefrontOBJ] Loading geometry from "Mesh018.obj" ..
2025-04-05 05:53:18 INFO  main [WavefrontOBJ] Mesh018: 2016 triangles, 1260 vertices (merged 4788 vertices).
2025-04-05 05:53:18 INFO  main [WavefrontOBJ] Done with "Mesh018.obj" (took 17 ms)
2025-04-05 05:53:18 INFO  main [WavefrontOBJ] Loading geometry from "Mesh007.obj" ..
2025-04-05 05:53:18 INFO  main [WavefrontOBJ] Mesh007: 4352 triangles, 2178 vertices (merged 10878 vertices).
2025-04-05 05:53:18 INFO  main [WavefrontOBJ] Done with "Mesh007.obj" (took 43 ms)
2025-04-05 05:53:18 INFO  main [WavefrontOBJ] Loading geometry from "Mesh005.obj" ..
2025-04-05 05:53:18 INFO  main [WavefrontOBJ] Mesh005: 160 triangles, 144 vertices (merged 336 vertices).
2025-04-05 05:53:18 INFO  main [WavefrontOBJ] Done with "Mesh005.obj" (took 2 ms)
2025-04-05 05:53:18 INFO  main [WavefrontOBJ] Loading geometry from "Mesh019.obj" ..
2025-04-05 05:53:18 INFO  main [WavefrontOBJ] Mesh019: 560 triangles, 400 vertices (merged 1280 vertices).
2025-04-05 05:53:18 INFO  main [WavefrontOBJ] Done with "Mesh019.obj" (took 6 ms)
2025-04-05 05:53:18 INFO  main [WavefrontOBJ] Loading geometry from "Mesh021.obj" ..
2025-04-05 05:53:18 INFO  main [WavefrontOBJ] Mesh021: 720 triangles, 482 vertices (merged 1678 vertices).
2025-04-05 05:53:18 INFO  main [WavefrontOBJ] Done with "Mesh021.obj" (took 5 ms)
2025-04-05 05:53:18 INFO  main [WavefrontOBJ] Loading geometry from "Mesh037.obj" ..
2025-04-05 05:53:18 INFO  main [WavefrontOBJ] Mesh037: 7624 triangles, 4070 vertices (merged 18802 vertices).
2025-04-05 05:53:18 INFO  main [WavefrontOBJ] Done with "Mesh037.obj" (took 90 ms)
2025-04-05 05:53:18 INFO  main [WavefrontOBJ] Loading geometry from "Mesh004.obj" ..
2025-04-05 05:53:18 INFO  main [WavefrontOBJ] Mesh004: 2016 triangles, 1260 vertices (merged 4788 vertices).
2025-04-05 05:53:18 INFO  main [WavefrontOBJ] Done with "Mesh004.obj" (took 35 ms)
2025-04-05 05:53:18 INFO  main [WavefrontOBJ] Loading geometry from "Mesh014.obj" ..
2025-04-05 05:53:18 INFO  main [WavefrontOBJ] Mesh014: 160 triangles, 144 vertices (merged 336 vertices).
2025-04-05 05:53:18 INFO  main [WavefrontOBJ] Done with "Mesh014.obj" (took 1 ms)
2025-04-05 05:53:18 INFO  main [WavefrontOBJ] Loading geometry from "Mesh012.obj" ..
2025-04-05 05:53:18 INFO  main [WavefrontOBJ] Mesh012: 560 triangles, 400 vertices (merged 1280 vertices).
2025-04-05 05:53:18 INFO  main [WavefrontOBJ] Done with "Mesh012.obj" (took 6 ms)
2025-04-05 05:53:18 INFO  main [WavefrontOBJ] Loading geometry from "Mesh028.obj" ..
2025-04-05 05:53:18 INFO  main [WavefrontOBJ] Mesh028: 720 triangles, 482 vertices (merged 1678 vertices).
2025-04-05 05:53:18 INFO  main [WavefrontOBJ] Done with "Mesh028.obj" (took 5 ms)
2025-04-05 05:53:18 INFO  main [WavefrontOBJ] Loading geometry from "Mesh025.obj" ..
2025-04-05 05:53:18 INFO  main [WavefrontOBJ] Mesh025: 4352 triangles, 2178 vertices (merged 10878 vertices).
2025-04-05 05:53:18 INFO  main [WavefrontOBJ] Done with "Mesh025.obj" (took 53 ms)
2025-04-05 05:53:18 INFO  main [WavefrontOBJ] Loading geometry from "Mesh008.obj" ..
2025-04-05 05:53:18 INFO  main [WavefrontOBJ] Mesh008: 6320 triangles, 3270 vertices (merged 15690 vertices).
2025-04-05 05:53:18 INFO  main [WavefrontOBJ] Done with "Mesh008.obj" (took 68 ms)
2025-04-05 05:53:18 INFO  main [WavefrontOBJ] Loading geometry from "Mesh032.obj" ..
2025-04-05 05:53:18 INFO  main [WavefrontOBJ] Mesh032: 13248 triangles, 6686 vertices (merged 33058 vertices).
2025-04-05 05:53:18 INFO  main [WavefrontOBJ] Done with "Mesh032.obj" (took 101 ms)
2025-04-05 05:53:18 INFO  main [WavefrontOBJ] Loading geometry from "Mesh035.obj" ..
2025-04-05 05:53:18 INFO  main [WavefrontOBJ] Mesh035: 14480 triangles, 7404 vertices (merged 36036 vertices).
2025-04-05 05:53:18 INFO  main [WavefrontOBJ] Done with "Mesh035.obj" (took 130 ms)
2025-04-05 05:53:18 INFO  main [WavefrontOBJ] Loading geometry from "Mesh042.obj" ..
2025-04-05 05:53:18 INFO  main [WavefrontOBJ] Mesh042: 2320 triangles, 1492 vertices (merged 5468 vertices).
2025-04-05 05:53:18 INFO  main [WavefrontOBJ] Done with "Mesh042.obj" (took 27 ms)
2025-04-05 05:53:18 INFO  main [WavefrontOBJ] Loading geometry from "Mesh010.obj" ..
2025-04-05 05:53:18 INFO  main [WavefrontOBJ] Mesh010: 13248 triangles, 6686 vertices (merged 33058 vertices).
2025-04-05 05:53:18 INFO  main [WavefrontOBJ] Done with "Mesh010.obj" (took 111 ms)
2025-04-05 05:53:19 INFO  main [WavefrontOBJ] Loading geometry from "Mesh036.obj" ..
2025-04-05 05:53:19 INFO  main [WavefrontOBJ] Mesh036: 14480 triangles, 7404 vertices (merged 36036 vertices).
2025-04-05 05:53:19 INFO  main [WavefrontOBJ] Done with "Mesh036.obj" (took 114 ms)
2025-04-05 05:53:19 INFO  main [WavefrontOBJ] Loading geometry from "Mesh027.obj" ..
2025-04-05 05:53:19 INFO  main [WavefrontOBJ] Mesh027: 2320 triangles, 1492 vertices (merged 5468 vertices).
2025-04-05 05:53:19 INFO  main [WavefrontOBJ] Done with "Mesh027.obj" (took 18 ms)
2025-04-05 05:53:19 INFO  main [WavefrontOBJ] Loading geometry from "Mesh043.obj" ..
2025-04-05 05:53:19 INFO  main [WavefrontOBJ] Mesh043: 13248 triangles, 6686 vertices (merged 33058 vertices).
2025-04-05 05:53:19 INFO  main [WavefrontOBJ] Done with "Mesh043.obj" (took 112 ms)
2025-04-05 05:53:19 INFO  main [WavefrontOBJ] Loading geometry from "Mesh044.obj" ..
2025-04-05 05:53:19 INFO  main [WavefrontOBJ] Mesh044: 14480 triangles, 7404 vertices (merged 36036 vertices).
2025-04-05 05:53:19 INFO  main [WavefrontOBJ] Done with "Mesh044.obj" (took 110 ms)
2025-04-05 05:53:19 INFO  main [WavefrontOBJ] Loading geometry from "Mesh031.obj" ..
2025-04-05 05:53:19 INFO  main [WavefrontOBJ] Mesh031: 2320 triangles, 1492 vertices (merged 5468 vertices).
2025-04-05 05:53:19 INFO  main [WavefrontOBJ] Done with "Mesh031.obj" (took 18 ms)
2025-04-05 05:53:19 INFO  main [WavefrontOBJ] Loading geometry from "Mesh022.obj" ..
2025-04-05 05:53:19 INFO  main [WavefrontOBJ] Mesh022: 13248 triangles, 6686 vertices (merged 33058 vertices).
2025-04-05 05:53:19 INFO  main [WavefrontOBJ] Done with "Mesh022.obj" (took 102 ms)
2025-04-05 05:53:19 INFO  main [WavefrontOBJ] Loading geometry from "Mesh038.obj" ..
2025-04-05 05:53:19 INFO  main [WavefrontOBJ] Mesh038: 14480 triangles, 7404 vertices (merged 36036 vertices).
2025-04-05 05:53:19 INFO  main [WavefrontOBJ] Done with "Mesh038.obj" (took 109 ms)
2025-04-05 05:53:19 INFO  main [WavefrontOBJ] Loading geometry from "Mesh030.obj" ..
2025-04-05 05:53:19 INFO  main [WavefrontOBJ] Mesh030: 2320 triangles, 1492 vertices (merged 5468 vertices).
2025-04-05 05:53:19 INFO  main [WavefrontOBJ] Done with "Mesh030.obj" (took 19 ms)
2025-04-05 05:53:19 INFO  main [WavefrontOBJ] Loading geometry from "Mesh046.obj" ..
2025-04-05 05:53:19 INFO  main [WavefrontOBJ] Mesh046: 13248 triangles, 6686 vertices (merged 33058 vertices).
2025-04-05 05:53:19 INFO  main [WavefrontOBJ] Done with "Mesh046.obj" (took 94 ms)
2025-04-05 05:53:19 INFO  main [WavefrontOBJ] Loading geometry from "Mesh047.obj" ..
2025-04-05 05:53:19 INFO  main [WavefrontOBJ] Mesh047: 14480 triangles, 7404 vertices (merged 36036 vertices).
2025-04-05 05:53:19 INFO  main [WavefrontOBJ] Done with "Mesh047.obj" (took 106 ms)
2025-04-05 05:53:19 INFO  main [WavefrontOBJ] Loading geometry from "Mesh034.obj" ..
2025-04-05 05:53:19 INFO  main [WavefrontOBJ] Mesh034: 2320 triangles, 1492 vertices (merged 5468 vertices).
2025-04-05 05:53:19 INFO  main [WavefrontOBJ] Done with "Mesh034.obj" (took 20 ms)
2025-04-05 05:53:19 INFO  main [WavefrontOBJ] Loading geometry from "Mesh033.obj" ..
2025-04-05 05:53:19 INFO  main [WavefrontOBJ] Mesh033: 44 triangles, 96 vertices (merged 36 vertices).
2025-04-05 05:53:19 INFO  main [WavefrontOBJ] Done with "Mesh033.obj" (took 0 ms)
2025-04-05 05:53:19 INFO  main [WavefrontOBJ] Loading geometry from "Mesh006.obj" ..
2025-04-05 05:53:19 INFO  main [WavefrontOBJ] Mesh006: 4 triangles, 6 vertices (merged 6 vertices).
2025-04-05 05:53:19 INFO  main [WavefrontOBJ] Done with "Mesh006.obj" (took 0 ms)
2025-04-05 05:53:19 INFO  main [WavefrontOBJ] Loading geometry from "Mesh048.obj" ..
2025-04-05 05:53:19 INFO  main [WavefrontOBJ] Mesh048: 30 triangles, 38 vertices (merged 52 vertices).
2025-04-05 05:53:19 INFO  main [WavefrontOBJ] Done with "Mesh048.obj" (took 0 ms)
2025-04-05 05:53:19 INFO  main [WavefrontOBJ] Loading geometry from "Mesh049.obj" ..
2025-04-05 05:53:19 INFO  main [WavefrontOBJ] Mesh049: 13248 triangles, 6686 vertices (merged 33058 vertices).
2025-04-05 05:53:19 INFO  main [WavefrontOBJ] Done with "Mesh049.obj" (took 100 ms)
2025-04-05 05:53:19 INFO  main [WavefrontOBJ] Loading geometry from "Mesh051.obj" ..
2025-04-05 05:53:20 INFO  main [WavefrontOBJ] Mesh051: 14480 triangles, 7404 vertices (merged 36036 vertices).
2025-04-05 05:53:20 INFO  main [WavefrontOBJ] Done with "Mesh051.obj" (took 110 ms)
2025-04-05 05:53:20 INFO  main [WavefrontOBJ] Loading geometry from "Mesh040.obj" ..
2025-04-05 05:53:20 INFO  main [WavefrontOBJ] Mesh040: 2320 triangles, 1492 vertices (merged 5468 vertices).
2025-04-05 05:53:20 INFO  main [WavefrontOBJ] Done with "Mesh040.obj" (took 17 ms)
2025-04-05 05:53:20 INFO  main [WavefrontOBJ] Loading geometry from "Mesh003.obj" ..
2025-04-05 05:53:20 INFO  main [WavefrontOBJ] Mesh003: 18176 triangles, 9150 vertices (merged 45378 vertices).
2025-04-05 05:53:20 INFO  main [WavefrontOBJ] Done with "Mesh003.obj" (took 123 ms)
2025-04-05 05:53:20 INFO  main [WavefrontOBJ] Loading geometry from "Mesh002.obj" ..
2025-04-05 05:53:20 INFO  main [WavefrontOBJ] Mesh002: 7624 triangles, 4070 vertices (merged 18802 vertices).
2025-04-05 05:53:20 INFO  main [WavefrontOBJ] Done with "Mesh002.obj" (took 52 ms)
2025-04-05 05:53:20 INFO  main [WavefrontOBJ] Loading geometry from "Mesh009.obj" ..
2025-04-05 05:53:20 INFO  main [WavefrontOBJ] Mesh009: 2016 triangles, 1260 vertices (merged 4788 vertices).
2025-04-05 05:53:20 INFO  main [WavefrontOBJ] Done with "Mesh009.obj" (took 13 ms)
2025-04-05 05:53:20 INFO  main [WavefrontOBJ] Loading geometry from "Mesh045.obj" ..
2025-04-05 05:53:20 INFO  main [WavefrontOBJ] Mesh045: 4352 triangles, 2178 vertices (merged 10878 vertices).
2025-04-05 05:53:20 INFO  main [WavefrontOBJ] Done with "Mesh045.obj" (took 27 ms)
2025-04-05 05:53:20 INFO  main [WavefrontOBJ] Loading geometry from "Mesh029.obj" ..
2025-04-05 05:53:20 INFO  main [WavefrontOBJ] Mesh029: 160 triangles, 144 vertices (merged 336 vertices).
2025-04-05 05:53:20 INFO  main [WavefrontOBJ] Done with "Mesh029.obj" (took 1 ms)
2025-04-05 05:53:20 INFO  main [WavefrontOBJ] Loading geometry from "Mesh039.obj" ..
2025-04-05 05:53:20 INFO  main [WavefrontOBJ] Mesh039: 560 triangles, 400 vertices (merged 1280 vertices).
2025-04-05 05:53:20 INFO  main [WavefrontOBJ] Done with "Mesh039.obj" (took 3 ms)
2025-04-05 05:53:20 INFO  main [WavefrontOBJ] Loading geometry from "Mesh050.obj" ..
2025-04-05 05:53:20 INFO  main [WavefrontOBJ] Mesh050: 720 triangles, 482 vertices (merged 1678 vertices).
2025-04-05 05:53:20 INFO  main [WavefrontOBJ] Done with "Mesh050.obj" (took 5 ms)
2025-04-05 05:53:20 INFO  main [WavefrontOBJ] Loading geometry from "Mesh001.obj" ..
2025-04-05 05:53:20 INFO  main [WavefrontOBJ] Mesh001: 170 triangles, 340 vertices (merged 170 vertices).
2025-04-05 05:53:20 INFO  main [WavefrontOBJ] Done with "Mesh001.obj" (took 2 ms)
2025-04-05 05:53:20 INFO  main [WavefrontOBJ] Loading geometry from "Mesh000.obj" ..
2025-04-05 05:53:20 INFO  main [WavefrontOBJ] Mesh000: 22 triangles, 44 vertices (merged 22 vertices).
2025-04-05 05:53:20 INFO  main [WavefrontOBJ] Done with "Mesh000.obj" (took 0 ms)
2025-04-05 05:53:20 INFO  main [PluginManager] Loading plugin "plugins/rectangle.so" ..
2025-04-05 05:53:20 INFO  ren0 [KDTreeBase] Constructing a SAH kd-tree (321251 primitives) ..
2025-04-05 05:53:24 INFO  ren0 [KDTreeBase] Finished -- took 4079 ms.
2025-04-05 05:53:24 INFO  ren0 [PMMFocalGuidingIntegrator] Starting preprocess
2025-04-05 05:53:24 INFO  ren0 [octree.h:482] root weight: 8.000e-20 (0.000000)
2025-04-05 05:53:24 INFO  ren0 [octree.h:483] splitting threshold: 8.000e-23 (0.000000)
2025-04-05 05:53:24 INFO  ren0 [octree.h:498] node count: 1 -> 585 -> 585

2025-04-05 05:53:24 INFO  ren0 [octree.h:482] root weight: 4.096e-17 (0.000000)
2025-04-05 05:53:24 INFO  ren0 [octree.h:483] splitting threshold: 4.096e-20 (0.000000)
2025-04-05 05:53:24 INFO  ren0 [octree.h:498] node count: 585 -> 585 -> 585

2025-04-05 05:53:24 INFO  ren0 [octree.h:482] root weight: 8.000e-20 (0.000000)
2025-04-05 05:53:24 INFO  ren0 [octree.h:483] splitting threshold: 8.000e-23 (0.000000)
2025-04-05 05:53:24 INFO  ren0 [octree.h:498] node count: 1 -> 585 -> 585

2025-04-05 05:53:24 INFO  ren0 [octree.h:482] root weight: 4.096e-17 (0.000000)
2025-04-05 05:53:24 INFO  ren0 [octree.h:483] splitting threshold: 4.096e-20 (0.000000)
2025-04-05 05:53:24 INFO  ren0 [octree.h:498] node count: 585 -> 585 -> 585

2025-04-05 05:53:24 INFO  ren0 [PMMFocalGuidingIntegrator] Octree[
AABB: AABB3[min=[-6.3658, -1.5274, -4.73046], max=[5.27597, 8.04131, 10.0598]]
Nodes count: 585
]
2025-04-05 05:53:24 INFO  ren0 [PMMFocalGuidingIntegrator] Octree[
AABB: AABB3[min=[-6.3658, -1.5274, -4.73046], max=[5.27597, 8.04131, 10.0598]]
Nodes count: 585
]
2025-04-05 05:53:24 INFO  ren0 [PMMFocalGuidingIntegrator] GMM[
]
2025-04-05 05:53:24 INFO  ren0 [PMMFocalGuidingIntegrator] Starting training... (8) iterations
2025-04-05 05:53:24 INFO  ren0 [PMMFocalGuidingIntegrator] Rendering 0 iteration
2025-04-05 05:53:24 INFO  ren0 [SamplingIntegrator] Starting render job (1280x720, 4 samples, 8 cores, SSE2 enabled) ..
2025-04-05 05:54:23 INFO  ren0 [PMMFocalGuidingIntegrator] iteration render time: 59.0018s
2025-04-05 05:54:23 INFO  ren0 [PMMFocalGuidingIntegrator] Got 389325 non-zero samples and 0 zero samples
2025-04-05 05:54:23 INFO  ren0 [gaussian_mixture_model.h:589] Start processing batch
2025-04-05 05:54:23 INFO  ren0 [gaussian_mixture_model.h:391] Random
2025-04-05 05:54:23 INFO  ren0 [gaussian_mixture_model.h:457] Starting initialization using random value from the first batch
2025-04-05 05:54:23 INFO  ren0 [gaussian_mixture_model.h:470] Initialized using random value from the first batch
2025-04-05 05:54:38 INFO  ren0 [gaussian_mixture_model.h:616] Finish E step
2025-04-05 05:55:00 INFO  ren0 [gaussian_mixture_model.h:205] components before the merge: 20
2025-04-05 05:55:00 INFO  ren0 [gaussian_mixture_model.h:224] components after the merge: 15, merged 5 component
2025-04-05 05:55:00 INFO  ren0 [gaussian_mixture_model.h:242] components after the split: 20, split 5 components
2025-04-05 05:55:00 INFO  ren0 [gaussian_mixture_model.h:628] Finish M step
2025-04-05 05:55:00 INFO  ren0 [octree.h:482] root weight: 1.035e+07 (10353187.000000)
2025-04-05 05:55:00 INFO  ren0 [octree.h:483] splitting threshold: 1.035e+04 (10353.187500)
2025-04-05 05:55:00 INFO  ren0 [octree.h:482] root weight: 7.153e+04 (71530.398438)
2025-04-05 05:55:00 INFO  ren0 [octree.h:483] splitting threshold: 7.153e+01 (71.530403)
2025-04-05 05:55:00 INFO  ren0 [octree.h:498] node count: 585 -> 877 -> 794

2025-04-05 05:55:00 INFO  ren0 [octree.h:498] node count: 585 -> 585 -> 549

2025-04-05 05:55:00 INFO  ren0 [PMMFocalGuidingIntegrator] diverge probability: 0.007

2025-04-05 05:55:00 INFO  ren0 [PMMFocalGuidingIntegrator] iteration postprocessing time: 36.7203s
2025-04-05 05:55:00 INFO  ren0 [PMMFocalGuidingIntegrator] GMM[
weight = 0.000806573 mean = [-4.76492 6.09228 5.47264] covariance = [[1.36676 0.227978 -0.263918][0.227978 1.43618 -0.208327][-0.263918 -0.208327 2.2416]]
weight = 0.00431613 mean = [2.77832 3.44373 7.71161] covariance = [[1.87607 -0.082457 -0.20994][-0.082457 5.96663 -0.593719][-0.20994 -0.593719 2.12142]]
weight = 0.000806573 mean = [-4.11595 6.68518 3.47137] covariance = [[1.36676 0.227978 -0.263918][0.227978 1.43618 -0.208327][-0.263918 -0.208327 2.2416]]
weight = 0.00124873 mean = [2.86288 4.25238 -3.05479] covariance = [[1.69367 0.236004 0.0301565][0.236004 3.50987 0.210767][0.0301565 0.210767 1.0829]]
weight = 0.00288503 mean = [-1.73722 3.92004 8.46522] covariance = [[2.98994 -1.21417 0.157422][-1.21417 3.50506 -0.183487][0.157422 -0.183487 1.64343]]
weight = 0.00196674 mean = [-3.72224 1.11472 8.32675] covariance = [[3.02955 -0.934595 0.545008][-0.934595 2.2934 -0.606932][0.545008 -0.606932 1.30873]]
weight = 0.00307676 mean = [2.60027 0.735092 2.95925] covariance = [[1.97063 0.251676 0.520014][0.251676 2.3377 0.547346][0.520014 0.547346 3.97068]]
weight = 0.0635326 mean = [-1.89971 4.52807 -2.19946] covariance = [[0.207965 0.352343 -0.105394][0.352343 1.38981 -0.587122][-0.105394 -0.587122 0.406743]]
weight = 0.00128686 mean = [-5.04296 0.0800416 1.12462] covariance = [[1.05502 0.0493002 -0.0563347][0.0493002 1.31948 0.450764][-0.0563347 0.450764 3.86897]]
weight = 0.00124873 mean = [2.52551 1.61598 -3.28337] covariance = [[1.69367 0.236004 0.0301565][0.236004 3.50987 0.210767][0.0301565 0.210767 1.0829]]
weight = 0.0635326 mean = [-2.3298 2.87242 -1.44202] covariance = [[0.207965 0.352343 -0.105394][0.352343 1.38981 -0.587122][-0.105394 -0.587122 0.406743]]
weight = 0.296244 mean = [-2.08202 4.05297 -1.61404] covariance = [[0.0869358 -0.0109409 0.0299308][-0.0109409 0.175536 0.109429][0.0299308 0.109429 0.0941372]]
weight = 0.110911 mean = [-1.1987 4.18044 -1.79922] covariance = [[0.961772 0.384058 -0.163323][0.384058 0.213609 -0.0530927][-0.163323 -0.0530927 0.137793]]
weight = 0.00154827 mean = [-2.57976 0.120778 6.39528] covariance = [[3.43773 -0.127497 1.1036][-0.127497 2.06161 -0.342913][1.1036 -0.342913 1.45106]]
weight = 0.296244 mean = [-2.11768 3.47344 -2.02254] covariance = [[0.0869358 -0.0109409 0.0299308][-0.0109409 0.175536 0.109429][0.0299308 0.109429 0.0941372]]
weight = 0.110911 mean = [-2.57943 3.60148 -1.54673] covariance = [[0.961772 0.384058 -0.163323][0.384058 0.213609 -0.0530927][-0.163323 -0.0530927 0.137793]]
weight = 0.00251109 mean = [-1.05844 0.965145 2.97696] covariance = [[1.73621 0.0808941 0.298228][0.0808941 2.39779 0.492588][0.298228 0.492588 3.01929]]
weight = 0.00307607 mean = [-0.344474 5.31632 4.38047] covariance = [[2.78851 0.782927 -0.024617][0.782927 2.74401 0.058062][-0.024617 0.058062 2.31116]]
weight = 0.0034163 mean = [2.68292 4.18254 0.37622] covariance = [[2.0651 0.435394 0.149699][0.435394 5.3656 2.17985][0.149699 2.17985 3.44353]]
weight = 0.0304312 mean = [-2.21245 3.97407 -1.45257] covariance = [[2.12955 -0.989122 -2.65366][-0.989122 0.981128 1.54564][-2.65366 1.54564 4.85768]]
]
2025-04-05 05:55:00 INFO  ren0 [PMMFocalGuidingIntegrator] Octree[
AABB: AABB3[min=[-6.3658, -1.5274, -4.73046], max=[5.27597, 8.04131, 10.0598]]
Nodes count: 794
]
2025-04-05 05:55:00 INFO  ren0 [PMMFocalGuidingIntegrator] Octree[
AABB: AABB3[min=[-6.3658, -1.5274, -4.73046], max=[5.27597, 8.04131, 10.0598]]
Nodes count: 549
]
2025-04-05 05:55:00 INFO  ren0 [PMMFocalGuidingIntegrator] Rendering 1 iteration
2025-04-05 05:55:00 INFO  ren0 [SamplingIntegrator] Starting render job (1280x720, 4 samples, 8 cores, SSE2 enabled) ..
2025-04-05 05:57:13 INFO  wrk7 [octree.h:260] No intersection found
2025-04-05 05:57:13 INFO  wrk7 [pmm_focal_guiding.cpp:751] Intersection was not found
2025-04-05 05:58:35 INFO  ren0 [PMMFocalGuidingIntegrator] iteration render time: 3.5862m
2025-04-05 05:58:36 INFO  ren0 [PMMFocalGuidingIntegrator] Got 1460141 non-zero samples and 0 zero samples
2025-04-05 05:58:36 INFO  ren0 [gaussian_mixture_model.h:589] Start processing batch
2025-04-05 05:59:31 INFO  ren0 [gaussian_mixture_model.h:616] Finish E step
2025-04-05 06:00:51 INFO  ren0 [gaussian_mixture_model.h:205] components before the merge: 20
2025-04-05 06:00:51 INFO  ren0 [gaussian_mixture_model.h:224] components after the merge: 12, merged 8 component
2025-04-05 06:00:51 INFO  ren0 [gaussian_mixture_model.h:242] components after the split: 20, split 8 components
2025-04-05 06:00:51 INFO  ren0 [gaussian_mixture_model.h:628] Finish M step
2025-04-05 06:00:51 INFO  ren0 [octree.h:482] root weight: 2.599e+08 (259897088.000000)
2025-04-05 06:00:51 INFO  ren0 [octree.h:483] splitting threshold: 2.599e+05 (259897.093750)
2025-04-05 06:00:51 INFO  ren0 [octree.h:482] root weight: 2.401e+05 (240122.265625)
2025-04-05 06:00:51 INFO  ren0 [octree.h:483] splitting threshold: 2.401e+02 (240.122284)
2025-04-05 06:00:51 INFO  ren0 [octree.h:498] node count: 794 -> 1178 -> 1093

2025-04-05 06:00:51 INFO  ren0 [octree.h:498] node count: 549 -> 549 -> 545

2025-04-05 06:00:51 INFO  ren0 [PMMFocalGuidingIntegrator] diverge probability: 0.001

2025-04-05 06:00:51 INFO  ren0 [PMMFocalGuidingIntegrator] iteration postprocessing time: 2.2687m
2025-04-05 06:00:51 INFO  ren0 [PMMFocalGuidingIntegrator] GMM[
weight = 5.76121e-05 mean = [-4.2997 6.47901 2.75703] covariance = [[1.71494 0.372103 -0.0206537][0.372103 1.2606 -0.355594][-0.0206537 -0.355594 4.71735]]
weight = 0.000411553 mean = [2.71955 3.35557 7.59749] covariance = [[2.03702 -0.108168 -0.246619][-0.108168 6.23922 -0.493529][-0.246619 -0.493529 2.22856]]
weight = 5.76121e-05 mean = [-4.2151 6.92939 -1.57987] covariance = [[1.71494 0.372103 -0.0206537][0.372103 1.2606 -0.355594][-0.0206537 -0.355594 4.71735]]
weight = 0.000156655 mean = [-4.90232 0.476125 0.77187] covariance = [[1.05153 -0.22919 -0.484718][-0.22919 2.20983 -0.82916][-0.484718 -0.82916 5.81771]]
weight = 0.000178357 mean = [1.81912 1.91318 -3.16616] covariance = [[3.45903 0.0203102 -0.0612385][0.0203102 3.75622 0.110889][-0.0612385 0.110889 1.05747]]
weight = 0.000471757 mean = [-2.49407 2.81945 8.24303] covariance = [[4.1501 0.0588311 0.224666][0.0588311 4.68995 -0.230733][0.224666 -0.230733 1.34793]]
weight = 0.000333907 mean = [2.42019 0.944535 2.68465] covariance = [[2.49003 0.168134 1.08583][0.168134 2.2891 0.464997][1.08583 0.464997 4.96375]]
weight = 7.79723e-05 mean = [-3.65781 0.791671 5.68622] covariance = [[2.16992 0.0903677 0.492219][0.0903677 2.05354 -0.326872][0.492219 -0.326872 1.28502]]
weight = 0.000156655 mean = [-4.60588 1.1924 -2.61488] covariance = [[1.05153 -0.22919 -0.484718][-0.22919 2.20983 -0.82916][-0.484718 -0.82916 5.81771]]
weight = 0.000178357 mean = [1.9807 4.64919 -3.05763] covariance = [[3.45903 0.0203102 -0.0612385][0.0203102 3.75622 0.110889][-0.0612385 0.110889 1.05747]]
weight = 0.403577 mean = [-2.18309 3.58175 -2.00653] covariance = [[0.0265917 -0.00238424 0.0109761][-0.00238424 0.0484589 0.0281602][0.0109761 0.0281602 0.0299809]]
weight = 0.0946784 mean = [-2.38054 3.579 -1.87349] covariance = [[0.260072 0.0429626 0.0157914][0.0429626 0.2288 -0.0649302][0.0157914 -0.0649302 0.199734]]
weight = 5.76121e-05 mean = [-4.27492 6.61092 1.48678] covariance = [[1.71494 0.372103 -0.0206537][0.372103 1.2606 -0.355594][-0.0206537 -0.355594 4.71735]]
weight = 7.79723e-05 mean = [-1.73829 0.376083 6.65623] covariance = [[2.16992 0.0903677 0.492219][0.0903677 2.05354 -0.326872][0.492219 -0.326872 1.28502]]
weight = 0.403577 mean = [-2.14239 3.8774 -1.78373] covariance = [[0.0265917 -0.00238424 0.0109761][-0.00238424 0.0484589 0.0281602][0.0109761 0.0281602 0.0299809]]
weight = 5.76121e-05 mean = [-4.35952 6.16054 5.82369] covariance = [[1.71494 0.372103 -0.0206537][0.372103 1.2606 -0.355594][-0.0206537 -0.355594 4.71735]]
weight = 0.000351109 mean = [-1.22191 1.21197 2.20223] covariance = [[1.85747 0.0832516 0.596301][0.0832516 2.27096 0.450478][0.596301 0.450478 5.41272]]
weight = 0.000369562 mean = [-0.4852 5.23513 3.77361] covariance = [[2.94369 0.802321 0.158211][0.802321 2.97528 -0.214812][0.158211 -0.214812 3.96487]]
weight = 0.000494952 mean = [1.83673 4.19684 0.0995294] covariance = [[3.59245 0.483968 1.08083][0.483968 5.38199 1.7001][1.08083 1.7001 3.32817]]
weight = 0.0946784 mean = [-1.90292 4.12179 -2.15049] covariance = [[0.260072 0.0429626 0.0157914][0.0429626 0.2288 -0.0649302][0.0157914 -0.0649302 0.199734]]
]
2025-04-05 06:00:51 INFO  ren0 [PMMFocalGuidingIntegrator] Octree[
AABB: AABB3[min=[-6.3658, -1.5274, -4.73046], max=[5.27597, 8.04131, 10.0598]]
Nodes count: 1093
]
2025-04-05 06:00:51 INFO  ren0 [PMMFocalGuidingIntegrator] Octree[
AABB: AABB3[min=[-6.3658, -1.5274, -4.73046], max=[5.27597, 8.04131, 10.0598]]
Nodes count: 545
]
2025-04-05 06:00:51 INFO  ren0 [PMMFocalGuidingIntegrator] Rendering 2 iteration
2025-04-05 06:00:51 INFO  ren0 [SamplingIntegrator] Starting render job (1280x720, 4 samples, 8 cores, SSE2 enabled) ..
2025-04-05 06:03:07 INFO  wrk4 [octree.h:248] No intersection found
2025-04-05 06:03:07 INFO  wrk4 [pmm_focal_guiding.cpp:751] Intersection was not found
2025-04-05 06:03:27 INFO  wrk3 [octree.h:260] No intersection found
2025-04-05 06:03:27 INFO  wrk3 [pmm_focal_guiding.cpp:751] Intersection was not found
2025-04-05 06:03:55 INFO  ren0 [PMMFocalGuidingIntegrator] iteration render time: 3.0635m
2025-04-05 06:03:56 INFO  ren0 [PMMFocalGuidingIntegrator] Got 2286622 non-zero samples and 0 zero samples
2025-04-05 06:03:56 INFO  ren0 [gaussian_mixture_model.h:589] Start processing batch
2025-04-05 06:05:23 INFO  ren0 [gaussian_mixture_model.h:616] Finish E step
2025-04-05 06:07:26 INFO  ren0 [gaussian_mixture_model.h:205] components before the merge: 20
2025-04-05 06:07:26 INFO  ren0 [gaussian_mixture_model.h:224] components after the merge: 11, merged 9 component
2025-04-05 06:07:26 INFO  ren0 [gaussian_mixture_model.h:242] components after the split: 20, split 9 components
2025-04-05 06:07:26 INFO  ren0 [gaussian_mixture_model.h:628] Finish M step
2025-04-05 06:07:26 INFO  ren0 [octree.h:482] root weight: 3.461e+09 (3461008896.000000)
2025-04-05 06:07:26 INFO  ren0 [octree.h:483] splitting threshold: 3.461e+06 (3461009.000000)
2025-04-05 06:07:26 INFO  ren0 [octree.h:482] root weight: 4.413e+05 (441252.593750)
2025-04-05 06:07:26 INFO  ren0 [octree.h:483] splitting threshold: 4.413e+02 (441.252625)
2025-04-05 06:07:26 INFO  ren0 [octree.h:498] node count: 1093 -> 1479 -> 1329

2025-04-05 06:07:26 INFO  ren0 [octree.h:498] node count: 545 -> 545 -> 545

2025-04-05 06:07:26 INFO  ren0 [PMMFocalGuidingIntegrator] diverge probability: 0.000

2025-04-05 06:07:26 INFO  ren0 [PMMFocalGuidingIntegrator] iteration postprocessing time: 3.5205m
2025-04-05 06:07:26 INFO  ren0 [PMMFocalGuidingIntegrator] GMM[
weight = 4.08585e-05 mean = [-4.6945 1.18542 -0.146031] covariance = [[1.06725 -0.218021 -0.372938][-0.218021 2.76798 -0.258483][-0.372938 -0.258483 3.32929]]
weight = 6.63591e-05 mean = [2.66545 3.349 7.38253] covariance = [[2.03054 -0.0406259 -0.224177][-0.0406259 6.01864 -0.577848][-0.224177 -0.577848 2.49881]]
weight = 1.31873e-05 mean = [-3.75891 1.27477 5.47212] covariance = [[2.10451 0.0705283 0.420803][0.0705283 2.05921 -0.301606][0.420803 -0.301606 1.29462]]
weight = 0.233122 mean = [-2.1928 3.69071 -1.93796] covariance = [[0.00792611 -0.00167107 0.00289132][-0.00167107 0.0092367 0.00252921][0.00289132 0.00252921 0.00683153]]
weight = 3.18789e-05 mean = [-4.25653 6.21969 2.43042] covariance = [[1.59329 0.199034 -0.306069][0.199034 1.37491 0.0704407][-0.306069 0.0704407 5.58154]]
weight = 7.48948e-05 mean = [-2.44872 2.85336 8.11607] covariance = [[4.37762 0.066336 0.312859][0.066336 4.65742 -0.320353][0.312859 -0.320353 1.45408]]
weight = 5.89141e-05 mean = [2.24455 1.04489 2.45428] covariance = [[2.83824 0.130166 1.48931][0.130166 2.34393 0.415316][1.48931 0.415316 5.53987]]
weight = 3.84169e-05 mean = [-1.79429 1.46989 -0.127114] covariance = [[1.75413 -0.158426 0.437605][-0.158426 2.29365 0.021216][0.437605 0.021216 3.68641]]
weight = 4.08585e-05 mean = [-4.38359 2.01094 -2.62517] covariance = [[1.06725 -0.218021 -0.372938][-0.218021 2.76798 -0.258483][-0.372938 -0.258483 3.32929]]
weight = 0.0333997 mean = [-2.27564 3.73278 -1.99553] covariance = [[0.0717356 0.0198553 0.00017934][0.0198553 0.0653602 -0.0184877][0.00017934 -0.0184877 0.0598669]]
weight = 0.233122 mean = [-2.18442 3.73898 -1.90157] covariance = [[0.00792611 -0.00167107 0.00289132][-0.00167107 0.0092367 0.00252921][0.00289132 0.00252921 0.00683153]]
weight = 0.233122 mean = [-2.21305 3.57418 -2.0258] covariance = [[0.00792611 -0.00167107 0.00289132][-0.00167107 0.0092367 0.00252921][0.00289132 0.00252921 0.00683153]]
weight = 1.59395e-05 mean = [-4.0933 6.19144 0.272259] covariance = [[1.57735 0.201793 -0.0953264][0.201793 1.37443 0.033962][-0.0953264 0.033962 2.79515]]
weight = 1.31873e-05 mean = [-1.95498 0.611902 6.42515] covariance = [[2.10451 0.0705283 0.420803][0.0705283 2.05921 -0.301606][0.420803 -0.301606 1.29462]]
weight = 0.233122 mean = [-2.16417 3.85551 -1.81372] covariance = [[0.00792611 -0.00167107 0.00289132][-0.00167107 0.0092367 0.00252921][0.00289132 0.00252921 0.00683153]]
weight = 1.59395e-05 mean = [-3.91476 6.16053 -2.08842] covariance = [[1.57735 0.201793 -0.0953264][0.201793 1.37443 0.033962][-0.0953264 0.033962 2.79515]]
weight = 3.84169e-05 mean = [-1.21221 1.44622 2.56038] covariance = [[1.75413 -0.158426 0.437605][-0.158426 2.29365 0.021216][0.437605 0.021216 3.68641]]
weight = 7.50939e-05 mean = [-0.882186 5.1562 2.89909] covariance = [[3.47583 0.885228 1.25588][0.885228 2.73499 -0.00510996][1.25588 -0.00510996 5.92801]]
weight = 0.00019017 mean = [0.847637 3.87986 -1.60614] covariance = [[5.29679 0.0991314 1.34587][0.0991314 5.34793 1.37173][1.34587 1.37173 4.66464]]
weight = 0.0333997 mean = [-2.00599 4.02955 -2.15732] covariance = [[0.0717356 0.0198553 0.00017934][0.0198553 0.0653602 -0.0184877][0.00017934 -0.0184877 0.0598669]]
]
2025-04-05 06:07:26 INFO  ren0 [PMMFocalGuidingIntegrator] Octree[
AABB: AABB3[min=[-6.3658, -1.5274, -4.73046], max=[5.27597, 8.04131, 10.0598]]
Nodes count: 1329
]
2025-04-05 06:07:26 INFO  ren0 [PMMFocalGuidingIntegrator] Octree[
AABB: AABB3[min=[-6.3658, -1.5274, -4.73046], max=[5.27597, 8.04131, 10.0598]]
Nodes count: 545
]
2025-04-05 06:07:26 INFO  ren0 [PMMFocalGuidingIntegrator] Rendering 3 iteration
2025-04-05 06:07:26 INFO  ren0 [SamplingIntegrator] Starting render job (1280x720, 4 samples, 8 cores, SSE2 enabled) ..
2025-04-05 06:07:54 INFO  wrk2 [octree.h:248] No intersection found
2025-04-05 06:07:54 INFO  wrk2 [pmm_focal_guiding.cpp:751] Intersection was not found
2025-04-05 06:08:02 INFO  wrk7 [octree.h:248] No intersection found
2025-04-05 06:08:02 INFO  wrk7 [pmm_focal_guiding.cpp:751] Intersection was not found
2025-04-05 06:10:00 INFO  wrk4 [octree.h:260] No intersection found
2025-04-05 06:10:00 INFO  wrk4 [pmm_focal_guiding.cpp:751] Intersection was not found
2025-04-05 06:10:23 INFO  ren0 [PMMFocalGuidingIntegrator] iteration render time: 2.9471m
