2025-04-05 03:07:22 INFO  main [mitsuba.cpp:274] Mitsuba version 0.6.0 (Linux, 64 bit), Copyright (c) 2017 Wenzel Jakob
2025-04-05 03:07:22 INFO  main [mitsuba.cpp:377] Parsing scene description from "../../scenes/dining-room/dining-room.xml" ..
2025-04-05 03:07:22 INFO  main [scenehandler.cpp:675] In file "/home/julia/PBRT/PMM_focal_guiding/mitsuba/dist/../../scenes/dining-room/dining-room.xml" (near line 18): Parsing included file "pmm_focal_guiding.xml" ..
2025-04-05 03:07:22 INFO  main [PluginManager] Loading plugin "plugins/pmm_focal_guiding.so" ..
2025-04-05 03:07:22 INFO  main [octree.h:482] root weight: 8.000e-20 (0.000000)
2025-04-05 03:07:22 INFO  main [octree.h:483] splitting threshold: 8.000e-23 (0.000000)
2025-04-05 03:07:22 INFO  main [octree.h:498] node count: 1 -> 585 -> 585

2025-04-05 03:07:22 INFO  main [octree.h:482] root weight: 8.000e-20 (0.000000)
2025-04-05 03:07:22 INFO  main [octree.h:483] splitting threshold: 8.000e-23 (0.000000)
2025-04-05 03:07:22 INFO  main [octree.h:498] node count: 1 -> 585 -> 585

2025-04-05 03:07:22 INFO  main [PMMFocalGuidingIntegrator] Saving to: 
2025-04-05 03:07:22 INFO  main [PMMFocalGuidingIntegrator] GMM params: alpha = 0.500000, split_th = 4.000000, merge_th = 0.500000, min_num_comp = 3, max_num_comp = 20, init = Random
2025-04-05 03:07:22 INFO  main [PMMFocalGuidingIntegrator] iterationCount: 8
2025-04-05 03:07:22 INFO  main [PMMFocalGuidingIntegrator] PMMFocalGuidingIntegrator
  maxDepth = 40,
  rrDepth = 14,
  strictNormals = 1
  gmm = GMM[
]
]
2025-04-05 03:07:22 WARN  main [scenehandler.cpp:795] In file "/home/julia/PBRT/PMM_focal_guiding/mitsuba/dist/../../scenes/dining-room/../_integrators/pmm_focal_guiding.xml" (near line 49): Unqueried attribute "budget" in element "integrator"
2025-04-05 03:07:22 WARN  main [scenehandler.cpp:795] In file "/home/julia/PBRT/PMM_focal_guiding/mitsuba/dist/../../scenes/dining-room/../_integrators/pmm_focal_guiding.xml" (near line 49): Unqueried attribute "dumpPrimaryRays" in element "integrator"
2025-04-05 03:07:22 WARN  main [scenehandler.cpp:795] In file "/home/julia/PBRT/PMM_focal_guiding/mitsuba/dist/../../scenes/dining-room/../_integrators/pmm_focal_guiding.xml" (near line 49): Unqueried attribute "dumpScene" in element "integrator"
2025-04-05 03:07:22 WARN  main [scenehandler.cpp:795] In file "/home/julia/PBRT/PMM_focal_guiding/mitsuba/dist/../../scenes/dining-room/../_integrators/pmm_focal_guiding.xml" (near line 49): Unqueried attribute "normalBinning" in element "integrator"
2025-04-05 03:07:22 WARN  main [scenehandler.cpp:795] In file "/home/julia/PBRT/PMM_focal_guiding/mitsuba/dist/../../scenes/dining-room/../_integrators/pmm_focal_guiding.xml" (near line 49): Unqueried attribute "samplingMode" in element "integrator"
2025-04-05 03:07:22 WARN  main [scenehandler.cpp:795] In file "/home/julia/PBRT/PMM_focal_guiding/mitsuba/dist/../../scenes/dining-room/../_integrators/pmm_focal_guiding.xml" (near line 49): Unqueried attribute "unboundedSplatting" in element "integrator"
2025-04-05 03:07:22 INFO  main [PluginManager] Loading plugin "plugins/independent.so" ..
2025-04-05 03:07:22 INFO  main [PluginManager] Loading plugin "plugins/box.so" ..
2025-04-05 03:07:22 INFO  main [PluginManager] Loading plugin "plugins/hdrfilm.so" ..
2025-04-05 03:07:22 INFO  main [PluginManager] Loading plugin "plugins/perspective.so" ..
2025-04-05 03:07:22 INFO  main [PluginManager] Loading plugin "plugins/roughplastic.so" ..
2025-04-05 03:07:23 INFO  main [PluginManager] Loading plugin "plugins/twosided.so" ..
2025-04-05 03:07:23 INFO  main [PluginManager] Loading plugin "plugins/roughconductor.so" ..
2025-04-05 03:07:23 INFO  main [spectrum.cpp:599] "Cu.eta.spd": loaded a spectral power distribution with 55 entries (between 302.400421 and 885.601257 nm)
2025-04-05 03:07:23 INFO  main [spectrum.cpp:599] "Cu.k.spd": loaded a spectral power distribution with 55 entries (between 302.400421 and 885.601257 nm)
2025-04-05 03:07:23 INFO  main [PluginManager] Loading plugin "plugins/diffuse.so" ..
2025-04-05 03:07:23 INFO  main [PluginManager] Loading plugin "plugins/bitmap.so" ..
2025-04-05 03:07:23 INFO  main [BitmapTexture] Loading texture "picture3.jpg"
2025-04-05 03:07:23 INFO  main [MIPMap] Mapped MIP map cache file "/home/julia/PBRT/PMM_focal_guiding/mitsuba/dist/../../scenes/dining-room/textures/picture3.mip" into memory (18.8 MiB).
2025-04-05 03:07:23 INFO  main [BitmapTexture] Loading texture "Tiles.jpg"
2025-04-05 03:07:23 INFO  main [PluginManager] Loading plugin "plugins/lanczos.so" ..
2025-04-05 03:07:23 INFO  main [spectrum.cpp:599] "Cu.eta.spd": loaded a spectral power distribution with 55 entries (between 302.400421 and 885.601257 nm)
2025-04-05 03:07:23 INFO  main [spectrum.cpp:599] "Cu.k.spd": loaded a spectral power distribution with 55 entries (between 302.400421 and 885.601257 nm)
2025-04-05 03:07:23 INFO  main [PluginManager] Loading plugin "plugins/conductor.so" ..
2025-04-05 03:07:23 INFO  main [spectrum.cpp:599] "Ir.eta.spd": loaded a spectral power distribution with 28 entries (between 302.389984 and 885.570984 nm)
2025-04-05 03:07:23 INFO  main [spectrum.cpp:599] "Ir.k.spd": loaded a spectral power distribution with 28 entries (between 302.389984 and 885.570984 nm)
2025-04-05 03:07:23 INFO  main [spectrum.cpp:599] "Cu.eta.spd": loaded a spectral power distribution with 55 entries (between 302.400421 and 885.601257 nm)
2025-04-05 03:07:23 INFO  main [spectrum.cpp:599] "Cu.k.spd": loaded a spectral power distribution with 55 entries (between 302.400421 and 885.601257 nm)
2025-04-05 03:07:23 INFO  main [BitmapTexture] Loading texture "Teacup.png"
2025-04-05 03:07:23 INFO  main [spectrum.cpp:599] "Cu.eta.spd": loaded a spectral power distribution with 55 entries (between 302.400421 and 885.601257 nm)
2025-04-05 03:07:23 INFO  main [spectrum.cpp:599] "Cu.k.spd": loaded a spectral power distribution with 55 entries (between 302.400421 and 885.601257 nm)
2025-04-05 03:07:23 INFO  main [PluginManager] Loading plugin "plugins/area.so" ..
2025-04-05 03:07:23 INFO  main [PluginManager] Loading plugin "plugins/disk.so" ..
2025-04-05 03:07:23 INFO  main [PluginManager] Loading plugin "plugins/ply.so" ..
2025-04-05 03:07:23 INFO  main [PLYLoader] Loading geometry from "parabol1.ply" ..
2025-04-05 03:07:23 INFO  main [PLYLoader] "parabol1": Loaded 25856 triangles, 13057 vertices (456.0 KiB in 30 ms).
2025-04-05 03:07:23 INFO  main [PLYLoader] Loading geometry from "parabol2.ply" ..
2025-04-05 03:07:23 INFO  main [PLYLoader] "parabol2": Loaded 25856 triangles, 13057 vertices (456.0 KiB in 28 ms).
2025-04-05 03:07:23 INFO  main [PluginManager] Loading plugin "plugins/obj.so" ..
2025-04-05 03:07:23 INFO  main [WavefrontOBJ] Loading geometry from "Mesh013.obj" ..
2025-04-05 03:07:23 INFO  main [WavefrontOBJ] Mesh013: 1056 triangles, 577 vertices (merged 2591 vertices).
2025-04-05 03:07:23 INFO  main [WavefrontOBJ] Done with "Mesh013.obj" (took 7 ms)
2025-04-05 03:07:23 INFO  main [WavefrontOBJ] Loading geometry from "Mesh016.obj" ..
2025-04-05 03:07:23 INFO  main [WavefrontOBJ] Mesh016: 384 triangles, 768 vertices (merged 384 vertices).
2025-04-05 03:07:23 INFO  main [WavefrontOBJ] Done with "Mesh016.obj" (took 8 ms)
2025-04-05 03:07:23 INFO  main [WavefrontOBJ] Loading geometry from "Mesh015.obj" ..
2025-04-05 03:07:23 INFO  main [WavefrontOBJ] Mesh015: 3136 triangles, 1680 vertices (merged 7728 vertices).
2025-04-05 03:07:23 INFO  main [WavefrontOBJ] Done with "Mesh015.obj" (took 23 ms)
2025-04-05 03:07:23 INFO  main [WavefrontOBJ] Loading geometry from "Mesh023.obj" ..
2025-04-05 03:07:23 INFO  main [WavefrontOBJ] Mesh023: 1056 triangles, 577 vertices (merged 2591 vertices).
2025-04-05 03:07:23 INFO  main [WavefrontOBJ] Done with "Mesh023.obj" (took 8 ms)
2025-04-05 03:07:23 INFO  main [WavefrontOBJ] Loading geometry from "Mesh020.obj" ..
2025-04-05 03:07:23 INFO  main [WavefrontOBJ] Mesh020: 384 triangles, 768 vertices (merged 384 vertices).
2025-04-05 03:07:23 INFO  main [WavefrontOBJ] Done with "Mesh020.obj" (took 4 ms)
2025-04-05 03:07:23 INFO  main [WavefrontOBJ] Loading geometry from "Mesh017.obj" ..
2025-04-05 03:07:23 INFO  main [WavefrontOBJ] Mesh017: 3136 triangles, 1680 vertices (merged 7728 vertices).
2025-04-05 03:07:23 INFO  main [WavefrontOBJ] Done with "Mesh017.obj" (took 22 ms)
2025-04-05 03:07:23 INFO  main [WavefrontOBJ] Loading geometry from "Mesh024.obj" ..
2025-04-05 03:07:23 INFO  main [WavefrontOBJ] Mesh024: 34 triangles, 68 vertices (merged 34 vertices).
2025-04-05 03:07:23 INFO  main [WavefrontOBJ] Done with "Mesh024.obj" (took 0 ms)
2025-04-05 03:07:23 INFO  main [WavefrontOBJ] Loading geometry from "Mesh041.obj" ..
2025-04-05 03:07:23 INFO  main [WavefrontOBJ] Mesh041: 8 triangles, 16 vertices (merged 8 vertices).
2025-04-05 03:07:23 INFO  main [WavefrontOBJ] Done with "Mesh041.obj" (took 0 ms)
2025-04-05 03:07:23 INFO  main [WavefrontOBJ] Loading geometry from "Mesh011.obj" ..
2025-04-05 03:07:23 INFO  main [WavefrontOBJ] Mesh011: 8992 triangles, 4544 vertices (merged 22432 vertices).
2025-04-05 03:07:23 INFO  main [WavefrontOBJ] Done with "Mesh011.obj" (took 66 ms)
2025-04-05 03:07:23 INFO  main [WavefrontOBJ] Loading geometry from "Mesh026.obj" ..
2025-04-05 03:07:23 INFO  main [WavefrontOBJ] Mesh026: 7624 triangles, 4070 vertices (merged 18802 vertices).
2025-04-05 03:07:23 INFO  main [WavefrontOBJ] Done with "Mesh026.obj" (took 54 ms)
2025-04-05 03:07:23 INFO  main [WavefrontOBJ] Loading geometry from "Mesh018.obj" ..
2025-04-05 03:07:23 INFO  main [WavefrontOBJ] Mesh018: 2016 triangles, 1260 vertices (merged 4788 vertices).
2025-04-05 03:07:23 INFO  main [WavefrontOBJ] Done with "Mesh018.obj" (took 15 ms)
2025-04-05 03:07:23 INFO  main [WavefrontOBJ] Loading geometry from "Mesh007.obj" ..
2025-04-05 03:07:23 INFO  main [WavefrontOBJ] Mesh007: 4352 triangles, 2178 vertices (merged 10878 vertices).
2025-04-05 03:07:23 INFO  main [WavefrontOBJ] Done with "Mesh007.obj" (took 30 ms)
2025-04-05 03:07:23 INFO  main [WavefrontOBJ] Loading geometry from "Mesh005.obj" ..
2025-04-05 03:07:23 INFO  main [WavefrontOBJ] Mesh005: 160 triangles, 144 vertices (merged 336 vertices).
2025-04-05 03:07:23 INFO  main [WavefrontOBJ] Done with "Mesh005.obj" (took 1 ms)
2025-04-05 03:07:23 INFO  main [WavefrontOBJ] Loading geometry from "Mesh019.obj" ..
2025-04-05 03:07:23 INFO  main [WavefrontOBJ] Mesh019: 560 triangles, 400 vertices (merged 1280 vertices).
2025-04-05 03:07:23 INFO  main [WavefrontOBJ] Done with "Mesh019.obj" (took 5 ms)
2025-04-05 03:07:23 INFO  main [WavefrontOBJ] Loading geometry from "Mesh021.obj" ..
2025-04-05 03:07:23 INFO  main [WavefrontOBJ] Mesh021: 720 triangles, 482 vertices (merged 1678 vertices).
2025-04-05 03:07:23 INFO  main [WavefrontOBJ] Done with "Mesh021.obj" (took 5 ms)
2025-04-05 03:07:23 INFO  main [WavefrontOBJ] Loading geometry from "Mesh037.obj" ..
2025-04-05 03:07:23 INFO  main [WavefrontOBJ] Mesh037: 7624 triangles, 4070 vertices (merged 18802 vertices).
2025-04-05 03:07:23 INFO  main [WavefrontOBJ] Done with "Mesh037.obj" (took 59 ms)
2025-04-05 03:07:23 INFO  main [WavefrontOBJ] Loading geometry from "Mesh004.obj" ..
2025-04-05 03:07:23 INFO  main [WavefrontOBJ] Mesh004: 2016 triangles, 1260 vertices (merged 4788 vertices).
2025-04-05 03:07:23 INFO  main [WavefrontOBJ] Done with "Mesh004.obj" (took 17 ms)
2025-04-05 03:07:23 INFO  main [WavefrontOBJ] Loading geometry from "Mesh014.obj" ..
2025-04-05 03:07:23 INFO  main [WavefrontOBJ] Mesh014: 160 triangles, 144 vertices (merged 336 vertices).
2025-04-05 03:07:23 INFO  main [WavefrontOBJ] Done with "Mesh014.obj" (took 1 ms)
2025-04-05 03:07:23 INFO  main [WavefrontOBJ] Loading geometry from "Mesh012.obj" ..
2025-04-05 03:07:23 INFO  main [WavefrontOBJ] Mesh012: 560 triangles, 400 vertices (merged 1280 vertices).
2025-04-05 03:07:23 INFO  main [WavefrontOBJ] Done with "Mesh012.obj" (took 5 ms)
2025-04-05 03:07:23 INFO  main [WavefrontOBJ] Loading geometry from "Mesh028.obj" ..
2025-04-05 03:07:23 INFO  main [WavefrontOBJ] Mesh028: 720 triangles, 482 vertices (merged 1678 vertices).
2025-04-05 03:07:23 INFO  main [WavefrontOBJ] Done with "Mesh028.obj" (took 7 ms)
2025-04-05 03:07:23 INFO  main [WavefrontOBJ] Loading geometry from "Mesh025.obj" ..
2025-04-05 03:07:23 INFO  main [WavefrontOBJ] Mesh025: 4352 triangles, 2178 vertices (merged 10878 vertices).
2025-04-05 03:07:23 INFO  main [WavefrontOBJ] Done with "Mesh025.obj" (took 33 ms)
2025-04-05 03:07:23 INFO  main [WavefrontOBJ] Loading geometry from "Mesh008.obj" ..
2025-04-05 03:07:23 INFO  main [WavefrontOBJ] Mesh008: 6320 triangles, 3270 vertices (merged 15690 vertices).
2025-04-05 03:07:23 INFO  main [WavefrontOBJ] Done with "Mesh008.obj" (took 43 ms)
2025-04-05 03:07:23 INFO  main [WavefrontOBJ] Loading geometry from "Mesh032.obj" ..
2025-04-05 03:07:24 INFO  main [WavefrontOBJ] Mesh032: 13248 triangles, 6686 vertices (merged 33058 vertices).
2025-04-05 03:07:24 INFO  main [WavefrontOBJ] Done with "Mesh032.obj" (took 94 ms)
2025-04-05 03:07:24 INFO  main [WavefrontOBJ] Loading geometry from "Mesh035.obj" ..
2025-04-05 03:07:24 INFO  main [WavefrontOBJ] Mesh035: 14480 triangles, 7404 vertices (merged 36036 vertices).
2025-04-05 03:07:24 INFO  main [WavefrontOBJ] Done with "Mesh035.obj" (took 102 ms)
2025-04-05 03:07:24 INFO  main [WavefrontOBJ] Loading geometry from "Mesh042.obj" ..
2025-04-05 03:07:24 INFO  main [WavefrontOBJ] Mesh042: 2320 triangles, 1492 vertices (merged 5468 vertices).
2025-04-05 03:07:24 INFO  main [WavefrontOBJ] Done with "Mesh042.obj" (took 24 ms)
2025-04-05 03:07:24 INFO  main [WavefrontOBJ] Loading geometry from "Mesh010.obj" ..
2025-04-05 03:07:24 INFO  main [WavefrontOBJ] Mesh010: 13248 triangles, 6686 vertices (merged 33058 vertices).
2025-04-05 03:07:24 INFO  main [WavefrontOBJ] Done with "Mesh010.obj" (took 95 ms)
2025-04-05 03:07:24 INFO  main [WavefrontOBJ] Loading geometry from "Mesh036.obj" ..
2025-04-05 03:07:24 INFO  main [WavefrontOBJ] Mesh036: 14480 triangles, 7404 vertices (merged 36036 vertices).
2025-04-05 03:07:24 INFO  main [WavefrontOBJ] Done with "Mesh036.obj" (took 99 ms)
2025-04-05 03:07:24 INFO  main [WavefrontOBJ] Loading geometry from "Mesh027.obj" ..
2025-04-05 03:07:24 INFO  main [WavefrontOBJ] Mesh027: 2320 triangles, 1492 vertices (merged 5468 vertices).
2025-04-05 03:07:24 INFO  main [WavefrontOBJ] Done with "Mesh027.obj" (took 17 ms)
2025-04-05 03:07:24 INFO  main [WavefrontOBJ] Loading geometry from "Mesh043.obj" ..
2025-04-05 03:07:24 INFO  main [WavefrontOBJ] Mesh043: 13248 triangles, 6686 vertices (merged 33058 vertices).
2025-04-05 03:07:24 INFO  main [WavefrontOBJ] Done with "Mesh043.obj" (took 94 ms)
2025-04-05 03:07:24 INFO  main [WavefrontOBJ] Loading geometry from "Mesh044.obj" ..
2025-04-05 03:07:24 INFO  main [WavefrontOBJ] Mesh044: 14480 triangles, 7404 vertices (merged 36036 vertices).
2025-04-05 03:07:24 INFO  main [WavefrontOBJ] Done with "Mesh044.obj" (took 109 ms)
2025-04-05 03:07:24 INFO  main [WavefrontOBJ] Loading geometry from "Mesh031.obj" ..
2025-04-05 03:07:24 INFO  main [WavefrontOBJ] Mesh031: 2320 triangles, 1492 vertices (merged 5468 vertices).
2025-04-05 03:07:24 INFO  main [WavefrontOBJ] Done with "Mesh031.obj" (took 18 ms)
2025-04-05 03:07:24 INFO  main [WavefrontOBJ] Loading geometry from "Mesh022.obj" ..
2025-04-05 03:07:24 INFO  main [WavefrontOBJ] Mesh022: 13248 triangles, 6686 vertices (merged 33058 vertices).
2025-04-05 03:07:24 INFO  main [WavefrontOBJ] Done with "Mesh022.obj" (took 94 ms)
2025-04-05 03:07:24 INFO  main [WavefrontOBJ] Loading geometry from "Mesh038.obj" ..
2025-04-05 03:07:24 INFO  main [WavefrontOBJ] Mesh038: 14480 triangles, 7404 vertices (merged 36036 vertices).
2025-04-05 03:07:24 INFO  main [WavefrontOBJ] Done with "Mesh038.obj" (took 104 ms)
2025-04-05 03:07:24 INFO  main [WavefrontOBJ] Loading geometry from "Mesh030.obj" ..
2025-04-05 03:07:24 INFO  main [WavefrontOBJ] Mesh030: 2320 triangles, 1492 vertices (merged 5468 vertices).
2025-04-05 03:07:24 INFO  main [WavefrontOBJ] Done with "Mesh030.obj" (took 24 ms)
2025-04-05 03:07:24 INFO  main [WavefrontOBJ] Loading geometry from "Mesh046.obj" ..
2025-04-05 03:07:24 INFO  main [WavefrontOBJ] Mesh046: 13248 triangles, 6686 vertices (merged 33058 vertices).
2025-04-05 03:07:24 INFO  main [WavefrontOBJ] Done with "Mesh046.obj" (took 96 ms)
2025-04-05 03:07:24 INFO  main [WavefrontOBJ] Loading geometry from "Mesh047.obj" ..
2025-04-05 03:07:25 INFO  main [WavefrontOBJ] Mesh047: 14480 triangles, 7404 vertices (merged 36036 vertices).
2025-04-05 03:07:25 INFO  main [WavefrontOBJ] Done with "Mesh047.obj" (took 103 ms)
2025-04-05 03:07:25 INFO  main [WavefrontOBJ] Loading geometry from "Mesh034.obj" ..
2025-04-05 03:07:25 INFO  main [WavefrontOBJ] Mesh034: 2320 triangles, 1492 vertices (merged 5468 vertices).
2025-04-05 03:07:25 INFO  main [WavefrontOBJ] Done with "Mesh034.obj" (took 18 ms)
2025-04-05 03:07:25 INFO  main [WavefrontOBJ] Loading geometry from "Mesh033.obj" ..
2025-04-05 03:07:25 INFO  main [WavefrontOBJ] Mesh033: 44 triangles, 96 vertices (merged 36 vertices).
2025-04-05 03:07:25 INFO  main [WavefrontOBJ] Done with "Mesh033.obj" (took 0 ms)
2025-04-05 03:07:25 INFO  main [WavefrontOBJ] Loading geometry from "Mesh006.obj" ..
2025-04-05 03:07:25 INFO  main [WavefrontOBJ] Mesh006: 4 triangles, 6 vertices (merged 6 vertices).
2025-04-05 03:07:25 INFO  main [WavefrontOBJ] Done with "Mesh006.obj" (took 0 ms)
2025-04-05 03:07:25 INFO  main [WavefrontOBJ] Loading geometry from "Mesh048.obj" ..
2025-04-05 03:07:25 INFO  main [WavefrontOBJ] Mesh048: 30 triangles, 38 vertices (merged 52 vertices).
2025-04-05 03:07:25 INFO  main [WavefrontOBJ] Done with "Mesh048.obj" (took 0 ms)
2025-04-05 03:07:25 INFO  main [WavefrontOBJ] Loading geometry from "Mesh049.obj" ..
2025-04-05 03:07:25 INFO  main [WavefrontOBJ] Mesh049: 13248 triangles, 6686 vertices (merged 33058 vertices).
2025-04-05 03:07:25 INFO  main [WavefrontOBJ] Done with "Mesh049.obj" (took 94 ms)
2025-04-05 03:07:25 INFO  main [WavefrontOBJ] Loading geometry from "Mesh051.obj" ..
2025-04-05 03:07:25 INFO  main [WavefrontOBJ] Mesh051: 14480 triangles, 7404 vertices (merged 36036 vertices).
2025-04-05 03:07:25 INFO  main [WavefrontOBJ] Done with "Mesh051.obj" (took 107 ms)
2025-04-05 03:07:25 INFO  main [WavefrontOBJ] Loading geometry from "Mesh040.obj" ..
2025-04-05 03:07:25 INFO  main [WavefrontOBJ] Mesh040: 2320 triangles, 1492 vertices (merged 5468 vertices).
2025-04-05 03:07:25 INFO  main [WavefrontOBJ] Done with "Mesh040.obj" (took 16 ms)
2025-04-05 03:07:25 INFO  main [WavefrontOBJ] Loading geometry from "Mesh003.obj" ..
2025-04-05 03:07:25 INFO  main [WavefrontOBJ] Mesh003: 18176 triangles, 9150 vertices (merged 45378 vertices).
2025-04-05 03:07:25 INFO  main [WavefrontOBJ] Done with "Mesh003.obj" (took 128 ms)
2025-04-05 03:07:25 INFO  main [WavefrontOBJ] Loading geometry from "Mesh002.obj" ..
2025-04-05 03:07:25 INFO  main [WavefrontOBJ] Mesh002: 7624 triangles, 4070 vertices (merged 18802 vertices).
2025-04-05 03:07:25 INFO  main [WavefrontOBJ] Done with "Mesh002.obj" (took 56 ms)
2025-04-05 03:07:25 INFO  main [WavefrontOBJ] Loading geometry from "Mesh009.obj" ..
2025-04-05 03:07:25 INFO  main [WavefrontOBJ] Mesh009: 2016 triangles, 1260 vertices (merged 4788 vertices).
2025-04-05 03:07:25 INFO  main [WavefrontOBJ] Done with "Mesh009.obj" (took 17 ms)
2025-04-05 03:07:25 INFO  main [WavefrontOBJ] Loading geometry from "Mesh045.obj" ..
2025-04-05 03:07:25 INFO  main [WavefrontOBJ] Mesh045: 4352 triangles, 2178 vertices (merged 10878 vertices).
2025-04-05 03:07:25 INFO  main [WavefrontOBJ] Done with "Mesh045.obj" (took 29 ms)
2025-04-05 03:07:25 INFO  main [WavefrontOBJ] Loading geometry from "Mesh029.obj" ..
2025-04-05 03:07:25 INFO  main [WavefrontOBJ] Mesh029: 160 triangles, 144 vertices (merged 336 vertices).
2025-04-05 03:07:25 INFO  main [WavefrontOBJ] Done with "Mesh029.obj" (took 1 ms)
2025-04-05 03:07:25 INFO  main [WavefrontOBJ] Loading geometry from "Mesh039.obj" ..
2025-04-05 03:07:25 INFO  main [WavefrontOBJ] Mesh039: 560 triangles, 400 vertices (merged 1280 vertices).
2025-04-05 03:07:25 INFO  main [WavefrontOBJ] Done with "Mesh039.obj" (took 4 ms)
2025-04-05 03:07:25 INFO  main [WavefrontOBJ] Loading geometry from "Mesh050.obj" ..
2025-04-05 03:07:25 INFO  main [WavefrontOBJ] Mesh050: 720 triangles, 482 vertices (merged 1678 vertices).
2025-04-05 03:07:25 INFO  main [WavefrontOBJ] Done with "Mesh050.obj" (took 5 ms)
2025-04-05 03:07:25 INFO  main [WavefrontOBJ] Loading geometry from "Mesh001.obj" ..
2025-04-05 03:07:25 INFO  main [WavefrontOBJ] Mesh001: 170 triangles, 340 vertices (merged 170 vertices).
2025-04-05 03:07:25 INFO  main [WavefrontOBJ] Done with "Mesh001.obj" (took 4 ms)
2025-04-05 03:07:25 INFO  main [WavefrontOBJ] Loading geometry from "Mesh000.obj" ..
2025-04-05 03:07:25 INFO  main [WavefrontOBJ] Mesh000: 22 triangles, 44 vertices (merged 22 vertices).
2025-04-05 03:07:25 INFO  main [WavefrontOBJ] Done with "Mesh000.obj" (took 0 ms)
2025-04-05 03:07:25 INFO  main [PluginManager] Loading plugin "plugins/rectangle.so" ..
2025-04-05 03:07:25 INFO  ren0 [KDTreeBase] Constructing a SAH kd-tree (321251 primitives) ..
2025-04-05 03:07:30 INFO  ren0 [KDTreeBase] Finished -- took 4699 ms.
2025-04-05 03:07:30 INFO  ren0 [PMMFocalGuidingIntegrator] Starting preprocess
2025-04-05 03:07:30 INFO  ren0 [octree.h:482] root weight: 8.000e-20 (0.000000)
2025-04-05 03:07:30 INFO  ren0 [octree.h:483] splitting threshold: 8.000e-23 (0.000000)
2025-04-05 03:07:30 INFO  ren0 [octree.h:498] node count: 1 -> 585 -> 585

2025-04-05 03:07:30 INFO  ren0 [octree.h:482] root weight: 4.096e-17 (0.000000)
2025-04-05 03:07:30 INFO  ren0 [octree.h:483] splitting threshold: 4.096e-20 (0.000000)
2025-04-05 03:07:30 INFO  ren0 [octree.h:498] node count: 585 -> 585 -> 585

2025-04-05 03:07:30 INFO  ren0 [octree.h:482] root weight: 8.000e-20 (0.000000)
2025-04-05 03:07:30 INFO  ren0 [octree.h:483] splitting threshold: 8.000e-23 (0.000000)
2025-04-05 03:07:30 INFO  ren0 [octree.h:498] node count: 1 -> 585 -> 585

2025-04-05 03:07:30 INFO  ren0 [octree.h:482] root weight: 4.096e-17 (0.000000)
2025-04-05 03:07:30 INFO  ren0 [octree.h:483] splitting threshold: 4.096e-20 (0.000000)
2025-04-05 03:07:30 INFO  ren0 [octree.h:498] node count: 585 -> 585 -> 585

2025-04-05 03:07:30 INFO  ren0 [PMMFocalGuidingIntegrator] Octree[
AABB: AABB3[min=[-6.3658, -1.5274, -4.73046], max=[5.27597, 8.04131, 10.0598]]
Nodes count: 585
]
2025-04-05 03:07:30 INFO  ren0 [PMMFocalGuidingIntegrator] Octree[
AABB: AABB3[min=[-6.3658, -1.5274, -4.73046], max=[5.27597, 8.04131, 10.0598]]
Nodes count: 585
]
2025-04-05 03:07:30 INFO  ren0 [PMMFocalGuidingIntegrator] GMM[
]
2025-04-05 03:07:30 INFO  ren0 [PMMFocalGuidingIntegrator] Starting training... (8) iterations
2025-04-05 03:07:30 INFO  ren0 [PMMFocalGuidingIntegrator] Rendering 0 iteration
2025-04-05 03:07:30 INFO  ren0 [SamplingIntegrator] Starting render job (1280x720, 4 samples, 8 cores, SSE2 enabled) ..
2025-04-05 03:08:33 INFO  ren0 [PMMFocalGuidingIntegrator] iteration render time: 1.0443m
2025-04-05 03:08:33 INFO  ren0 [PMMFocalGuidingIntegrator] Got 400396 non-zero samples and 0 zero samples
2025-04-05 03:08:33 INFO  ren0 [gaussian_mixture_model.h:589] Start processing batch
2025-04-05 03:08:33 INFO  ren0 [gaussian_mixture_model.h:391] Random
2025-04-05 03:08:33 INFO  ren0 [gaussian_mixture_model.h:457] Starting initialization using random value from the first batch
2025-04-05 03:08:33 INFO  ren0 [gaussian_mixture_model.h:470] Initialized using random value from the first batch
2025-04-05 03:08:49 INFO  ren0 [gaussian_mixture_model.h:616] Finish E step
2025-04-05 03:09:11 INFO  ren0 [gaussian_mixture_model.h:205] components before the merge: 20
2025-04-05 03:09:11 INFO  ren0 [gaussian_mixture_model.h:224] components after the merge: 16, merged 4 component
2025-04-05 03:09:11 INFO  ren0 [gaussian_mixture_model.h:242] components after the split: 20, split 4 components
2025-04-05 03:09:11 INFO  ren0 [gaussian_mixture_model.h:628] Finish M step
2025-04-05 03:09:11 INFO  ren0 [octree.h:482] root weight: 3.328e+05 (332818.312500)
2025-04-05 03:09:11 INFO  ren0 [octree.h:483] splitting threshold: 3.328e+02 (332.818329)
2025-04-05 03:09:11 INFO  ren0 [octree.h:482] root weight: 7.744e+04 (77442.695312)
2025-04-05 03:09:11 INFO  ren0 [octree.h:483] splitting threshold: 7.744e+01 (77.442696)
2025-04-05 03:09:11 INFO  ren0 [octree.h:498] node count: 585 -> 597 -> 512

2025-04-05 03:09:11 INFO  ren0 [octree.h:498] node count: 585 -> 596 -> 296

2025-04-05 03:09:11 INFO  ren0 [PMMFocalGuidingIntegrator] diverge probability: 0.189

2025-04-05 03:09:11 INFO  ren0 [PMMFocalGuidingIntegrator] iteration postprocessing time: 38.6937s
2025-04-05 03:09:11 INFO  ren0 [PMMFocalGuidingIntegrator] GMM[
weight = 0.037074 mean = [-3.72493 0.608123 8.17528] covariance = [[2.87106 0.383594 0.43081][0.383594 2.90627 0.455688][0.43081 0.455688 0.924864]]
weight = 0.01978 mean = [-4.5646 6.45546 6.9733] covariance = [[1.88704 0.817997 0.0411557][0.817997 1.73963 -0.0342263][0.0411557 -0.0342263 2.2113]]
weight = 0.0159208 mean = [3.45968 6.76751 -1.65461] covariance = [[1.5232 0.0289591 0.579496][0.0289591 0.819866 0.0358937][0.579496 0.0358937 2.82236]]
weight = 0.0186546 mean = [-2.69911 7.17075 -1.18534] covariance = [[2.50261 0.062703 -0.345603][0.062703 0.406394 0.0629241][-0.345603 0.0629241 3.36825]]
weight = 0.0391699 mean = [-1.07456 5.64458 8.03216] covariance = [[2.93828 0.830795 -0.188971][0.830795 2.24396 0.118842][-0.188971 0.118842 1.42084]]
weight = 0.0652369 mean = [-0.89505 1.38612 5.53035] covariance = [[2.28616 1.26766 0.265626][1.26766 4.56257 0.263641][0.265626 0.263641 1.55947]]
weight = 0.0390081 mean = [3.14978 -0.123498 1.72415] covariance = [[2.09491 -0.356371 -0.121867][-0.356371 1.76726 -0.0466192][-0.121867 -0.0466192 4.75196]]
weight = 0.0390169 mean = [-2.79799 -0.0374319 0.754255] covariance = [[2.53344 0.15949 -0.341466][0.15949 0.908648 0.157808][-0.341466 0.157808 2.59687]]
weight = 0.037074 mean = [-1.9717 2.44686 8.81134] covariance = [[2.87106 0.383594 0.43081][0.383594 2.90627 0.455688][0.43081 0.455688 0.924864]]
weight = 0.01978 mean = [-4.59931 6.54735 4.87156] covariance = [[1.88704 0.817997 0.0411557][0.817997 1.73963 -0.0342263][0.0411557 -0.0342263 2.2113]]
weight = 0.0717413 mean = [-3.49984 3.55278 4.34538] covariance = [[3.87701 2.09718 0.579738][2.09718 3.76984 0.140351][0.579738 0.140351 2.26929]]
weight = 0.0186546 mean = [-0.638614 7.2589 -0.466884] covariance = [[2.50261 0.062703 -0.345603][0.062703 0.406394 0.0629241][-0.345603 0.0629241 3.36825]]
weight = 0.0362233 mean = [3.59741 6.25746 6.7539] covariance = [[2.39319 0.414163 -0.524621][0.414163 1.93441 -0.326255][-0.524621 -0.326255 3.35773]]
weight = 0.0716686 mean = [2.44062 1.37827 8.07375] covariance = [[2.21144 0.412567 -0.439381][0.412567 2.68217 0.483226][-0.439381 0.483226 1.85479]]
weight = 0.0390169 mean = [-1.17625 -0.0489495 -1.03071] covariance = [[2.53344 0.15949 -0.341466][0.15949 0.908648 0.157808][-0.341466 0.157808 2.59687]]
weight = 0.208422 mean = [-1.69999 3.95879 -1.4733] covariance = [[3.13005 -0.791774 -0.528131][-0.791774 2.39353 0.166213][-0.528131 0.166213 3.35947]]
weight = 0.0764994 mean = [-4.64447 1.78813 -2.25093] covariance = [[1.45956 -0.41199 -0.614137][-0.41199 3.07443 0.0503203][-0.614137 0.0503203 2.79102]]
weight = 0.0487639 mean = [1.54759 3.60986 3.82748] covariance = [[2.28429 -0.260803 0.666179][-0.260803 2.70501 0.317361][0.666179 0.317361 1.51033]]
weight = 0.0546174 mean = [2.31648 4.33362 0.389028] covariance = [[1.73089 -0.0173128 0.26354][-0.0173128 2.57735 0.80025][0.26354 0.80025 2.12413]]
weight = 0.0436779 mean = [2.5561 2.44617 -3.2842] covariance = [[2.26222 0.249936 -0.35861][0.249936 4.69427 -1.04045][-0.35861 -1.04045 1.52991]]
]
2025-04-05 03:09:11 INFO  ren0 [PMMFocalGuidingIntegrator] Octree[
AABB: AABB3[min=[-6.3658, -1.5274, -4.73046], max=[5.27597, 8.04131, 10.0598]]
Nodes count: 512
]
2025-04-05 03:09:11 INFO  ren0 [PMMFocalGuidingIntegrator] Octree[
AABB: AABB3[min=[-6.3658, -1.5274, -4.73046], max=[5.27597, 8.04131, 10.0598]]
Nodes count: 296
]
2025-04-05 03:09:11 INFO  ren0 [PMMFocalGuidingIntegrator] Rendering 1 iteration
2025-04-05 03:09:11 INFO  ren0 [SamplingIntegrator] Starting render job (1280x720, 4 samples, 8 cores, SSE2 enabled) ..
2025-04-05 03:12:09 INFO  ren0 [PMMFocalGuidingIntegrator] iteration render time: 2.9660m
2025-04-05 03:12:10 INFO  ren0 [PMMFocalGuidingIntegrator] Got 628288 non-zero samples and 0 zero samples
2025-04-05 03:12:10 INFO  ren0 [gaussian_mixture_model.h:589] Start processing batch
2025-04-05 03:12:34 INFO  ren0 [gaussian_mixture_model.h:616] Finish E step
2025-04-05 03:13:09 INFO  ren0 [gaussian_mixture_model.h:205] components before the merge: 20
2025-04-05 03:13:09 INFO  ren0 [gaussian_mixture_model.h:224] components after the merge: 14, merged 6 component
2025-04-05 03:13:09 INFO  ren0 [gaussian_mixture_model.h:242] components after the split: 20, split 6 components
2025-04-05 03:13:09 INFO  ren0 [gaussian_mixture_model.h:628] Finish M step
2025-04-05 03:13:09 INFO  ren0 [octree.h:482] root weight: 4.387e+06 (4386791.000000)
2025-04-05 03:13:09 INFO  ren0 [octree.h:483] splitting threshold: 4.387e+03 (4386.791016)
2025-04-05 03:13:09 INFO  ren0 [octree.h:482] root weight: 6.842e+04 (68424.789062)
2025-04-05 03:13:09 INFO  ren0 [octree.h:483] splitting threshold: 6.842e+01 (68.424789)
2025-04-05 03:13:09 INFO  ren0 [octree.h:498] node count: 512 -> 658 -> 313

2025-04-05 03:13:09 INFO  ren0 [octree.h:498] node count: 296 -> 296 -> 248

2025-04-05 03:13:09 INFO  ren0 [PMMFocalGuidingIntegrator] diverge probability: 0.015

2025-04-05 03:13:09 INFO  ren0 [PMMFocalGuidingIntegrator] iteration postprocessing time: 59.5757s
2025-04-05 03:13:09 INFO  ren0 [PMMFocalGuidingIntegrator] GMM[
weight = 0.00732101 mean = [2.41953 1.29684 0.114738] covariance = [[2.05177 -0.852479 0.0140743][-0.852479 2.59588 -0.465347][0.0140743 -0.465347 3.52398]]
weight = 0.0129605 mean = [-3.61617 1.00715 8.2519] covariance = [[2.25722 -0.293797 0.208773][-0.293797 2.45756 0.204676][0.208773 0.204676 0.859204]]
weight = 0.00565457 mean = [3.04569 6.40072 -1.73092] covariance = [[1.80565 0.875844 0.429824][0.875844 1.70413 0.0989711][0.429824 0.0989711 2.48772]]
weight = 0.00666243 mean = [-4.60063 6.21991 7.01522] covariance = [[1.57443 0.556485 0.0394337][0.556485 1.50083 -0.0376041][0.0394337 -0.0376041 2.04594]]
weight = 0.0132211 mean = [-1.17681 5.57984 7.93596] covariance = [[3.29499 0.866293 -0.205286][0.866293 2.19198 0.131833][-0.205286 0.131833 1.38764]]
weight = 0.0232643 mean = [-0.828792 1.58412 5.5069] covariance = [[2.26069 0.88697 0.282815][0.88697 3.62773 0.183363][0.282815 0.183363 1.72863]]
weight = 0.00732101 mean = [3.10213 -0.0688909 2.41222] covariance = [[2.05177 -0.852479 0.0140743][-0.852479 2.59588 -0.465347][0.0140743 -0.465347 3.52398]]
weight = 0.00645923 mean = [-2.72444 7.13078 -1.39595] covariance = [[2.84278 0.0401627 -0.716799][0.0401627 0.324525 0.0323219][-0.716799 0.0323219 3.5742]]
weight = 0.0129605 mean = [-1.96523 2.14264 8.71204] covariance = [[2.25722 -0.293797 0.208773][-0.293797 2.45756 0.204676][0.208773 0.204676 0.859204]]
weight = 0.00666243 mean = [-4.5736 6.38588 4.99811] covariance = [[1.57443 0.556485 0.0394337][0.556485 1.50083 -0.0376041][0.0394337 -0.0376041 2.04594]]
weight = 0.0260184 mean = [-3.36306 3.51465 4.31252] covariance = [[3.33109 1.78176 0.353762][1.78176 3.62274 0.0822433][0.353762 0.0822433 2.41097]]
weight = 0.00645923 mean = [-0.854577 7.18466 -0.25104] covariance = [[2.84278 0.0401627 -0.716799][0.0401627 0.324525 0.0323219][-0.716799 0.0323219 3.5742]]
weight = 0.0122919 mean = [3.40632 6.08234 6.75826] covariance = [[1.82653 0.159662 -0.216677][0.159662 1.71648 -0.164331][-0.216677 -0.164331 3.37012]]
weight = 0.0254106 mean = [2.48086 1.37077 7.95045] covariance = [[2.43727 0.387317 -0.393884][0.387317 2.48524 0.276504][-0.393884 0.276504 1.73025]]
weight = 0.0132026 mean = [-1.19128 0.13941 -0.987376] covariance = [[2.63047 0.249647 -0.0731232][0.249647 1.01813 0.123357][-0.0731232 0.123357 2.674]]
weight = 0.0132026 mean = [-2.71904 0.0438872 0.77841] covariance = [[2.63047 0.249647 -0.0731232][0.249647 1.01813 0.123357][-0.0731232 0.123357 2.674]]
weight = 0.0253593 mean = [-4.57415 1.83896 -2.25712] covariance = [[1.42096 -0.363749 -0.491454][-0.363749 3.34585 0.0261587][-0.491454 0.0261587 2.72243]]
weight = 0.0175362 mean = [1.45987 3.51364 3.75676] covariance = [[2.74971 -0.230659 0.911157][-0.230659 2.97319 0.305792][0.911157 0.305792 1.65637]]
weight = 0.379016 mean = [-0.367195 3.91559 -1.54447] covariance = [[3.02513 -0.181116 0.0257728][-0.181116 1.05259 0.641499][0.0257728 0.641499 2.33677]]
weight = 0.379016 mean = [2.07965 3.64168 -1.70381] covariance = [[3.02513 -0.181116 0.0257728][-0.181116 1.05259 0.641499][0.0257728 0.641499 2.33677]]
]
2025-04-05 03:13:09 INFO  ren0 [PMMFocalGuidingIntegrator] Octree[
AABB: AABB3[min=[-6.3658, -1.5274, -4.73046], max=[5.27597, 8.04131, 10.0598]]
Nodes count: 313
]
2025-04-05 03:13:09 INFO  ren0 [PMMFocalGuidingIntegrator] Octree[
AABB: AABB3[min=[-6.3658, -1.5274, -4.73046], max=[5.27597, 8.04131, 10.0598]]
Nodes count: 248
]
2025-04-05 03:13:09 INFO  ren0 [PMMFocalGuidingIntegrator] Rendering 2 iteration
2025-04-05 03:13:09 INFO  ren0 [SamplingIntegrator] Starting render job (1280x720, 4 samples, 8 cores, SSE2 enabled) ..
2025-04-05 03:16:42 INFO  ren0 [PMMFocalGuidingIntegrator] iteration render time: 3.5538m
2025-04-05 03:16:43 INFO  ren0 [PMMFocalGuidingIntegrator] Got 884685 non-zero samples and 0 zero samples
2025-04-05 03:16:43 INFO  ren0 [gaussian_mixture_model.h:589] Start processing batch
2025-04-05 03:17:17 INFO  ren0 [gaussian_mixture_model.h:616] Finish E step
2025-04-05 03:18:06 INFO  ren0 [gaussian_mixture_model.h:205] components before the merge: 20
2025-04-05 03:18:06 INFO  ren0 [gaussian_mixture_model.h:224] components after the merge: 13, merged 7 component
2025-04-05 03:18:06 INFO  ren0 [gaussian_mixture_model.h:242] components after the split: 20, split 7 components
2025-04-05 03:18:06 INFO  ren0 [gaussian_mixture_model.h:628] Finish M step
2025-04-05 03:18:06 INFO  ren0 [octree.h:482] root weight: 5.240e+07 (52397708.000000)
2025-04-05 03:18:06 INFO  ren0 [octree.h:483] splitting threshold: 5.240e+04 (52397.710938)
2025-04-05 03:18:06 INFO  ren0 [octree.h:482] root weight: 6.532e+04 (65320.820312)
2025-04-05 03:18:06 INFO  ren0 [octree.h:483] splitting threshold: 6.532e+01 (65.320824)
2025-04-05 03:18:06 INFO  ren0 [octree.h:498] node count: 313 -> 538 -> 393

2025-04-05 03:18:06 INFO  ren0 [octree.h:498] node count: 248 -> 248 -> 244

2025-04-05 03:18:06 INFO  ren0 [PMMFocalGuidingIntegrator] diverge probability: 0.001

2025-04-05 03:18:06 INFO  ren0 [PMMFocalGuidingIntegrator] iteration postprocessing time: 1.3940m
2025-04-05 03:18:06 INFO  ren0 [PMMFocalGuidingIntegrator] GMM[
weight = 0.00170871 mean = [2.03877 1.8922 0.0241425] covariance = [[1.49031 -0.758833 -0.0102804][-0.758833 2.04732 -0.310617][-0.0102804 -0.310617 2.54586]]
weight = 0.0051164 mean = [-1.92267 1.81687 8.64928] covariance = [[1.79707 -0.301451 0.123671][-0.301451 2.54352 0.192404][0.123671 0.192404 0.865509]]
weight = 0.00259584 mean = [-0.869947 7.19639 -0.678683] covariance = [[2.57121 0.0570148 -0.439707][0.0570148 0.282085 0.108751][-0.439707 0.108751 4.38665]]
weight = 0.00522638 mean = [-2.63515 0.156653 0.727504] covariance = [[2.67275 0.238462 0.107447][0.238462 1.11069 0.16833][0.107447 0.16833 2.67613]]
weight = 0.00520056 mean = [-1.19579 5.57209 7.90012] covariance = [[3.35956 0.808772 -0.224028][0.808772 2.11745 0.138304][-0.224028 0.138304 1.4233]]
weight = 0.00925494 mean = [-0.799379 1.63982 5.46404] covariance = [[2.28913 0.731687 0.284825][0.731687 3.26691 0.155017][0.284825 0.155017 1.8359]]
weight = 0.00170871 mean = [3.21993 -0.208756 2.36288] covariance = [[1.49031 -0.758833 -0.0102804][-0.758833 2.04732 -0.310617][-0.0102804 -0.310617 2.54586]]
weight = 0.452676 mean = [0.180562 3.85372 -1.67861] covariance = [[1.32246 -0.0770332 -0.00410512][-0.0770332 0.427792 0.248405][-0.00410512 0.248405 0.909062]]
weight = 0.0051164 mean = [-3.65771 1.26372 8.27688] covariance = [[1.79707 -0.301451 0.123671][-0.301451 2.54352 0.192404][0.123671 0.192404 0.865509]]
weight = 0.00522077 mean = [-4.57219 6.20944 5.98762] covariance = [[1.46841 0.479676 0.0642891][0.479676 1.43678 -0.119248][0.0642891 -0.119248 3.82885]]
weight = 0.0104033 mean = [-3.35966 3.43655 4.23225] covariance = [[3.10939 1.67478 0.33766][1.67478 3.61778 0.12708][0.33766 0.12708 2.52635]]
weight = 0.00259584 mean = [-3.03708 7.11551 -1.1721] covariance = [[2.57121 0.0570148 -0.439707][0.0570148 0.282085 0.108751][-0.439707 0.108751 4.38665]]
weight = 0.00484611 mean = [3.34054 6.03437 6.6247] covariance = [[1.62197 0.0407938 -0.0920458][0.0407938 1.63781 -0.213594][-0.0920458 -0.213594 3.65695]]
weight = 0.0100682 mean = [2.49035 1.36944 7.89492] covariance = [[2.48858 0.329612 -0.345365][0.329612 2.44946 0.22232][-0.345365 0.22232 1.73037]]
weight = 0.00170871 mean = [2.38473 1.27684 0.709143] covariance = [[1.49031 -0.758833 -0.0102804][-0.758833 2.04732 -0.310617][-0.0102804 -0.310617 2.54586]]
weight = 0.00522638 mean = [-1.08185 0.220302 -0.921758] covariance = [[2.67275 0.238462 0.107447][0.238462 1.11069 0.16833][0.107447 0.16833 2.67613]]
weight = 0.00994166 mean = [-4.63589 1.96779 -2.16415] covariance = [[1.31714 -0.481908 -0.394382][-0.481908 3.80077 0.00616415][-0.394382 0.00616415 2.83427]]
weight = 0.00700098 mean = [1.45913 3.38208 3.75322] covariance = [[3.0827 -0.184059 0.984366][-0.184059 3.22741 0.367875][0.984366 0.367875 1.60882]]
weight = 0.00170871 mean = [1.20357 3.3778 -1.6296] covariance = [[1.49031 -0.758833 -0.0102804][-0.758833 2.04732 -0.310617][-0.0102804 -0.310617 2.54586]]
weight = 0.452676 mean = [1.79902 3.6838 -1.79444] covariance = [[1.32246 -0.0770332 -0.00410512][-0.0770332 0.427792 0.248405][-0.00410512 0.248405 0.909062]]
]
2025-04-05 03:18:06 INFO  ren0 [PMMFocalGuidingIntegrator] Octree[
AABB: AABB3[min=[-6.3658, -1.5274, -4.73046], max=[5.27597, 8.04131, 10.0598]]
Nodes count: 393
]
2025-04-05 03:18:06 INFO  ren0 [PMMFocalGuidingIntegrator] Octree[
AABB: AABB3[min=[-6.3658, -1.5274, -4.73046], max=[5.27597, 8.04131, 10.0598]]
Nodes count: 244
]
2025-04-05 03:18:06 INFO  ren0 [PMMFocalGuidingIntegrator] Rendering 3 iteration
2025-04-05 03:18:06 INFO  ren0 [SamplingIntegrator] Starting render job (1280x720, 4 samples, 8 cores, SSE2 enabled) ..
2025-04-05 03:21:32 INFO  ren0 [PMMFocalGuidingIntegrator] iteration render time: 3.4295m
2025-04-05 03:21:32 INFO  ren0 [PMMFocalGuidingIntegrator] Got 1126888 non-zero samples and 0 zero samples
2025-04-05 03:21:32 INFO  ren0 [gaussian_mixture_model.h:589] Start processing batch
2025-04-05 03:22:16 INFO  ren0 [gaussian_mixture_model.h:616] Finish E step
2025-04-05 03:23:17 INFO  ren0 [gaussian_mixture_model.h:205] components before the merge: 20
2025-04-05 03:23:17 INFO  ren0 [gaussian_mixture_model.h:224] components after the merge: 13, merged 7 component
2025-04-05 03:23:17 INFO  ren0 [gaussian_mixture_model.h:242] components after the split: 20, split 7 components
2025-04-05 03:23:17 INFO  ren0 [gaussian_mixture_model.h:628] Finish M step
2025-04-05 03:23:17 INFO  ren0 [octree.h:482] root weight: 1.283e+08 (128317240.000000)
2025-04-05 03:23:17 INFO  ren0 [octree.h:483] splitting threshold: 1.283e+05 (128317.250000)
2025-04-05 03:23:17 INFO  ren0 [octree.h:482] root weight: 4.958e+04 (49575.921875)
2025-04-05 03:23:17 INFO  ren0 [octree.h:483] splitting threshold: 4.958e+01 (49.575924)
2025-04-05 03:23:17 INFO  ren0 [octree.h:498] node count: 393 -> 771 -> 573

2025-04-05 03:23:17 INFO  ren0 [octree.h:498] node count: 244 -> 244 -> 244

