2025-05-19 10:13:01 INFO  main [mitsuba.cpp:274] Mitsuba version 0.6.0 (Linux, 64 bit), Copyright (c) 2017 Wenzel Jakob
2025-05-19 10:13:01 INFO  main [mitsuba.cpp:377] Parsing scene description from "scene/dining-room/dining-room.xml" ..
2025-05-19 10:13:01 INFO  main [scenehandler.cpp:675] In file "/mitsuba/scene/dining-room/dining-room.xml" (near line 18): Parsing included file "pmm_focal_recursive.xml" ..
2025-05-19 10:13:01 INFO  main [PluginManager] Loading plugin "plugins/pmm_focal_recursive.so" ..
2025-05-19 10:13:01 INFO  main [octree.h:535] root weight: 8.000e-20 (0.000000)
2025-05-19 10:13:01 INFO  main [octree.h:536] splitting threshold: 8.000e-23 (0.000000)
2025-05-19 10:13:01 INFO  main [octree.h:551] node count: 1 -> 585 -> 585

2025-05-19 10:13:01 INFO  main [octree.h:535] root weight: 8.000e-20 (0.000000)
2025-05-19 10:13:01 INFO  main [octree.h:536] splitting threshold: 8.000e-23 (0.000000)
2025-05-19 10:13:01 INFO  main [octree.h:551] node count: 1 -> 585 -> 585

2025-05-19 10:13:01 INFO  main [MIFocalGuidingPathTracer] Final render will have 32 spp, m_budget will not be taken into account.
2025-05-19 10:13:01 INFO  main [MIFocalGuidingPathTracer] budget: 6000
2025-05-19 10:13:01 INFO  main [MIFocalGuidingPathTracer] dumpPrimaryRays: false
2025-05-19 10:13:01 INFO  main [MIFocalGuidingPathTracer] dumpScene: false
2025-05-19 10:13:01 INFO  main [MIFocalGuidingPathTracer] finalSpp: 32
2025-05-19 10:13:01 INFO  main [MIFocalGuidingPathTracer] gmm.alpha: 0.4
2025-05-19 10:13:01 INFO  main [MIFocalGuidingPathTracer] gmm.initMethod: KMeans
2025-05-19 10:13:01 INFO  main [MIFocalGuidingPathTracer] gmm.maxNumComp: 10
2025-05-19 10:13:01 INFO  main [MIFocalGuidingPathTracer] gmm.mergingThreshold: 0.65
2025-05-19 10:13:01 INFO  main [MIFocalGuidingPathTracer] gmm.minNumComp: 3
2025-05-19 10:13:01 INFO  main [MIFocalGuidingPathTracer] gmm.splittingThreshold: 100
2025-05-19 10:13:01 INFO  main [MIFocalGuidingPathTracer] iterationBudget: 10
2025-05-19 10:13:01 INFO  main [MIFocalGuidingPathTracer] iterationCount: 15
2025-05-19 10:13:01 INFO  main [MIFocalGuidingPathTracer] maxDepth: 40
2025-05-19 10:13:01 INFO  main [MIFocalGuidingPathTracer] minSamplesToStartFitting: 10
2025-05-19 10:13:01 INFO  main [MIFocalGuidingPathTracer] normalBinning: disabled
2025-05-19 10:13:01 INFO  main [MIFocalGuidingPathTracer] renderMaxSeconds: 36000
2025-05-19 10:13:01 INFO  main [MIFocalGuidingPathTracer] rrDepth: 14
2025-05-19 10:13:01 INFO  main [MIFocalGuidingPathTracer] samplingMode: 2
2025-05-19 10:13:01 INFO  main [MIFocalGuidingPathTracer] strictNormals: true
2025-05-19 10:13:01 INFO  main [MIFocalGuidingPathTracer] trainingSamples: 4
2025-05-19 10:13:01 INFO  main [MIFocalGuidingPathTracer] tree.threshold: 0.001
2025-05-19 10:13:01 INFO  main [MIFocalGuidingPathTracer] unboundedSplatting: true
2025-05-19 10:13:01 INFO  main [PluginManager] Loading plugin "plugins/independent.so" ..
2025-05-19 10:13:01 INFO  main [PluginManager] Loading plugin "plugins/box.so" ..
2025-05-19 10:13:01 INFO  main [PluginManager] Loading plugin "plugins/hdrfilm.so" ..
2025-05-19 10:13:01 INFO  main [PluginManager] Loading plugin "plugins/perspective.so" ..
2025-05-19 10:13:01 INFO  main [PluginManager] Loading plugin "plugins/roughplastic.so" ..
2025-05-19 10:13:01 INFO  main [PluginManager] Loading plugin "plugins/twosided.so" ..
2025-05-19 10:13:01 INFO  main [PluginManager] Loading plugin "plugins/roughconductor.so" ..
2025-05-19 10:13:01 INFO  main [spectrum.cpp:599] "Cu.eta.spd": loaded a spectral power distribution with 55 entries (between 302.400421 and 885.601257 nm)
2025-05-19 10:13:01 INFO  main [spectrum.cpp:599] "Cu.k.spd": loaded a spectral power distribution with 55 entries (between 302.400421 and 885.601257 nm)
2025-05-19 10:13:01 INFO  main [PluginManager] Loading plugin "plugins/diffuse.so" ..
2025-05-19 10:13:01 INFO  main [PluginManager] Loading plugin "plugins/bitmap.so" ..
2025-05-19 10:13:01 INFO  main [BitmapTexture] Loading texture "picture3.jpg"
2025-05-19 10:13:01 INFO  main [PluginManager] Loading plugin "plugins/lanczos.so" ..
2025-05-19 10:13:01 INFO  main [MIPMap] Generating MIP map cache file "/mitsuba/scene/dining-room/textures/picture3.mip" ..
2025-05-19 10:13:01 INFO  main [BitmapTexture] Loading texture "Tiles.jpg"
2025-05-19 10:13:01 INFO  main [spectrum.cpp:599] "Cu.eta.spd": loaded a spectral power distribution with 55 entries (between 302.400421 and 885.601257 nm)
2025-05-19 10:13:01 INFO  main [spectrum.cpp:599] "Cu.k.spd": loaded a spectral power distribution with 55 entries (between 302.400421 and 885.601257 nm)
2025-05-19 10:13:01 INFO  main [PluginManager] Loading plugin "plugins/conductor.so" ..
2025-05-19 10:13:01 INFO  main [spectrum.cpp:599] "Ir.eta.spd": loaded a spectral power distribution with 28 entries (between 302.389984 and 885.570984 nm)
2025-05-19 10:13:01 INFO  main [spectrum.cpp:599] "Ir.k.spd": loaded a spectral power distribution with 28 entries (between 302.389984 and 885.570984 nm)
2025-05-19 10:13:01 INFO  main [spectrum.cpp:599] "Cu.eta.spd": loaded a spectral power distribution with 55 entries (between 302.400421 and 885.601257 nm)
2025-05-19 10:13:01 INFO  main [spectrum.cpp:599] "Cu.k.spd": loaded a spectral power distribution with 55 entries (between 302.400421 and 885.601257 nm)
2025-05-19 10:13:01 INFO  main [BitmapTexture] Loading texture "Teacup.png"
2025-05-19 10:13:01 INFO  main [spectrum.cpp:599] "Cu.eta.spd": loaded a spectral power distribution with 55 entries (between 302.400421 and 885.601257 nm)
2025-05-19 10:13:01 INFO  main [spectrum.cpp:599] "Cu.k.spd": loaded a spectral power distribution with 55 entries (between 302.400421 and 885.601257 nm)
2025-05-19 10:13:01 INFO  main [PluginManager] Loading plugin "plugins/area.so" ..
2025-05-19 10:13:01 INFO  main [PluginManager] Loading plugin "plugins/disk.so" ..
2025-05-19 10:13:01 INFO  main [PluginManager] Loading plugin "plugins/ply.so" ..
2025-05-19 10:13:01 INFO  main [PLYLoader] Loading geometry from "parabol1.ply" ..
2025-05-19 10:13:01 INFO  main [PLYLoader] "parabol1": Loaded 25856 triangles, 13057 vertices (456.0 KiB in 3 ms).
2025-05-19 10:13:01 INFO  main [PLYLoader] Loading geometry from "parabol2.ply" ..
2025-05-19 10:13:01 INFO  main [PLYLoader] "parabol2": Loaded 25856 triangles, 13057 vertices (456.0 KiB in 2 ms).
2025-05-19 10:13:01 INFO  main [PluginManager] Loading plugin "plugins/obj.so" ..
2025-05-19 10:13:01 INFO  main [WavefrontOBJ] Loading geometry from "Mesh013.obj" ..
2025-05-19 10:13:01 INFO  main [WavefrontOBJ] Mesh013: 1056 triangles, 577 vertices (merged 2591 vertices).
2025-05-19 10:13:01 INFO  main [WavefrontOBJ] Done with "Mesh013.obj" (took 2 ms)
2025-05-19 10:13:01 INFO  main [WavefrontOBJ] Loading geometry from "Mesh016.obj" ..
2025-05-19 10:13:01 INFO  main [WavefrontOBJ] Mesh016: 384 triangles, 768 vertices (merged 384 vertices).
2025-05-19 10:13:01 INFO  main [WavefrontOBJ] Done with "Mesh016.obj" (took 1 ms)
2025-05-19 10:13:01 INFO  main [WavefrontOBJ] Loading geometry from "Mesh015.obj" ..
2025-05-19 10:13:01 INFO  main [WavefrontOBJ] Mesh015: 3136 triangles, 1680 vertices (merged 7728 vertices).
2025-05-19 10:13:01 INFO  main [WavefrontOBJ] Done with "Mesh015.obj" (took 7 ms)
2025-05-19 10:13:01 INFO  main [WavefrontOBJ] Loading geometry from "Mesh023.obj" ..
2025-05-19 10:13:01 INFO  main [WavefrontOBJ] Mesh023: 1056 triangles, 577 vertices (merged 2591 vertices).
2025-05-19 10:13:01 INFO  main [WavefrontOBJ] Done with "Mesh023.obj" (took 2 ms)
2025-05-19 10:13:01 INFO  main [WavefrontOBJ] Loading geometry from "Mesh020.obj" ..
2025-05-19 10:13:01 INFO  main [WavefrontOBJ] Mesh020: 384 triangles, 768 vertices (merged 384 vertices).
2025-05-19 10:13:01 INFO  main [WavefrontOBJ] Done with "Mesh020.obj" (took 2 ms)
2025-05-19 10:13:01 INFO  main [WavefrontOBJ] Loading geometry from "Mesh017.obj" ..
2025-05-19 10:13:01 INFO  main [WavefrontOBJ] Mesh017: 3136 triangles, 1680 vertices (merged 7728 vertices).
2025-05-19 10:13:01 INFO  main [WavefrontOBJ] Done with "Mesh017.obj" (took 7 ms)
2025-05-19 10:13:01 INFO  main [WavefrontOBJ] Loading geometry from "Mesh024.obj" ..
2025-05-19 10:13:01 INFO  main [WavefrontOBJ] Mesh024: 34 triangles, 68 vertices (merged 34 vertices).
2025-05-19 10:13:01 INFO  main [WavefrontOBJ] Done with "Mesh024.obj" (took 0 ms)
2025-05-19 10:13:01 INFO  main [WavefrontOBJ] Loading geometry from "Mesh041.obj" ..
2025-05-19 10:13:01 INFO  main [WavefrontOBJ] Mesh041: 8 triangles, 16 vertices (merged 8 vertices).
2025-05-19 10:13:01 INFO  main [WavefrontOBJ] Done with "Mesh041.obj" (took 0 ms)
2025-05-19 10:13:01 INFO  main [WavefrontOBJ] Loading geometry from "Mesh011.obj" ..
2025-05-19 10:13:01 INFO  main [WavefrontOBJ] Mesh011: 8992 triangles, 4544 vertices (merged 22432 vertices).
2025-05-19 10:13:01 INFO  main [WavefrontOBJ] Done with "Mesh011.obj" (took 20 ms)
2025-05-19 10:13:01 INFO  main [WavefrontOBJ] Loading geometry from "Mesh026.obj" ..
2025-05-19 10:13:01 INFO  main [WavefrontOBJ] Mesh026: 7624 triangles, 4070 vertices (merged 18802 vertices).
2025-05-19 10:13:01 INFO  main [WavefrontOBJ] Done with "Mesh026.obj" (took 18 ms)
2025-05-19 10:13:01 INFO  main [WavefrontOBJ] Loading geometry from "Mesh018.obj" ..
2025-05-19 10:13:01 INFO  main [WavefrontOBJ] Mesh018: 2016 triangles, 1260 vertices (merged 4788 vertices).
2025-05-19 10:13:01 INFO  main [WavefrontOBJ] Done with "Mesh018.obj" (took 4 ms)
2025-05-19 10:13:01 INFO  main [WavefrontOBJ] Loading geometry from "Mesh007.obj" ..
2025-05-19 10:13:01 INFO  main [WavefrontOBJ] Mesh007: 4352 triangles, 2178 vertices (merged 10878 vertices).
2025-05-19 10:13:01 INFO  main [WavefrontOBJ] Done with "Mesh007.obj" (took 10 ms)
2025-05-19 10:13:01 INFO  main [WavefrontOBJ] Loading geometry from "Mesh005.obj" ..
2025-05-19 10:13:01 INFO  main [WavefrontOBJ] Mesh005: 160 triangles, 144 vertices (merged 336 vertices).
2025-05-19 10:13:01 INFO  main [WavefrontOBJ] Done with "Mesh005.obj" (took 0 ms)
2025-05-19 10:13:01 INFO  main [WavefrontOBJ] Loading geometry from "Mesh019.obj" ..
2025-05-19 10:13:01 INFO  main [WavefrontOBJ] Mesh019: 560 triangles, 400 vertices (merged 1280 vertices).
2025-05-19 10:13:01 INFO  main [WavefrontOBJ] Done with "Mesh019.obj" (took 1 ms)
2025-05-19 10:13:01 INFO  main [WavefrontOBJ] Loading geometry from "Mesh021.obj" ..
2025-05-19 10:13:01 INFO  main [WavefrontOBJ] Mesh021: 720 triangles, 482 vertices (merged 1678 vertices).
2025-05-19 10:13:01 INFO  main [WavefrontOBJ] Done with "Mesh021.obj" (took 1 ms)
2025-05-19 10:13:01 INFO  main [WavefrontOBJ] Loading geometry from "Mesh037.obj" ..
2025-05-19 10:13:01 INFO  main [WavefrontOBJ] Mesh037: 7624 triangles, 4070 vertices (merged 18802 vertices).
2025-05-19 10:13:01 INFO  main [WavefrontOBJ] Done with "Mesh037.obj" (took 18 ms)
2025-05-19 10:13:01 INFO  main [WavefrontOBJ] Loading geometry from "Mesh004.obj" ..
2025-05-19 10:13:01 INFO  main [WavefrontOBJ] Mesh004: 2016 triangles, 1260 vertices (merged 4788 vertices).
2025-05-19 10:13:01 INFO  main [WavefrontOBJ] Done with "Mesh004.obj" (took 5 ms)
2025-05-19 10:13:01 INFO  main [WavefrontOBJ] Loading geometry from "Mesh014.obj" ..
2025-05-19 10:13:01 INFO  main [WavefrontOBJ] Mesh014: 160 triangles, 144 vertices (merged 336 vertices).
2025-05-19 10:13:01 INFO  main [WavefrontOBJ] Done with "Mesh014.obj" (took 0 ms)
2025-05-19 10:13:01 INFO  main [WavefrontOBJ] Loading geometry from "Mesh012.obj" ..
2025-05-19 10:13:01 INFO  main [WavefrontOBJ] Mesh012: 560 triangles, 400 vertices (merged 1280 vertices).
2025-05-19 10:13:01 INFO  main [WavefrontOBJ] Done with "Mesh012.obj" (took 1 ms)
2025-05-19 10:13:01 INFO  main [WavefrontOBJ] Loading geometry from "Mesh028.obj" ..
2025-05-19 10:13:01 INFO  main [WavefrontOBJ] Mesh028: 720 triangles, 482 vertices (merged 1678 vertices).
2025-05-19 10:13:01 INFO  main [WavefrontOBJ] Done with "Mesh028.obj" (took 2 ms)
2025-05-19 10:13:01 INFO  main [WavefrontOBJ] Loading geometry from "Mesh025.obj" ..
2025-05-19 10:13:01 INFO  main [WavefrontOBJ] Mesh025: 4352 triangles, 2178 vertices (merged 10878 vertices).
2025-05-19 10:13:01 INFO  main [WavefrontOBJ] Done with "Mesh025.obj" (took 10 ms)
2025-05-19 10:13:01 INFO  main [WavefrontOBJ] Loading geometry from "Mesh008.obj" ..
2025-05-19 10:13:01 INFO  main [WavefrontOBJ] Mesh008: 6320 triangles, 3270 vertices (merged 15690 vertices).
2025-05-19 10:13:01 INFO  main [WavefrontOBJ] Done with "Mesh008.obj" (took 15 ms)
2025-05-19 10:13:01 INFO  main [WavefrontOBJ] Loading geometry from "Mesh032.obj" ..
2025-05-19 10:13:01 INFO  main [WavefrontOBJ] Mesh032: 13248 triangles, 6686 vertices (merged 33058 vertices).
2025-05-19 10:13:01 INFO  main [WavefrontOBJ] Done with "Mesh032.obj" (took 30 ms)
2025-05-19 10:13:01 INFO  main [WavefrontOBJ] Loading geometry from "Mesh035.obj" ..
2025-05-19 10:13:01 INFO  main [WavefrontOBJ] Mesh035: 14480 triangles, 7404 vertices (merged 36036 vertices).
2025-05-19 10:13:01 INFO  main [WavefrontOBJ] Done with "Mesh035.obj" (took 32 ms)
2025-05-19 10:13:01 INFO  main [WavefrontOBJ] Loading geometry from "Mesh042.obj" ..
2025-05-19 10:13:01 INFO  main [WavefrontOBJ] Mesh042: 2320 triangles, 1492 vertices (merged 5468 vertices).
2025-05-19 10:13:01 INFO  main [WavefrontOBJ] Done with "Mesh042.obj" (took 5 ms)
2025-05-19 10:13:01 INFO  main [WavefrontOBJ] Loading geometry from "Mesh010.obj" ..
2025-05-19 10:13:01 INFO  main [WavefrontOBJ] Mesh010: 13248 triangles, 6686 vertices (merged 33058 vertices).
2025-05-19 10:13:01 INFO  main [WavefrontOBJ] Done with "Mesh010.obj" (took 28 ms)
2025-05-19 10:13:01 INFO  main [WavefrontOBJ] Loading geometry from "Mesh036.obj" ..
2025-05-19 10:13:01 INFO  main [WavefrontOBJ] Mesh036: 14480 triangles, 7404 vertices (merged 36036 vertices).
2025-05-19 10:13:01 INFO  main [WavefrontOBJ] Done with "Mesh036.obj" (took 31 ms)
2025-05-19 10:13:01 INFO  main [WavefrontOBJ] Loading geometry from "Mesh027.obj" ..
2025-05-19 10:13:01 INFO  main [WavefrontOBJ] Mesh027: 2320 triangles, 1492 vertices (merged 5468 vertices).
2025-05-19 10:13:01 INFO  main [WavefrontOBJ] Done with "Mesh027.obj" (took 7 ms)
2025-05-19 10:13:01 INFO  main [WavefrontOBJ] Loading geometry from "Mesh043.obj" ..
2025-05-19 10:13:01 INFO  main [WavefrontOBJ] Mesh043: 13248 triangles, 6686 vertices (merged 33058 vertices).
2025-05-19 10:13:01 INFO  main [WavefrontOBJ] Done with "Mesh043.obj" (took 28 ms)
2025-05-19 10:13:01 INFO  main [WavefrontOBJ] Loading geometry from "Mesh044.obj" ..
2025-05-19 10:13:01 INFO  main [WavefrontOBJ] Mesh044: 14480 triangles, 7404 vertices (merged 36036 vertices).
2025-05-19 10:13:01 INFO  main [WavefrontOBJ] Done with "Mesh044.obj" (took 33 ms)
2025-05-19 10:13:01 INFO  main [WavefrontOBJ] Loading geometry from "Mesh031.obj" ..
2025-05-19 10:13:01 INFO  main [WavefrontOBJ] Mesh031: 2320 triangles, 1492 vertices (merged 5468 vertices).
2025-05-19 10:13:01 INFO  main [WavefrontOBJ] Done with "Mesh031.obj" (took 5 ms)
2025-05-19 10:13:01 INFO  main [WavefrontOBJ] Loading geometry from "Mesh022.obj" ..
2025-05-19 10:13:01 INFO  main [WavefrontOBJ] Mesh022: 13248 triangles, 6686 vertices (merged 33058 vertices).
2025-05-19 10:13:01 INFO  main [WavefrontOBJ] Done with "Mesh022.obj" (took 37 ms)
2025-05-19 10:13:01 INFO  main [WavefrontOBJ] Loading geometry from "Mesh038.obj" ..
2025-05-19 10:13:01 INFO  main [WavefrontOBJ] Mesh038: 14480 triangles, 7404 vertices (merged 36036 vertices).
2025-05-19 10:13:01 INFO  main [WavefrontOBJ] Done with "Mesh038.obj" (took 43 ms)
2025-05-19 10:13:01 INFO  main [WavefrontOBJ] Loading geometry from "Mesh030.obj" ..
2025-05-19 10:13:01 INFO  main [WavefrontOBJ] Mesh030: 2320 triangles, 1492 vertices (merged 5468 vertices).
2025-05-19 10:13:01 INFO  main [WavefrontOBJ] Done with "Mesh030.obj" (took 5 ms)
2025-05-19 10:13:01 INFO  main [WavefrontOBJ] Loading geometry from "Mesh046.obj" ..
2025-05-19 10:13:02 INFO  main [WavefrontOBJ] Mesh046: 13248 triangles, 6686 vertices (merged 33058 vertices).
2025-05-19 10:13:02 INFO  main [WavefrontOBJ] Done with "Mesh046.obj" (took 29 ms)
2025-05-19 10:13:02 INFO  main [WavefrontOBJ] Loading geometry from "Mesh047.obj" ..
2025-05-19 10:13:02 INFO  main [WavefrontOBJ] Mesh047: 14480 triangles, 7404 vertices (merged 36036 vertices).
2025-05-19 10:13:02 INFO  main [WavefrontOBJ] Done with "Mesh047.obj" (took 31 ms)
2025-05-19 10:13:02 INFO  main [WavefrontOBJ] Loading geometry from "Mesh034.obj" ..
2025-05-19 10:13:02 INFO  main [WavefrontOBJ] Mesh034: 2320 triangles, 1492 vertices (merged 5468 vertices).
2025-05-19 10:13:02 INFO  main [WavefrontOBJ] Done with "Mesh034.obj" (took 5 ms)
2025-05-19 10:13:02 INFO  main [WavefrontOBJ] Loading geometry from "Mesh033.obj" ..
2025-05-19 10:13:02 INFO  main [WavefrontOBJ] Mesh033: 44 triangles, 96 vertices (merged 36 vertices).
2025-05-19 10:13:02 INFO  main [WavefrontOBJ] Done with "Mesh033.obj" (took 0 ms)
2025-05-19 10:13:02 INFO  main [WavefrontOBJ] Loading geometry from "Mesh006.obj" ..
2025-05-19 10:13:02 INFO  main [WavefrontOBJ] Mesh006: 4 triangles, 6 vertices (merged 6 vertices).
2025-05-19 10:13:02 INFO  main [WavefrontOBJ] Done with "Mesh006.obj" (took 0 ms)
2025-05-19 10:13:02 INFO  main [WavefrontOBJ] Loading geometry from "Mesh048.obj" ..
2025-05-19 10:13:02 INFO  main [WavefrontOBJ] Mesh048: 30 triangles, 38 vertices (merged 52 vertices).
2025-05-19 10:13:02 INFO  main [WavefrontOBJ] Done with "Mesh048.obj" (took 0 ms)
2025-05-19 10:13:02 INFO  main [WavefrontOBJ] Loading geometry from "Mesh049.obj" ..
2025-05-19 10:13:02 INFO  main [WavefrontOBJ] Mesh049: 13248 triangles, 6686 vertices (merged 33058 vertices).
2025-05-19 10:13:02 INFO  main [WavefrontOBJ] Done with "Mesh049.obj" (took 28 ms)
2025-05-19 10:13:02 INFO  main [WavefrontOBJ] Loading geometry from "Mesh051.obj" ..
2025-05-19 10:13:02 INFO  main [WavefrontOBJ] Mesh051: 14480 triangles, 7404 vertices (merged 36036 vertices).
2025-05-19 10:13:02 INFO  main [WavefrontOBJ] Done with "Mesh051.obj" (took 32 ms)
2025-05-19 10:13:02 INFO  main [WavefrontOBJ] Loading geometry from "Mesh040.obj" ..
2025-05-19 10:13:02 INFO  main [WavefrontOBJ] Mesh040: 2320 triangles, 1492 vertices (merged 5468 vertices).
2025-05-19 10:13:02 INFO  main [WavefrontOBJ] Done with "Mesh040.obj" (took 6 ms)
2025-05-19 10:13:02 INFO  main [WavefrontOBJ] Loading geometry from "Mesh003.obj" ..
2025-05-19 10:13:02 INFO  main [WavefrontOBJ] Mesh003: 18176 triangles, 9150 vertices (merged 45378 vertices).
2025-05-19 10:13:02 INFO  main [WavefrontOBJ] Done with "Mesh003.obj" (took 41 ms)
2025-05-19 10:13:02 INFO  main [WavefrontOBJ] Loading geometry from "Mesh002.obj" ..
2025-05-19 10:13:02 INFO  main [WavefrontOBJ] Mesh002: 7624 triangles, 4070 vertices (merged 18802 vertices).
2025-05-19 10:13:02 INFO  main [WavefrontOBJ] Done with "Mesh002.obj" (took 17 ms)
2025-05-19 10:13:02 INFO  main [WavefrontOBJ] Loading geometry from "Mesh009.obj" ..
2025-05-19 10:13:02 INFO  main [WavefrontOBJ] Mesh009: 2016 triangles, 1260 vertices (merged 4788 vertices).
2025-05-19 10:13:02 INFO  main [WavefrontOBJ] Done with "Mesh009.obj" (took 4 ms)
2025-05-19 10:13:02 INFO  main [WavefrontOBJ] Loading geometry from "Mesh045.obj" ..
2025-05-19 10:13:02 INFO  main [WavefrontOBJ] Mesh045: 4352 triangles, 2178 vertices (merged 10878 vertices).
2025-05-19 10:13:02 INFO  main [WavefrontOBJ] Done with "Mesh045.obj" (took 10 ms)
2025-05-19 10:13:02 INFO  main [WavefrontOBJ] Loading geometry from "Mesh029.obj" ..
2025-05-19 10:13:02 INFO  main [WavefrontOBJ] Mesh029: 160 triangles, 144 vertices (merged 336 vertices).
2025-05-19 10:13:02 INFO  main [WavefrontOBJ] Done with "Mesh029.obj" (took 0 ms)
2025-05-19 10:13:02 INFO  main [WavefrontOBJ] Loading geometry from "Mesh039.obj" ..
2025-05-19 10:13:02 INFO  main [WavefrontOBJ] Mesh039: 560 triangles, 400 vertices (merged 1280 vertices).
2025-05-19 10:13:02 INFO  main [WavefrontOBJ] Done with "Mesh039.obj" (took 1 ms)
2025-05-19 10:13:02 INFO  main [WavefrontOBJ] Loading geometry from "Mesh050.obj" ..
2025-05-19 10:13:02 INFO  main [WavefrontOBJ] Mesh050: 720 triangles, 482 vertices (merged 1678 vertices).
2025-05-19 10:13:02 INFO  main [WavefrontOBJ] Done with "Mesh050.obj" (took 1 ms)
2025-05-19 10:13:02 INFO  main [WavefrontOBJ] Loading geometry from "Mesh001.obj" ..
2025-05-19 10:13:02 INFO  main [WavefrontOBJ] Mesh001: 170 triangles, 340 vertices (merged 170 vertices).
2025-05-19 10:13:02 INFO  main [WavefrontOBJ] Done with "Mesh001.obj" (took 1 ms)
2025-05-19 10:13:02 INFO  main [WavefrontOBJ] Loading geometry from "Mesh000.obj" ..
2025-05-19 10:13:02 INFO  main [WavefrontOBJ] Mesh000: 22 triangles, 44 vertices (merged 22 vertices).
2025-05-19 10:13:02 INFO  main [WavefrontOBJ] Done with "Mesh000.obj" (took 0 ms)
2025-05-19 10:13:02 INFO  main [PluginManager] Loading plugin "plugins/rectangle.so" ..
2025-05-19 10:13:02 INFO  ren0 [KDTreeBase] Constructing a SAH kd-tree (321251 primitives) ..
2025-05-19 10:13:02 INFO  ren0 [KDTreeBase] Finished -- took 574 ms.
2025-05-19 10:13:02 INFO  ren0 [octree.h:535] root weight: 8.000e-20 (0.000000)
2025-05-19 10:13:02 INFO  ren0 [octree.h:536] splitting threshold: 8.000e-23 (0.000000)
2025-05-19 10:13:02 INFO  ren0 [octree.h:551] node count: 1 -> 585 -> 585

2025-05-19 10:13:02 INFO  ren0 [octree.h:535] root weight: 4.096e-17 (0.000000)
2025-05-19 10:13:02 INFO  ren0 [octree.h:536] splitting threshold: 4.096e-20 (0.000000)
2025-05-19 10:13:02 INFO  ren0 [octree.h:551] node count: 585 -> 585 -> 585

2025-05-19 10:13:02 INFO  ren0 [octree.h:535] root weight: 8.000e-20 (0.000000)
2025-05-19 10:13:02 INFO  ren0 [octree.h:536] splitting threshold: 8.000e-23 (0.000000)
2025-05-19 10:13:02 INFO  ren0 [octree.h:551] node count: 1 -> 585 -> 585

2025-05-19 10:13:02 INFO  ren0 [octree.h:535] root weight: 8.000e-20 (0.000000)
2025-05-19 10:13:02 INFO  ren0 [octree.h:536] splitting threshold: 8.000e-23 (0.000000)
2025-05-19 10:13:02 INFO  ren0 [octree.h:551] node count: 1 -> 585 -> 585

2025-05-19 10:13:02 INFO  ren0 [octree.h:535] root weight: 4.096e-17 (0.000000)
2025-05-19 10:13:02 INFO  ren0 [octree.h:536] splitting threshold: 4.096e-20 (0.000000)
2025-05-19 10:13:02 INFO  ren0 [octree.h:551] node count: 585 -> 585 -> 585

2025-05-19 10:13:02 INFO  ren0 [octree.h:535] root weight: 8.000e-20 (0.000000)
2025-05-19 10:13:02 INFO  ren0 [octree.h:536] splitting threshold: 8.000e-23 (0.000000)
2025-05-19 10:13:02 INFO  ren0 [octree.h:551] node count: 1 -> 585 -> 585

2025-05-19 10:13:02 INFO  ren0 [MIFocalGuidingPathTracer] AABB3[min=[-6.3658, -1.5274, -4.73046], max=[5.27597, 8.04131, 10.0598]]
2025-05-19 10:13:02 INFO  ren0 [MIFocalGuidingPathTracer] Starting render job (1280x720, 12 cores, SSE2 enabled) ..
2025-05-19 10:13:02 INFO  ren0 [MIFocalGuidingPathTracer] ITERATION 0, until 10.0 seconds
2025-05-19 10:13:12 INFO  ren0 [MIFocalGuidingPathTracer]   10.16 seconds elapsed, passes this iteration: 4, total passes: 4
2025-05-19 10:13:12 INFO  ren0 [MIFocalGuidingPathTracer] Got 1336371 non-zero samples
2025-05-19 10:13:13 INFO  ren0 [gaussian_mixture_model.h:808] Processing mega batch of size 1336371
2025-05-19 10:13:13 INFO  ren0 [gaussian_mixture_model.h:547] KMeans
2025-05-19 10:13:13 INFO  ren0 [MIFocalGuidingPathTracer] GMM[
weight = 0.00412524 mean = [1.90344 3.74351 -2.158] covariance = [[0.211044 -0.129436 0.154199][-0.129436 0.0794411 -0.0945896][0.154199 -0.0945896 0.112731]]
weight = 0.480311 mean = [-4.19117 5.47229 -2.60363] covariance = [[3.46818 -0.215003 0.735671][-0.215003 3.85081 0.0917097][0.735671 0.0917097 3.09031]]
weight = 0.0177986 mean = [-0.499701 5.21765 -3.91432] covariance = [[0.300672 -0.184417 0.219732][-0.184417 0.113153 -0.134785][0.219732 -0.134785 0.160627]]
weight = 0.0172103 mean = [-1.50613 0.118226 6.51049] covariance = [[0.00107042 0.000421601 0.000681927][0.000421601 0.000179223 0.000272697][0.000681927 0.000272697 0.000448213]]
weight = 0.000243861 mean = [0.71801 4.47069 -3.02431] covariance = [[0.147825 -0.0906632 0.108008][-0.0906632 0.0556444 -0.0662544][0.108008 -0.0662544 0.0789629]]
weight = 0.480311 mean = [-2.0807 4.16151 -1.18141] covariance = [[3.46818 -0.215003 0.735671][-0.215003 3.85081 0.0917097][0.735671 0.0917097 3.09031]]
]
2025-05-19 10:13:14 INFO  ren0 [octree.h:535] root weight: 9.784e+05 (978448.250000)
2025-05-19 10:13:14 INFO  ren0 [octree.h:536] splitting threshold: 9.784e+02 (978.448303)
2025-05-19 10:13:14 INFO  ren0 [octree.h:535] root weight: 2.236e+05 (223645.640625)
2025-05-19 10:13:14 INFO  ren0 [octree.h:536] splitting threshold: 2.236e+02 (223.645645)
2025-05-19 10:13:14 INFO  ren0 [octree.h:551] node count: 585 -> 983 -> 799

2025-05-19 10:13:14 INFO  ren0 [octree.h:551] node count: 585 -> 652 -> 592

2025-05-19 10:13:14 INFO  ren0 [MIFocalGuidingPathTracer] ITERATION 1, until 20.0 seconds
2025-05-19 10:13:34 INFO  ren0 [MIFocalGuidingPathTracer]   31.69 seconds elapsed, passes this iteration: 1, total passes: 5
2025-05-19 10:13:34 INFO  ren0 [MIFocalGuidingPathTracer] Got 254846 non-zero samples
2025-05-19 10:13:34 INFO  ren0 [gaussian_mixture_model.h:808] Processing mega batch of size 254846
2025-05-19 10:13:34 INFO  ren0 [MIFocalGuidingPathTracer] GMM[
weight = 0.00309155 mean = [-0.96922 5.50566 -4.25748] covariance = [[0.213955 -0.131231 0.15636][-0.131231 0.0805187 -0.0959136][0.15636 -0.0959136 0.1143]]
weight = 0.0279907 mean = [-5.89072 2.27066 -3.19244] covariance = [[3.27451 0.722709 -0.409439][0.722709 2.16927 0.743461][-0.409439 0.743461 3.31192]]
weight = 0.0132524 mean = [-1.53408 0.107089 6.49251] covariance = [[0.00028744 0.000101556 0.000165348][0.000101556 7.16622e-05 6.68037e-05][0.000165348 6.68037e-05 0.000135883]]
weight = 0.00309155 mean = [-0.315094 5.10441 -3.7794] covariance = [[0.213955 -0.131231 0.15636][-0.131231 0.0805187 -0.0959136][0.15636 -0.0959136 0.1143]]
weight = 0.219151 mean = [-3.79409 5.01262 -2.3791] covariance = [[5.0621 -0.435591 0.0374296][-0.435591 4.38606 0.164567][0.0374296 0.164567 5.30827]]
weight = 0.0279907 mean = [-3.89235 3.77568 -2.20528] covariance = [[3.27451 0.722709 -0.409439][0.722709 2.16927 0.743461][-0.409439 0.743461 3.31192]]
weight = 0.486281 mean = [-1.4834 0.127287 6.52511] covariance = [[0.000401834 0.000142315 0.000231136][0.000142315 0.000100039 9.30249e-05][0.000231136 9.30249e-05 0.000190338]]
weight = 0.219151 mean = [-1.10117 3.9388 -0.927536] covariance = [[5.0621 -0.435591 0.0374296][-0.435591 4.38606 0.164567][0.0374296 0.164567 5.30827]]
]
2025-05-19 10:13:34 INFO  ren0 [octree.h:535] root weight: 4.854e+05 (485443.406250)
2025-05-19 10:13:34 INFO  ren0 [octree.h:536] splitting threshold: 4.854e+02 (485.443420)
2025-05-19 10:13:34 INFO  ren0 [octree.h:535] root weight: 1.116e+05 (111625.648438)
2025-05-19 10:13:34 INFO  ren0 [octree.h:536] splitting threshold: 1.116e+02 (111.625656)
2025-05-19 10:13:34 INFO  ren0 [octree.h:551] node count: 799 -> 799 -> 799

2025-05-19 10:13:34 INFO  ren0 [octree.h:551] node count: 592 -> 592 -> 592

2025-05-19 10:13:34 INFO  ren0 [MIFocalGuidingPathTracer] ITERATION 2, until 30.0 seconds
2025-05-19 10:14:05 INFO  ren0 [MIFocalGuidingPathTracer]   62.48 seconds elapsed, passes this iteration: 1, total passes: 6
2025-05-19 10:14:05 INFO  ren0 [MIFocalGuidingPathTracer] Got 237303 non-zero samples
2025-05-19 10:14:05 INFO  ren0 [gaussian_mixture_model.h:808] Processing mega batch of size 237303
2025-05-19 10:14:05 INFO  ren0 [MIFocalGuidingPathTracer] GMM[
weight = 2.86223e-05 mean = [-0.963835 5.50244 -4.25364] covariance = [[0.216562 -0.132781 0.158249][-0.132781 0.0814439 -0.0970398][0.158249 -0.0970398 0.115672]]
weight = 0.000501737 mean = [-1.50583 0.158034 6.56697] covariance = [[3.40773e-05 -7.24806e-06 -4.16132e-07][-7.24806e-06 2.92409e-05 7.09918e-06][-4.16132e-07 7.09918e-06 3.52537e-05]]
weight = 2.86223e-05 mean = [-0.305739 5.0989 -3.7727] covariance = [[0.216562 -0.132781 0.158249][-0.132781 0.0814439 -0.0970398][0.158249 -0.0970398 0.115672]]
weight = 0.000501737 mean = [-1.51083 0.158427 6.56214] covariance = [[3.40773e-05 -7.24806e-06 -4.16132e-07][-7.24806e-06 2.92409e-05 7.09918e-06][-4.16132e-07 7.09918e-06 3.52537e-05]]
weight = 0.0295532 mean = [-4.42862 2.29946 -3.025] covariance = [[1.92257 -0.251182 -0.921584][-0.251182 2.26605 0.303497][-0.921584 0.303497 1.48215]]
weight = 0.000848345 mean = [-1.49858 0.155542 6.56715] covariance = [[0.000829886 -0.000175354 0.000439184][-0.000175354 8.56814e-05 -4.32936e-05][0.000439184 -4.32936e-05 0.000353259]]
weight = 0.968538 mean = [-0.74976 2.08014 2.52709] covariance = [[10.0693 -1.49334 -4.5114][-1.49334 6.85633 -1.59001][-4.5114 -1.59001 21.8639]]
]
2025-05-19 10:14:05 INFO  ren0 [octree.h:535] root weight: 2.576e+05 (257647.515625)
2025-05-19 10:14:05 INFO  ren0 [octree.h:536] splitting threshold: 2.576e+02 (257.647522)
2025-05-19 10:14:05 INFO  ren0 [octree.h:535] root weight: 5.798e+04 (57982.433594)
2025-05-19 10:14:05 INFO  ren0 [octree.h:536] splitting threshold: 5.798e+01 (57.982437)
2025-05-19 10:14:05 INFO  ren0 [octree.h:551] node count: 799 -> 808 -> 774

2025-05-19 10:14:05 INFO  ren0 [octree.h:551] node count: 592 -> 592 -> 592

2025-05-19 10:14:05 INFO  ren0 [MIFocalGuidingPathTracer] ITERATION 3, until 40.0 seconds
2025-05-19 10:14:23 INFO  ren0 [MIFocalGuidingPathTracer]   80.43 seconds elapsed, passes this iteration: 1, total passes: 7
2025-05-19 10:14:23 INFO  ren0 [MIFocalGuidingPathTracer] Got 102414 non-zero samples
2025-05-19 10:14:23 INFO  ren0 [gaussian_mixture_model.h:808] Processing mega batch of size 102414
2025-05-19 10:14:23 INFO  ren0 [MIFocalGuidingPathTracer] GMM[
weight = 2.86212e-05 mean = [-0.963835 5.50244 -4.25364] covariance = [[0.216562 -0.132781 0.158249][-0.132781 0.0814439 -0.0970398][0.158249 -0.0970398 0.115672]]
weight = 0.000140964 mean = [-1.51281 0.158297 6.55883] covariance = [[0.000435122 -9.62896e-05 0.000201114][-9.62896e-05 8.04722e-05 2.85332e-06][0.000201114 2.85332e-06 0.000228103]]
weight = 0.456097 mean = [-1.55042 2.98217 1.95165] covariance = [[9.37004 -1.40787 0.51848][-1.40787 6.27733 -0.641953][0.51848 -0.641953 9.22044]]
weight = 0.0874946 mean = [-4.17366 2.72498 -3.57741] covariance = [[1.60616 0.137045 -0.471729][0.137045 1.62149 0.0864444][-0.471729 0.0864444 1.11122]]
weight = 0.000140964 mean = [-1.48427 0.152796 6.57551] covariance = [[0.000435122 -9.62896e-05 0.000201114][-9.62896e-05 8.04722e-05 2.85332e-06][0.000201114 2.85332e-06 0.000228103]]
weight = 0.456097 mean = [0.73496 2.59931 -1.5489] covariance = [[9.37004 -1.40787 0.51848][-1.40787 6.27733 -0.641953][0.51848 -0.641953 9.22044]]
]
2025-05-19 10:14:23 INFO  ren0 [octree.h:535] root weight: 1.300e+05 (129956.796875)
2025-05-19 10:14:23 INFO  ren0 [octree.h:536] splitting threshold: 1.300e+02 (129.956802)
2025-05-19 10:14:23 INFO  ren0 [octree.h:535] root weight: 2.937e+04 (29371.933594)
2025-05-19 10:14:23 INFO  ren0 [octree.h:536] splitting threshold: 2.937e+01 (29.371935)
2025-05-19 10:14:23 INFO  ren0 [octree.h:551] node count: 774 -> 776 -> 770

2025-05-19 10:14:23 INFO  ren0 [octree.h:551] node count: 592 -> 593 -> 593

2025-05-19 10:14:23 INFO  ren0 [MIFocalGuidingPathTracer] ITERATION 4, until 50.0 seconds
2025-05-19 10:14:39 INFO  ren0 [MIFocalGuidingPathTracer]   96.56 seconds elapsed, passes this iteration: 1, total passes: 8
2025-05-19 10:14:39 INFO  ren0 [MIFocalGuidingPathTracer] Got 130387 non-zero samples
2025-05-19 10:14:39 INFO  ren0 [gaussian_mixture_model.h:808] Processing mega batch of size 130387
2025-05-19 10:14:39 INFO  ren0 [MIFocalGuidingPathTracer] GMM[
weight = 0.0410823 mean = [-1.92787 4.84675 -0.168192] covariance = [[0.0952633 0.57349 0.613643][0.57349 3.47674 3.72652][0.613643 3.72652 3.99823]]
weight = 0.152989 mean = [-1.95149 4.70478 -0.316585] covariance = [[0.0651396 0.356917 0.380143][0.356917 2.16872 2.29999][0.380143 2.29999 2.49581]]
weight = 0.152989 mean = [-1.6086 6.78071 1.91197] covariance = [[0.0651396 0.356917 0.380143][0.356917 2.16872 2.29999][0.380143 2.29999 2.49581]]
weight = 0.0319884 mean = [-2.1868 3.27842 -1.84888] covariance = [[0.00995143 0.0596759 0.0639501][0.0596759 0.361958 0.387963][0.0639501 0.387963 0.415842]]
weight = 0.311629 mean = [-2.61065 0.710769 -4.60114] covariance = [[0.00403937 0.0166776 0.0177752][0.0166776 0.105413 0.112317][0.0177752 0.112317 0.120235]]
weight = 0.309321 mean = [-2.21211 3.11743 -2.02061] covariance = [[0.154199 0.880266 0.944907][0.880266 5.34092 5.72174][0.944907 5.72174 6.14133]]
]
2025-05-19 10:14:39 INFO  ren0 [octree.h:535] root weight: 8.422e+05 (842209.875000)
2025-05-19 10:14:39 INFO  ren0 [octree.h:536] splitting threshold: 8.422e+02 (842.209900)
2025-05-19 10:14:39 INFO  ren0 [octree.h:535] root weight: 7.911e+05 (791141.687500)
2025-05-19 10:14:39 INFO  ren0 [octree.h:536] splitting threshold: 7.911e+02 (791.141724)
2025-05-19 10:14:39 INFO  ren0 [octree.h:551] node count: 770 -> 984 -> 852

2025-05-19 10:14:39 INFO  ren0 [octree.h:551] node count: 593 -> 666 -> 631

2025-05-19 10:14:39 INFO  ren0 [MIFocalGuidingPathTracer] ITERATION 5, until 60.0 seconds
2025-05-19 10:14:54 INFO  ren0 [MIFocalGuidingPathTracer]   111.88 seconds elapsed, passes this iteration: 1, total passes: 9
2025-05-19 10:14:54 INFO  ren0 [MIFocalGuidingPathTracer] Got 1542351 non-zero samples
2025-05-19 10:14:54 INFO  ren0 [gaussian_mixture_model.h:808] Processing mega batch of size 1542351
2025-05-19 10:14:55 INFO  ren0 [MIFocalGuidingPathTracer] GMM[
weight = 0.238452 mean = [-1.70964 3.61722 -1.04635] covariance = [[3.65395 0.719829 0.280185][0.719829 6.51193 4.01577][0.280185 4.01577 4.57259]]
weight = 5.72599e-05 mean = [-3.79032 0.252928 -3.97599] covariance = [[0.661391 0.16087 0.227559][0.16087 0.0408208 0.046537][0.227559 0.046537 0.12668]]
weight = 0.000179617 mean = [-2.49125 0.775294 -4.60856] covariance = [[0.000115821 5.15189e-05 7.19021e-05][5.15189e-05 6.57159e-05 -4.02378e-06][7.19021e-05 -4.02378e-06 0.00014058]]
weight = 0.316499 mean = [-1.71739 0.125568 -2.06251] covariance = [[1.23031 0.472871 -0.459342][0.472871 1.00296 -0.264009][-0.459342 -0.264009 0.566866]]
weight = 0.14277 mean = [-1.05639 2.02876 -2.39445] covariance = [[0.928734 0.0149232 -0.318058][0.0149232 1.03774 0.0713077][-0.318058 0.0713077 0.583271]]
weight = 0.272912 mean = [-3.0288 0.281789 -3.64795] covariance = [[0.619037 -0.00113466 0.0744457][-0.00113466 0.530191 0.174739][0.0744457 0.174739 0.120143]]
weight = 0.0291311 mean = [-2.14647 3.20252 -1.91731] covariance = [[0.0453917 0.22029 0.241952][0.22029 1.56691 1.68919][0.241952 1.68919 1.82322]]
]
2025-05-19 10:14:55 INFO  ren0 [octree.h:535] root weight: 5.350e+05 (534990.312500)
2025-05-19 10:14:55 INFO  ren0 [octree.h:536] splitting threshold: 5.350e+02 (534.990356)
2025-05-19 10:14:55 INFO  ren0 [octree.h:535] root weight: 4.313e+05 (431285.125000)
2025-05-19 10:14:55 INFO  ren0 [octree.h:536] splitting threshold: 4.313e+02 (431.285156)
2025-05-19 10:14:55 INFO  ren0 [octree.h:551] node count: 852 -> 900 -> 843

2025-05-19 10:14:55 INFO  ren0 [octree.h:551] node count: 631 -> 650 -> 650

2025-05-19 10:14:55 INFO  ren0 [MIFocalGuidingPathTracer] ITERATION 6, until 70.0 seconds
2025-05-19 10:15:09 INFO  ren0 [MIFocalGuidingPathTracer]   127.09 seconds elapsed, passes this iteration: 1, total passes: 10
2025-05-19 10:15:09 INFO  ren0 [MIFocalGuidingPathTracer] Got 127900 non-zero samples
2025-05-19 10:15:09 INFO  ren0 [gaussian_mixture_model.h:808] Processing mega batch of size 127900
2025-05-19 10:15:10 INFO  ren0 [MIFocalGuidingPathTracer] GMM[
weight = 0.0839626 mean = [-2.46349 3.54488 1.28552] covariance = [[6.4304 -0.173814 -3.13868][-0.173814 2.64315 -1.1582][-3.13868 -1.1582 12.9048]]
weight = 0.0217022 mean = [-0.705538 1.11657 -4.05579] covariance = [[1.03987 -0.137327 -0.557296][-0.137327 0.963728 -0.332474][-0.557296 -0.332474 0.721772]]
weight = 0.568876 mean = [-0.727639 2.61154 -2.48536] covariance = [[4.78494 -0.915044 0.360122][-0.915044 3.26704 2.92458][0.360122 2.92458 9.2245]]
weight = 0.0839626 mean = [-4.43362 3.08171 6.22846] covariance = [[6.4304 -0.173814 -3.13868][-0.173814 2.64315 -1.1582][-3.13868 -1.1582 12.9048]]
weight = 5.40293e-05 mean = [-2.49083 0.775433 -4.60812] covariance = [[0.000112031 4.36134e-05 4.70373e-05][4.36134e-05 8.30889e-05 -1.22866e-05][4.70373e-05 -1.22866e-05 0.000134591]]
weight = 0.132452 mean = [-0.159697 0.98221 -4.20797] covariance = [[0.698068 -0.212267 -0.123408][-0.212267 1.04891 -0.365298][-0.123408 -0.365298 0.434013]]
weight = 0.0217022 mean = [-1.97917 0.749105 -2.95886] covariance = [[1.03987 -0.137327 -0.557296][-0.137327 0.963728 -0.332474][-0.557296 -0.332474 0.721772]]
weight = 0.0759744 mean = [-0.965526 1.15331 -3.28896] covariance = [[2.85403 0.561711 -0.101556][0.561711 1.90891 1.05474][-0.101556 1.05474 1.21774]]
weight = 0.0113133 mean = [-2.32869 3.3676 -1.82703] covariance = [[0.0168439 -0.0138436 -0.00593261][-0.0138436 0.0670179 0.060972][-0.00593261 0.060972 0.0586854]]
]
2025-05-19 10:15:10 INFO  ren0 [octree.h:535] root weight: 3.548e+05 (354818.593750)
2025-05-19 10:15:10 INFO  ren0 [octree.h:536] splitting threshold: 3.548e+02 (354.818604)
2025-05-19 10:15:10 INFO  ren0 [octree.h:535] root weight: 2.366e+05 (236598.312500)
2025-05-19 10:15:10 INFO  ren0 [octree.h:536] splitting threshold: 2.366e+02 (236.598328)
2025-05-19 10:15:10 INFO  ren0 [octree.h:551] node count: 843 -> 902 -> 839

2025-05-19 10:15:10 INFO  ren0 [octree.h:551] node count: 650 -> 665 -> 664

2025-05-19 10:15:10 INFO  ren0 [MIFocalGuidingPathTracer] ITERATION 7, until 80.0 seconds
2025-05-19 10:15:27 INFO  ren0 [MIFocalGuidingPathTracer]   144.62 seconds elapsed, passes this iteration: 1, total passes: 11
2025-05-19 10:15:27 INFO  ren0 [MIFocalGuidingPathTracer] Got 148511 non-zero samples
2025-05-19 10:15:27 INFO  ren0 [gaussian_mixture_model.h:808] Processing mega batch of size 148511
2025-05-19 10:15:27 INFO  ren0 [MIFocalGuidingPathTracer] GMM[
weight = 0.0479713 mean = [3.49399 6.27919 -3.39903] covariance = [[2.8847 0.0720696 -0.913338][0.0720696 1.73055 0.0164387][-0.913338 0.0164387 0.649745]]
weight = 0.0263911 mean = [2.32466 6.57605 -2.96412] covariance = [[2.31171 1.11622 -0.564518][1.11622 0.836706 -0.242797][-0.564518 -0.242797 0.160048]]
weight = 0.0479713 mean = [1.10795 6.17262 -2.54955] covariance = [[2.8847 0.0720696 -0.913338][0.0720696 1.73055 0.0164387][-0.913338 0.0164387 0.649745]]
weight = 0.368797 mean = [4.51889 0.913305 -4.22935] covariance = [[4.83103 -1.44716 -1.62551][-1.44716 3.76922 0.811309][-1.62551 0.811309 0.617071]]
weight = 0.00496633 mean = [-0.544119 5.54186 -1.66438] covariance = [[11.5695 1.00697 -3.90637][1.00697 4.11788 -1.77382][-3.90637 -1.77382 6.9306]]
weight = 0.368797 mean = [1.67433 2.80506 -3.16472] covariance = [[4.83103 -1.44716 -1.62551][-1.44716 3.76922 0.811309][-1.62551 0.811309 0.617071]]
weight = 0.0590795 mean = [-0.706575 -0.32757 -2.61532] covariance = [[0.15993 -0.355589 -0.0770567][-0.355589 0.897616 0.139971][-0.0770567 0.139971 0.0585737]]
weight = 0.0721679 mean = [-0.826501 1.65524 -2.44345] covariance = [[2.18066 0.0496933 -0.682106][0.0496933 1.13352 0.0734463][-0.682106 0.0734463 0.23032]]
weight = 0.00385866 mean = [-2.20417 3.20959 -1.92676] covariance = [[0.000389783 -0.000392813 -0.000218706][-0.000392813 0.00108702 0.000904245][-0.000218706 0.000904245 0.000813956]]
]
2025-05-19 10:15:27 INFO  ren0 [octree.h:535] root weight: 7.921e+05 (792109.500000)
2025-05-19 10:15:27 INFO  ren0 [octree.h:536] splitting threshold: 7.921e+02 (792.109558)
2025-05-19 10:15:27 INFO  ren0 [octree.h:535] root weight: 2.721e+05 (272071.625000)
2025-05-19 10:15:27 INFO  ren0 [octree.h:536] splitting threshold: 2.721e+02 (272.071625)
2025-05-19 10:15:27 INFO  ren0 [octree.h:551] node count: 839 -> 1134 -> 998

2025-05-19 10:15:27 INFO  ren0 [octree.h:551] node count: 664 -> 765 -> 741

2025-05-19 10:15:27 INFO  ren0 [MIFocalGuidingPathTracer] ITERATION 8, until 90.0 seconds
