2025-05-18 15:30:59 INFO  main [mitsuba.cpp:274] Mitsuba version 0.6.0 (Linux, 64 bit), Copyright (c) 2017 Wenzel Jakob
2025-05-18 15:30:59 INFO  main [mitsuba.cpp:377] Parsing scene description from "scene/modern-hall/modern-hall.xml" ..
2025-05-18 15:30:59 INFO  main [scenehandler.cpp:675] In file "/mitsuba/scene/modern-hall/modern-hall.xml" (near line 20): Parsing included file "pmm_focal_recursive.xml" ..
2025-05-18 15:30:59 INFO  main [PluginManager] Loading plugin "plugins/pmm_focal_recursive.so" ..
2025-05-18 15:30:59 INFO  main [octree.h:535] root weight: 8.000e-20 (0.000000)
2025-05-18 15:30:59 INFO  main [octree.h:536] splitting threshold: 8.000e-23 (0.000000)
2025-05-18 15:30:59 INFO  main [octree.h:551] node count: 1 -> 585 -> 585

2025-05-18 15:30:59 INFO  main [octree.h:535] root weight: 8.000e-20 (0.000000)
2025-05-18 15:30:59 INFO  main [octree.h:536] splitting threshold: 8.000e-23 (0.000000)
2025-05-18 15:30:59 INFO  main [octree.h:551] node count: 1 -> 585 -> 585

2025-05-18 15:30:59 INFO  main [MIFocalGuidingPathTracer] budget: 600
2025-05-18 15:30:59 INFO  main [MIFocalGuidingPathTracer] dumpPrimaryRays: false
2025-05-18 15:30:59 INFO  main [MIFocalGuidingPathTracer] dumpScene: false
2025-05-18 15:30:59 INFO  main [MIFocalGuidingPathTracer] gmm.alpha: 0.4
2025-05-18 15:30:59 INFO  main [MIFocalGuidingPathTracer] gmm.initMethod: KMeans
2025-05-18 15:30:59 INFO  main [MIFocalGuidingPathTracer] gmm.maxNumComp: 10
2025-05-18 15:30:59 INFO  main [MIFocalGuidingPathTracer] gmm.mergingThreshold: 0.65
2025-05-18 15:30:59 INFO  main [MIFocalGuidingPathTracer] gmm.minNumComp: 3
2025-05-18 15:30:59 INFO  main [MIFocalGuidingPathTracer] gmm.splittingThreshold: 1000
2025-05-18 15:30:59 INFO  main [MIFocalGuidingPathTracer] iterationBudget: 10
2025-05-18 15:30:59 INFO  main [MIFocalGuidingPathTracer] iterationCount: 15
2025-05-18 15:30:59 INFO  main [MIFocalGuidingPathTracer] maxDepth: 40
2025-05-18 15:30:59 INFO  main [MIFocalGuidingPathTracer] minSamplesToStartFitting: 128
2025-05-18 15:30:59 INFO  main [MIFocalGuidingPathTracer] normalBinning: disabled
2025-05-18 15:30:59 INFO  main [MIFocalGuidingPathTracer] renderMaxSeconds: 36000
2025-05-18 15:30:59 INFO  main [MIFocalGuidingPathTracer] rrDepth: 14
2025-05-18 15:30:59 INFO  main [MIFocalGuidingPathTracer] samplingMode: 2
2025-05-18 15:30:59 INFO  main [MIFocalGuidingPathTracer] strictNormals: true
2025-05-18 15:30:59 INFO  main [MIFocalGuidingPathTracer] trainingSamples: 4
2025-05-18 15:30:59 INFO  main [MIFocalGuidingPathTracer] tree.threshold: 0.001
2025-05-18 15:30:59 INFO  main [MIFocalGuidingPathTracer] unboundedSplatting: true
2025-05-18 15:30:59 INFO  main [PluginManager] Loading plugin "plugins/independent.so" ..
2025-05-18 15:30:59 INFO  main [PluginManager] Loading plugin "plugins/box.so" ..
2025-05-18 15:30:59 INFO  main [PluginManager] Loading plugin "plugins/hdrfilm.so" ..
2025-05-18 15:30:59 INFO  main [PluginManager] Loading plugin "plugins/perspective.so" ..
2025-05-18 15:30:59 INFO  main [PluginManager] Loading plugin "plugins/dielectric.so" ..
2025-05-18 15:30:59 INFO  main [PluginManager] Loading plugin "plugins/bitmap.so" ..
2025-05-18 15:30:59 INFO  main [BitmapTexture] Loading texture "wood5.jpg"
2025-05-18 15:30:59 INFO  main [PluginManager] Loading plugin "plugins/lanczos.so" ..
2025-05-18 15:30:59 INFO  main [MIPMap] Generating MIP map cache file "/mitsuba/scene/modern-hall/textures/wood5.mip" ..
2025-05-18 15:30:59 INFO  main [PluginManager] Loading plugin "plugins/roughplastic.so" ..
2025-05-18 15:30:59 INFO  main [PluginManager] Loading plugin "plugins/twosided.so" ..
2025-05-18 15:30:59 INFO  main [BitmapTexture] Loading texture "Tiles.jpg"
2025-05-18 15:30:59 INFO  main [PluginManager] Loading plugin "plugins/diffuse.so" ..
2025-05-18 15:30:59 INFO  main [BitmapTexture] Loading texture "Wallpaper.jpg"
2025-05-18 15:30:59 INFO  main [PluginManager] Loading plugin "plugins/roughconductor.so" ..
2025-05-18 15:30:59 INFO  main [spectrum.cpp:599] "Cu.eta.spd": loaded a spectral power distribution with 55 entries (between 302.400421 and 885.601257 nm)
2025-05-18 15:30:59 INFO  main [spectrum.cpp:599] "Cu.k.spd": loaded a spectral power distribution with 55 entries (between 302.400421 and 885.601257 nm)
2025-05-18 15:30:59 INFO  main [spectrum.cpp:599] "Cu.eta.spd": loaded a spectral power distribution with 55 entries (between 302.400421 and 885.601257 nm)
2025-05-18 15:30:59 INFO  main [spectrum.cpp:599] "Cu.k.spd": loaded a spectral power distribution with 55 entries (between 302.400421 and 885.601257 nm)
2025-05-18 15:30:59 INFO  main [PluginManager] Loading plugin "plugins/difftrans.so" ..
2025-05-18 15:30:59 INFO  main [PluginManager] Loading plugin "plugins/area.so" ..
2025-05-18 15:30:59 INFO  main [PluginManager] Loading plugin "plugins/rectangle.so" ..
2025-05-18 15:30:59 INFO  main [PluginManager] Loading plugin "plugins/cube.so" ..
2025-05-18 15:30:59 INFO  main [PluginManager] Loading plugin "plugins/obj.so" ..
2025-05-18 15:30:59 INFO  main [WavefrontOBJ] Loading geometry from "Mesh008.obj" ..
2025-05-18 15:30:59 INFO  main [WavefrontOBJ] Mesh008: 5184 triangles, 2664 vertices (merged 12888 vertices).
2025-05-18 15:30:59 INFO  main [WavefrontOBJ] Done with "Mesh008.obj" (took 12 ms)
2025-05-18 15:30:59 INFO  main [WavefrontOBJ] Loading geometry from "Mesh004.obj" ..
2025-05-18 15:30:59 INFO  main [WavefrontOBJ] Mesh004: 5184 triangles, 2664 vertices (merged 12888 vertices).
2025-05-18 15:30:59 INFO  main [WavefrontOBJ] Done with "Mesh004.obj" (took 10 ms)
2025-05-18 15:30:59 INFO  main [WavefrontOBJ] Loading geometry from "Mesh003.obj" ..
2025-05-18 15:30:59 INFO  main [WavefrontOBJ] Mesh003: 5184 triangles, 2664 vertices (merged 12888 vertices).
2025-05-18 15:30:59 INFO  main [WavefrontOBJ] Done with "Mesh003.obj" (took 10 ms)
2025-05-18 15:30:59 INFO  main [WavefrontOBJ] Loading geometry from "Mesh006.obj" ..
2025-05-18 15:30:59 INFO  main [WavefrontOBJ] Mesh006: 5184 triangles, 2664 vertices (merged 12888 vertices).
2025-05-18 15:30:59 INFO  main [WavefrontOBJ] Done with "Mesh006.obj" (took 10 ms)
2025-05-18 15:30:59 INFO  main [WavefrontOBJ] Loading geometry from "Mesh012.obj" ..
2025-05-18 15:30:59 INFO  main [WavefrontOBJ] Mesh012: 444 triangles, 882 vertices (merged 450 vertices).
2025-05-18 15:30:59 INFO  main [WavefrontOBJ] Done with "Mesh012.obj" (took 2 ms)
2025-05-18 15:30:59 INFO  main [WavefrontOBJ] Loading geometry from "Mesh013.obj" ..
2025-05-18 15:30:59 INFO  main [WavefrontOBJ] Mesh013: 5184 triangles, 2664 vertices (merged 12888 vertices).
2025-05-18 15:30:59 INFO  main [WavefrontOBJ] Done with "Mesh013.obj" (took 11 ms)
2025-05-18 15:30:59 INFO  main [WavefrontOBJ] Loading geometry from "Mesh010.obj" ..
2025-05-18 15:30:59 INFO  main [WavefrontOBJ] Mesh010: 32 triangles, 60 vertices (merged 36 vertices).
2025-05-18 15:30:59 INFO  main [WavefrontOBJ] Done with "Mesh010.obj" (took 0 ms)
2025-05-18 15:30:59 INFO  main [WavefrontOBJ] Loading geometry from "Mesh015.obj" ..
2025-05-18 15:30:59 INFO  main [WavefrontOBJ] Mesh015: 32 triangles, 60 vertices (merged 36 vertices).
2025-05-18 15:30:59 INFO  main [WavefrontOBJ] Done with "Mesh015.obj" (took 0 ms)
2025-05-18 15:30:59 INFO  main [WavefrontOBJ] Loading geometry from "Mesh002.obj" ..
2025-05-18 15:30:59 INFO  main [WavefrontOBJ] Mesh002: 32 triangles, 60 vertices (merged 36 vertices).
2025-05-18 15:30:59 INFO  main [WavefrontOBJ] Done with "Mesh002.obj" (took 0 ms)
2025-05-18 15:30:59 INFO  main [WavefrontOBJ] Loading geometry from "Mesh007.obj" ..
2025-05-18 15:30:59 INFO  main [WavefrontOBJ] Mesh007: 32 triangles, 60 vertices (merged 36 vertices).
2025-05-18 15:30:59 INFO  main [WavefrontOBJ] Done with "Mesh007.obj" (took 0 ms)
2025-05-18 15:30:59 INFO  main [WavefrontOBJ] Loading geometry from "Mesh005.obj" ..
2025-05-18 15:30:59 INFO  main [WavefrontOBJ] Mesh005: 12 triangles, 20 vertices (merged 16 vertices).
2025-05-18 15:30:59 INFO  main [WavefrontOBJ] Done with "Mesh005.obj" (took 0 ms)
2025-05-18 15:30:59 INFO  main [WavefrontOBJ] Loading geometry from "Mesh016.obj" ..
2025-05-18 15:30:59 INFO  main [WavefrontOBJ] Mesh016: 120 triangles, 204 vertices (merged 156 vertices).
2025-05-18 15:30:59 INFO  main [WavefrontOBJ] Done with "Mesh016.obj" (took 0 ms)
2025-05-18 15:30:59 INFO  main [WavefrontOBJ] Loading geometry from "Mesh017.obj" ..
2025-05-18 15:30:59 INFO  main [WavefrontOBJ] Mesh017: 20 triangles, 40 vertices (merged 20 vertices).
2025-05-18 15:30:59 INFO  main [WavefrontOBJ] Done with "Mesh017.obj" (took 0 ms)
2025-05-18 15:30:59 INFO  main [WavefrontOBJ] Loading geometry from "Mesh018.obj" ..
2025-05-18 15:30:59 INFO  main [WavefrontOBJ] Mesh018: 2 triangles, 4 vertices (merged 2 vertices).
2025-05-18 15:30:59 INFO  main [WavefrontOBJ] Done with "Mesh018.obj" (took 0 ms)
2025-05-18 15:30:59 INFO  main [WavefrontOBJ] Loading geometry from "Mesh011.obj" ..
2025-05-18 15:30:59 INFO  main [WavefrontOBJ] Mesh011: 32 triangles, 30 vertices (merged 66 vertices).
2025-05-18 15:30:59 INFO  main [WavefrontOBJ] Done with "Mesh011.obj" (took 0 ms)
2025-05-18 15:30:59 INFO  main [PluginManager] Loading plugin "plugins/homogeneous.so" ..
2025-05-18 15:30:59 INFO  main [PluginManager] Loading plugin "plugins/isotropic.so" ..
2025-05-18 15:30:59 INFO  main [WavefrontOBJ] Loading geometry from "Mesh014.obj" ..
2025-05-18 15:30:59 INFO  main [WavefrontOBJ] Mesh014: 36 triangles, 72 vertices (merged 36 vertices).
2025-05-18 15:30:59 INFO  main [WavefrontOBJ] Done with "Mesh014.obj" (took 0 ms)
2025-05-18 15:30:59 INFO  main [WavefrontOBJ] Loading geometry from "Mesh001.obj" ..
2025-05-18 15:30:59 INFO  main [WavefrontOBJ] Mesh001: 924 triangles, 2016 vertices (merged 756 vertices).
2025-05-18 15:30:59 INFO  main [WavefrontOBJ] Done with "Mesh001.obj" (took 5 ms)
2025-05-18 15:30:59 INFO  main [WavefrontOBJ] Loading geometry from "Mesh000.obj" ..
2025-05-18 15:30:59 INFO  main [WavefrontOBJ] Mesh000: 3127 triangles, 2075 vertices (merged 7306 vertices).
2025-05-18 15:30:59 INFO  main [WavefrontOBJ] Done with "Mesh000.obj" (took 11 ms)
2025-05-18 15:30:59 INFO  main [WavefrontOBJ] Loading geometry from "Mesh009.obj" ..
2025-05-18 15:30:59 INFO  main [WavefrontOBJ] Mesh009: 146 triangles, 110 vertices (merged 328 vertices).
2025-05-18 15:30:59 INFO  main [WavefrontOBJ] Done with "Mesh009.obj" (took 0 ms)
2025-05-18 15:30:59 INFO  ren0 [KDTreeBase] Constructing a SAH kd-tree (30963 primitives) ..
2025-05-18 15:30:59 INFO  ren0 [KDTreeBase] Finished -- took 108 ms.
2025-05-18 15:31:00 INFO  ren0 [octree.h:535] root weight: 8.000e-20 (0.000000)
2025-05-18 15:31:00 INFO  ren0 [octree.h:536] splitting threshold: 8.000e-23 (0.000000)
2025-05-18 15:31:00 INFO  ren0 [octree.h:551] node count: 1 -> 585 -> 585

2025-05-18 15:31:00 INFO  ren0 [octree.h:535] root weight: 4.096e-17 (0.000000)
2025-05-18 15:31:00 INFO  ren0 [octree.h:536] splitting threshold: 4.096e-20 (0.000000)
2025-05-18 15:31:00 INFO  ren0 [octree.h:551] node count: 585 -> 585 -> 585

2025-05-18 15:31:00 INFO  ren0 [octree.h:535] root weight: 8.000e-20 (0.000000)
2025-05-18 15:31:00 INFO  ren0 [octree.h:536] splitting threshold: 8.000e-23 (0.000000)
2025-05-18 15:31:00 INFO  ren0 [octree.h:551] node count: 1 -> 585 -> 585

2025-05-18 15:31:00 INFO  ren0 [octree.h:535] root weight: 8.000e-20 (0.000000)
2025-05-18 15:31:00 INFO  ren0 [octree.h:536] splitting threshold: 8.000e-23 (0.000000)
2025-05-18 15:31:00 INFO  ren0 [octree.h:551] node count: 1 -> 585 -> 585

2025-05-18 15:31:00 INFO  ren0 [octree.h:535] root weight: 4.096e-17 (0.000000)
2025-05-18 15:31:00 INFO  ren0 [octree.h:536] splitting threshold: 4.096e-20 (0.000000)
2025-05-18 15:31:00 INFO  ren0 [octree.h:551] node count: 585 -> 585 -> 585

2025-05-18 15:31:00 INFO  ren0 [octree.h:535] root weight: 8.000e-20 (0.000000)
2025-05-18 15:31:00 INFO  ren0 [octree.h:536] splitting threshold: 8.000e-23 (0.000000)
2025-05-18 15:31:00 INFO  ren0 [octree.h:551] node count: 1 -> 585 -> 585

2025-05-18 15:31:00 INFO  ren0 [MIFocalGuidingPathTracer] AABB3[min=[-21.7494, -3.70393, -3.09172], max=[7.19249, 11.2965, 6.96201]]
2025-05-18 15:31:00 INFO  ren0 [MIFocalGuidingPathTracer] Starting render job (1280x720, 12 cores, SSE2 enabled) ..
2025-05-18 15:31:00 INFO  ren0 [MIFocalGuidingPathTracer] ITERATION 0, until 10.0 seconds
2025-05-18 15:31:11 INFO  ren0 [MIFocalGuidingPathTracer]   11.57 seconds elapsed, passes this iteration: 7, total passes: 7
2025-05-18 15:31:11 INFO  ren0 [MIFocalGuidingPathTracer] Got 128930 non-zero samples
2025-05-18 15:31:11 INFO  ren0 [gaussian_mixture_model.h:808] Processing mega batch of size 128930
2025-05-18 15:31:11 INFO  ren0 [gaussian_mixture_model.h:547] KMeans
2025-05-18 15:31:11 INFO  ren0 [MIFocalGuidingPathTracer] GMM[
weight = 0.182098 mean = [3.38805 1.3374 -1.35374] covariance = [[1.06791 0.140589 0.145607][0.140589 0.792619 -0.0213933][0.145607 -0.0213933 1.29088]]
weight = 0.182098 mean = [2.61454 1.20209 -2.80838] covariance = [[1.06791 0.140589 0.145607][0.140589 0.792619 -0.0213933][0.145607 -0.0213933 1.29088]]
weight = 0.0242688 mean = [-10.0793 4.82939 2.34187] covariance = [[24.0493 0.934583 3.84952][0.934583 7.17814 0.161258][3.84952 0.161258 4.2364]]
weight = 0.0977435 mean = [-4.66093 4.85858 -1.53029] covariance = [[6.74099 0.713877 -0.252663][0.713877 2.70309 0.328706][-0.252663 0.328706 2.98491]]
weight = 0.0195456 mean = [-5.46961 0.885584 1.58328] covariance = [[7.21316 0.135441 1.9339][0.135441 3.12471 -1.78698][1.9339 -1.78698 4.68626]]
weight = 0.00865856 mean = [-2.26844 -1.83176 -0.472266] covariance = [[8.99409 -1.34907 1.24931][-1.34907 1.67158 -0.624421][1.24931 -0.624421 2.37393]]
weight = 0.305033 mean = [0.244708 2.75312 -2.42088] covariance = [[3.10604 -1.08437 0.293298][-1.08437 1.2912 0.342721][0.293298 0.342721 1.27005]]
weight = 0.172244 mean = [4.7072 3.49492 2.33384] covariance = [[4.07935 0.135078 -0.357155][0.135078 3.9804 -1.41576][-0.357155 -1.41576 6.24501]]
weight = 0.00830993 mean = [5.96018 -0.815082 -1.30293] covariance = [[1.61886 1.16682 -0.0980995][1.16682 2.18394 -0.86525][-0.0980995 -0.86525 1.65807]]
]
2025-05-18 15:31:11 INFO  ren0 [octree.h:535] root weight: 3.176e+06 (3176003.250000)
2025-05-18 15:31:11 INFO  ren0 [octree.h:536] splitting threshold: 3.176e+03 (3176.003418)
2025-05-18 15:31:11 INFO  ren0 [octree.h:535] root weight: 3.500e+05 (349998.937500)
2025-05-18 15:31:11 INFO  ren0 [octree.h:536] splitting threshold: 3.500e+02 (349.998962)
2025-05-18 15:31:11 INFO  ren0 [octree.h:551] node count: 585 -> 954 -> 770

2025-05-18 15:31:11 INFO  ren0 [octree.h:551] node count: 585 -> 604 -> 449

2025-05-18 15:31:11 INFO  ren0 [MIFocalGuidingPathTracer] ITERATION 1, until 20.0 seconds
2025-05-18 15:31:30 INFO  ren0 [MIFocalGuidingPathTracer]   30.61 seconds elapsed, passes this iteration: 1, total passes: 8
2025-05-18 15:31:30 INFO  ren0 [MIFocalGuidingPathTracer] Got 53299 non-zero samples
2025-05-18 15:31:30 INFO  ren0 [gaussian_mixture_model.h:808] Processing mega batch of size 53299
2025-05-18 15:31:30 INFO  ren0 [MIFocalGuidingPathTracer] GMM[
weight = 0.0964601 mean = [3.67041 1.30739 -1.32014] covariance = [[1.23903 0.0505315 -0.0172198][0.0505315 0.97885 -0.0194746][-0.0172198 -0.0194746 1.22866]]
weight = 0.118954 mean = [2.82154 1.20759 -2.7645] covariance = [[0.800882 -0.0107778 -0.016626][-0.0107778 0.784399 -0.00295172][-0.016626 -0.00295172 0.272651]]
weight = 0.0964601 mean = [2.82805 1.23571 -2.63099] covariance = [[1.23903 0.0505315 -0.0172198][0.0505315 0.97885 -0.0194746][-0.0172198 -0.0194746 1.22866]]
weight = 0.0662798 mean = [-4.17944 4.58155 -1.31998] covariance = [[9.77409 1.08529 -0.141559][1.08529 2.92998 0.159275][-0.141559 0.159275 2.86829]]
weight = 0.0521368 mean = [-8.04208 2.22573 1.99006] covariance = [[23.1444 -0.986132 2.3154][-0.986132 10.005 0.0860565][2.3154 0.0860565 5.34758]]
weight = 0.0130916 mean = [-2.26015 -1.42098 -0.748771] covariance = [[13.54 -0.783459 2.33731][-0.783459 1.48135 -0.958006][2.33731 -0.958006 3.4478]]
weight = 0.272921 mean = [0.32735 2.8421 -2.34489] covariance = [[3.48831 -1.32201 0.282233][-1.32201 1.3987 0.411144][0.282233 0.411144 1.1334]]
weight = 0.268833 mean = [4.04155 3.45047 1.34361] covariance = [[3.43034 -0.941561 0.412198][-0.941561 4.02858 -2.29959][0.412198 -2.29959 7.29668]]
weight = 0.0148637 mean = [5.77522 -0.6556 -0.88014] covariance = [[1.21809 0.883064 0.35258][0.883064 1.94044 -0.680995][0.35258 -0.680995 2.17479]]
]
2025-05-18 15:31:30 INFO  ren0 [octree.h:535] root weight: 2.392e+06 (2392377.000000)
2025-05-18 15:31:30 INFO  ren0 [octree.h:536] splitting threshold: 2.392e+03 (2392.377197)
2025-05-18 15:31:30 INFO  ren0 [octree.h:535] root weight: 2.468e+05 (246827.406250)
2025-05-18 15:31:30 INFO  ren0 [octree.h:536] splitting threshold: 2.468e+02 (246.827423)
2025-05-18 15:31:30 INFO  ren0 [octree.h:551] node count: 770 -> 866 -> 780

2025-05-18 15:31:30 INFO  ren0 [octree.h:551] node count: 449 -> 458 -> 451

2025-05-18 15:31:30 INFO  ren0 [MIFocalGuidingPathTracer] ITERATION 2, until 30.0 seconds
2025-05-18 15:31:50 INFO  ren0 [MIFocalGuidingPathTracer]   50.91 seconds elapsed, passes this iteration: 1, total passes: 9
2025-05-18 15:31:50 INFO  ren0 [MIFocalGuidingPathTracer] Got 66976 non-zero samples
2025-05-18 15:31:50 INFO  ren0 [gaussian_mixture_model.h:808] Processing mega batch of size 66976
2025-05-18 15:31:50 INFO  ren0 [MIFocalGuidingPathTracer] GMM[
weight = 0.0607208 mean = [3.8223 1.34536 -1.12645] covariance = [[1.28274 0.0326435 -0.0840812][0.0326435 0.917666 -0.00542295][-0.0840812 -0.00542295 1.22707]]
weight = 0.240091 mean = [2.77157 1.203 -2.63995] covariance = [[0.742773 -0.000948742 0.0122574][-0.000948742 0.595266 0.0114453][0.0122574 0.0114453 0.530762]]
weight = 0.0678449 mean = [-4.33538 4.69138 -1.49242] covariance = [[8.7117 0.0635896 0.631477][0.0635896 2.0182 -0.104229][0.631477 -0.104229 2.35264]]
weight = 0.0206771 mean = [-5.22443 1.59327 1.48323] covariance = [[16.129 0.688326 2.20838][0.688326 5.96338 -0.746954][2.20838 -0.746954 4.91081]]
weight = 0.0101761 mean = [-1.94173 -1.2787 -0.722617] covariance = [[13.0504 -0.904078 2.3294][-0.904078 1.44493 -0.789125][2.3294 -0.789125 2.89069]]
weight = 0.281953 mean = [0.0461896 3.01634 -2.42268] covariance = [[3.95567 -1.60927 0.424837][-1.60927 1.44157 0.279125][0.424837 0.279125 0.875787]]
weight = 0.304742 mean = [3.66342 3.76189 1.60464] covariance = [[3.50375 -1.07861 0.0161507][-1.07861 3.20645 -0.590306][0.0161507 -0.590306 5.06571]]
weight = 0.0137949 mean = [6.06115 -0.237931 -0.807394] covariance = [[0.962446 0.800308 0.236533][0.800308 1.91116 -0.449702][0.236533 -0.449702 1.3822]]
]
2025-05-18 15:31:50 INFO  ren0 [octree.h:535] root weight: 1.855e+06 (1855271.875000)
2025-05-18 15:31:50 INFO  ren0 [octree.h:536] splitting threshold: 1.855e+03 (1855.271973)
2025-05-18 15:31:50 INFO  ren0 [octree.h:535] root weight: 1.870e+05 (186994.453125)
2025-05-18 15:31:50 INFO  ren0 [octree.h:536] splitting threshold: 1.870e+02 (186.994461)
2025-05-18 15:31:50 INFO  ren0 [octree.h:551] node count: 780 -> 857 -> 771

2025-05-18 15:31:50 INFO  ren0 [octree.h:551] node count: 451 -> 464 -> 453

2025-05-18 15:31:50 INFO  ren0 [MIFocalGuidingPathTracer] ITERATION 3, until 40.0 seconds
2025-05-18 15:32:10 INFO  ren0 [MIFocalGuidingPathTracer]   70.74 seconds elapsed, passes this iteration: 1, total passes: 10
2025-05-18 15:32:10 INFO  ren0 [MIFocalGuidingPathTracer] Got 73696 non-zero samples
2025-05-18 15:32:10 INFO  ren0 [gaussian_mixture_model.h:808] Processing mega batch of size 73696
2025-05-18 15:32:10 INFO  ren0 [MIFocalGuidingPathTracer] GMM[
weight = 0.030951 mean = [3.00339 1.24197 -0.732973] covariance = [[1.3761 -0.00596096 0.354875][-0.00596096 1.13397 0.0169586][0.354875 0.0169586 1.52407]]
weight = 0.030951 mean = [4.09336 1.6663 -1.62618] covariance = [[1.3761 -0.00596096 0.354875][-0.00596096 1.13397 0.0169586][0.354875 0.0169586 1.52407]]
weight = 0.0803238 mean = [2.25512 0.939624 -2.7341] covariance = [[0.408813 0.0117762 0.0114459][0.0117762 0.403263 -0.00507993][0.0114459 -0.00507993 0.221073]]
weight = 0.0803238 mean = [2.97966 1.4972 -2.70642] covariance = [[0.408813 0.0117762 0.0114459][0.0117762 0.403263 -0.00507993][0.0114459 -0.00507993 0.221073]]
weight = 0.0569597 mean = [-4.10415 4.46597 -1.35204] covariance = [[9.49768 -0.025974 0.925662][-0.025974 2.41955 -0.563659][0.925662 -0.563659 2.58273]]
weight = 0.0929359 mean = [-4.89369 0.413976 0.622383] covariance = [[28.1707 -4.79939 3.33794][-4.79939 5.27938 0.662333][3.33794 0.662333 4.5839]]
weight = 0.248874 mean = [-0.256034 2.98447 -2.56922] covariance = [[4.2754 -1.92827 0.414371][-1.92827 1.38373 0.0745324][0.414371 0.0745324 0.582374]]
weight = 0.363381 mean = [3.8762 3.39307 1.42256] covariance = [[4.08791 -0.229899 0.345933][-0.229899 3.77479 -1.19987][0.345933 -1.19987 6.69916]]
weight = 0.0152998 mean = [6.0304 -0.131762 -0.739578] covariance = [[1.2621 1.23471 0.280469][1.23471 2.44682 -0.230862][0.280469 -0.230862 1.38395]]
]
2025-05-18 15:32:10 INFO  ren0 [octree.h:535] root weight: 1.718e+06 (1717942.500000)
2025-05-18 15:32:10 INFO  ren0 [octree.h:536] splitting threshold: 1.718e+03 (1717.942627)
2025-05-18 15:32:10 INFO  ren0 [octree.h:535] root weight: 2.011e+05 (201052.796875)
2025-05-18 15:32:10 INFO  ren0 [octree.h:536] splitting threshold: 2.011e+02 (201.052811)
2025-05-18 15:32:10 INFO  ren0 [octree.h:551] node count: 771 -> 885 -> 778

2025-05-18 15:32:10 INFO  ren0 [octree.h:551] node count: 453 -> 467 -> 458

2025-05-18 15:32:10 INFO  ren0 [MIFocalGuidingPathTracer] ITERATION 4, until 50.0 seconds
2025-05-18 15:32:31 INFO  ren0 [MIFocalGuidingPathTracer]   91.49 seconds elapsed, passes this iteration: 1, total passes: 11
2025-05-18 15:32:31 INFO  ren0 [MIFocalGuidingPathTracer] Got 69265 non-zero samples
2025-05-18 15:32:31 INFO  ren0 [gaussian_mixture_model.h:808] Processing mega batch of size 69265
2025-05-18 15:32:31 INFO  ren0 [MIFocalGuidingPathTracer] GMM[
weight = 0.0161813 mean = [2.70235 1.25395 -1.30653] covariance = [[1.16055 0.0693693 -0.327294][0.0693693 1.34713 -0.180027][-0.327294 -0.180027 1.45256]]
weight = 0.0220652 mean = [4.3079 1.9976 -1.51546] covariance = [[1.43929 0.0632844 0.290178][0.0632844 1.36763 -0.196379][0.290178 -0.196379 1.00422]]
weight = 0.151361 mean = [2.6256 1.21057 -2.79313] covariance = [[0.34792 0.132051 0.0149535][0.132051 0.356594 0.00726042][0.0149535 0.00726042 0.124375]]
weight = 0.0329977 mean = [-3.24102 4.60432 -1.14149] covariance = [[9.3718 0.633219 1.03958][0.633219 3.71744 0.107497][1.03958 0.107497 2.35068]]
weight = 0.0161813 mean = [3.82523 1.40738 -0.530026] covariance = [[1.16055 0.0693693 -0.327294][0.0693693 1.34713 -0.180027][-0.327294 -0.180027 1.45256]]
weight = 0.0439609 mean = [-2.10838 -0.202279 0.64816] covariance = [[32.2102 -7.54096 1.11314][-7.54096 6.94486 1.07761][1.11314 1.07761 5.72873]]
weight = 0.245381 mean = [-0.150376 2.81856 -2.7508] covariance = [[3.17612 -1.5152 0.230194][-1.5152 1.01066 0.0395808][0.230194 0.0395808 0.313887]]
weight = 0.46147 mean = [4.44701 3.3329 2.2969] covariance = [[3.83899 -0.442178 1.20736][-0.442178 3.69405 -1.03106][1.20736 -1.03106 8.15806]]
weight = 0.0104014 mean = [5.90056 -0.0342026 -0.604833] covariance = [[1.29896 1.17947 0.337307][1.17947 2.73326 -0.487556][0.337307 -0.487556 1.7336]]
]
2025-05-18 15:32:31 INFO  ren0 [octree.h:535] root weight: 1.719e+06 (1719191.625000)
2025-05-18 15:32:31 INFO  ren0 [octree.h:536] splitting threshold: 1.719e+03 (1719.191650)
2025-05-18 15:32:31 INFO  ren0 [octree.h:535] root weight: 2.166e+05 (216608.640625)
2025-05-18 15:32:31 INFO  ren0 [octree.h:536] splitting threshold: 2.166e+02 (216.608658)
2025-05-18 15:32:31 INFO  ren0 [octree.h:551] node count: 778 -> 902 -> 799

2025-05-18 15:32:31 INFO  ren0 [octree.h:551] node count: 458 -> 472 -> 458

2025-05-18 15:32:31 INFO  ren0 [MIFocalGuidingPathTracer] ITERATION 5, until 60.0 seconds
2025-05-18 15:32:54 INFO  ren0 [MIFocalGuidingPathTracer]   114.69 seconds elapsed, passes this iteration: 1, total passes: 12
2025-05-18 15:32:54 INFO  ren0 [MIFocalGuidingPathTracer] Got 125145 non-zero samples
2025-05-18 15:32:54 INFO  ren0 [gaussian_mixture_model.h:808] Processing mega batch of size 125145
2025-05-18 15:32:54 INFO  ren0 [MIFocalGuidingPathTracer] GMM[
weight = 0.0409849 mean = [-6.35205 4.41055 -0.911538] covariance = [[5.5806 -0.119356 0.386045][-0.119356 2.84558 0.459779][0.386045 0.459779 1.92397]]
weight = 0.0140549 mean = [2.91676 0.968609 -0.339285] covariance = [[1.7429 -0.107537 0.0923743][-0.107537 1.42476 -0.211571][0.0923743 -0.211571 1.44379]]
weight = 0.0396337 mean = [-6.78912 2.84329 0.88274] covariance = [[14.4467 -3.7422 0.526801][-3.7422 6.66781 0.486319][0.526801 0.486319 4.30764]]
weight = 0.157539 mean = [2.64847 1.1143 -2.86808] covariance = [[0.151302 0.0359853 0.0208395][0.0359853 0.171593 0.00890049][0.0208395 0.00890049 0.061749]]
weight = 0.0409849 mean = [-3.01676 4.32303 -0.574311] covariance = [[5.5806 -0.119356 0.386045][-0.119356 2.84558 0.459779][0.386045 0.459779 1.92397]]
weight = 0.0140549 mean = [3.93675 1.92601 -1.40419] covariance = [[1.7429 -0.107537 0.0923743][-0.107537 1.42476 -0.211571][0.0923743 -0.211571 1.44379]]
weight = 0.0396337 mean = [-1.54682 0.740523 1.03195] covariance = [[14.4467 -3.7422 0.526801][-3.7422 6.66781 0.486319][0.526801 0.486319 4.30764]]
weight = 0.2246 mean = [-0.550391 3.03596 -2.7888] covariance = [[4.86759 -2.68527 0.232151][-2.68527 1.66865 -0.0348927][0.232151 -0.0348927 0.191544]]
weight = 0.428514 mean = [4.24143 3.11417 1.56995] covariance = [[4.29985 0.000451391 0.591865][0.000451391 4.7926 -0.539339][0.591865 -0.539339 6.77037]]
]
2025-05-18 15:32:54 INFO  ren0 [octree.h:535] root weight: 1.443e+06 (1442812.000000)
2025-05-18 15:32:54 INFO  ren0 [octree.h:536] splitting threshold: 1.443e+03 (1442.812012)
2025-05-18 15:32:54 INFO  ren0 [octree.h:535] root weight: 1.780e+05 (178035.843750)
2025-05-18 15:32:54 INFO  ren0 [octree.h:536] splitting threshold: 1.780e+02 (178.035858)
2025-05-18 15:32:54 INFO  ren0 [octree.h:551] node count: 799 -> 876 -> 804

2025-05-18 15:32:54 INFO  ren0 [octree.h:551] node count: 458 -> 468 -> 458

2025-05-18 15:32:54 INFO  ren0 [MIFocalGuidingPathTracer] ITERATION 6, until 70.0 seconds
2025-05-18 15:33:16 INFO  ren0 [MIFocalGuidingPathTracer]   136.38 seconds elapsed, passes this iteration: 1, total passes: 13
2025-05-18 15:33:16 INFO  ren0 [MIFocalGuidingPathTracer] Got 170716 non-zero samples
2025-05-18 15:33:16 INFO  ren0 [gaussian_mixture_model.h:808] Processing mega batch of size 170716
2025-05-18 15:33:16 INFO  ren0 [MIFocalGuidingPathTracer] GMM[
weight = 0.124081 mean = [-1.80206 3.64081 -2.94133] covariance = [[2.0533 -1.14209 0.0762821][-1.14209 0.709781 -0.0238185][0.0762821 -0.0238185 0.0554448]]
weight = 0.0301642 mean = [-5.75233 4.45084 0.698242] covariance = [[10.3868 -1.65836 -2.13588][-1.65836 7.46406 -0.793271][-2.13588 -0.793271 5.44788]]
weight = 0.415928 mean = [2.5774 1.08931 -2.96986] covariance = [[0.0139796 0.00613524 0.00121863][0.00613524 0.0194286 -0.000830722][0.00121863 -0.000830722 0.00607188]]
weight = 0.124081 mean = [0.217726 2.48606 -2.87289] covariance = [[2.0533 -1.14209 0.0762821][-1.14209 0.709781 -0.0238185][0.0762821 -0.0238185 0.0554448]]
weight = 0.0301642 mean = [-1.37171 2.94959 -0.628599] covariance = [[10.3868 -1.65836 -2.13588][-1.65836 7.46406 -0.793271][-2.13588 -0.793271 5.44788]]
weight = 0.275581 mean = [3.9025 2.89484 0.570881] covariance = [[4.041 -0.251159 0.476974][-0.251159 4.12507 0.20549][0.476974 0.20549 5.60238]]
]
2025-05-18 15:33:16 INFO  ren0 [octree.h:535] root weight: 1.586e+06 (1585707.000000)
2025-05-18 15:33:16 INFO  ren0 [octree.h:536] splitting threshold: 1.586e+03 (1585.707031)
2025-05-18 15:33:16 INFO  ren0 [octree.h:535] root weight: 1.669e+05 (166896.125000)
2025-05-18 15:33:16 INFO  ren0 [octree.h:536] splitting threshold: 1.669e+02 (166.896133)
2025-05-18 15:33:16 INFO  ren0 [octree.h:551] node count: 804 -> 933 -> 826

2025-05-18 15:33:16 INFO  ren0 [octree.h:551] node count: 458 -> 473 -> 463

2025-05-18 15:33:16 INFO  ren0 [MIFocalGuidingPathTracer] ITERATION 7, until 80.0 seconds
2025-05-18 15:33:31 INFO  ren0 [MIFocalGuidingPathTracer]   151.85 seconds elapsed, passes this iteration: 1, total passes: 14
2025-05-18 15:33:31 INFO  ren0 [MIFocalGuidingPathTracer] Got 1717763 non-zero samples
2025-05-18 15:33:31 INFO  ren0 [gaussian_mixture_model.h:808] Processing mega batch of size 1717763
2025-05-18 15:33:33 INFO  ren0 [MIFocalGuidingPathTracer] GMM[
weight = 0.0291741 mean = [-6.72298 -1.11916 1.50219] covariance = [[12.4837 -1.89171 4.38822][-1.89171 4.14399 -2.50681][4.38822 -2.50681 5.38425]]
weight = 0.0361769 mean = [4.68704 4.0483 5.23826] covariance = [[1.30973 0.0764325 0.00249123][0.0764325 1.14555 -0.205691][0.00249123 -0.205691 1.15362]]
weight = 0.0291741 mean = [-1.95955 -2.48033 3.95774] covariance = [[12.4837 -1.89171 4.38822][-1.89171 4.14399 -2.50681][4.38822 -2.50681 5.38425]]
weight = 7.63826e-05 mean = [-12.035 5.19972 2.41989] covariance = [[0.773216 -0.117818 -0.246544][-0.117818 1.75317 0.412108][-0.246544 0.412108 0.697584]]
weight = 0.000127426 mean = [-10.3138 2.02185 2.78231] covariance = [[4.54096 -0.417947 -0.792692][-0.417947 0.754655 -0.673595][-0.792692 -0.673595 3.23557]]
weight = 0.0361769 mean = [4.89384 3.06536 4.31008] covariance = [[1.30973 0.0764325 0.00249123][0.0764325 1.14555 -0.205691][0.00249123 -0.205691 1.15362]]
weight = 7.63826e-05 mean = [-11.7059 3.38515 1.74596] covariance = [[0.773216 -0.117818 -0.246544][-0.117818 1.75317 0.412108][-0.246544 0.412108 0.697584]]
weight = 0.000127426 mean = [-7.46668 1.9484 1.46967] covariance = [[4.54096 -0.417947 -0.792692][-0.417947 0.754655 -0.673595][-0.792692 -0.673595 3.23557]]
weight = 0.86889 mean = [1.76957 2.00467 -1.76231] covariance = [[4.28629 -1.25071 0.0631129][-1.25071 2.43976 0.999509][0.0631129 0.999509 2.78131]]
]
2025-05-18 15:33:33 INFO  ren0 [octree.h:535] root weight: 1.342e+06 (1342426.000000)
2025-05-18 15:33:33 INFO  ren0 [octree.h:536] splitting threshold: 1.342e+03 (1342.426025)
2025-05-18 15:33:33 INFO  ren0 [octree.h:535] root weight: 1.729e+05 (172925.968750)
2025-05-18 15:33:33 INFO  ren0 [octree.h:536] splitting threshold: 1.729e+02 (172.925980)
2025-05-18 15:33:33 INFO  ren0 [octree.h:551] node count: 826 -> 895 -> 799

2025-05-18 15:33:33 INFO  ren0 [octree.h:551] node count: 463 -> 479 -> 469

2025-05-18 15:33:33 INFO  ren0 [MIFocalGuidingPathTracer] ITERATION 8, until 90.0 seconds
2025-05-18 15:33:52 INFO  ren0 [MIFocalGuidingPathTracer]   172.38 seconds elapsed, passes this iteration: 1, total passes: 15
2025-05-18 15:33:52 INFO  ren0 [MIFocalGuidingPathTracer] Got 34109 non-zero samples
2025-05-18 15:33:52 INFO  ren0 [gaussian_mixture_model.h:808] Processing mega batch of size 34109
2025-05-18 15:33:52 INFO  ren0 [MIFocalGuidingPathTracer] GMM[
weight = 0.0488493 mean = [-4.62425 0.732181 0.869289] covariance = [[2.81913 -0.0960965 -0.57886][-0.0960965 1.33866 -0.159124][-0.57886 -0.159124 3.01316]]
weight = 0.0540794 mean = [-3.07066 0.561502 1.69578] covariance = [[11.7137 -1.1311 4.95795][-1.1311 1.36144 -0.504227][4.95795 -0.504227 6.15401]]
weight = 0.000278956 mean = [-14.0286 7.99309 5.6444] covariance = [[3.88749 -1.24774 -1.92684][-1.24774 1.31889 0.312957][-1.92684 0.312957 1.94237]]
weight = 0.000584312 mean = [-8.90168 2.3121 4.74589] covariance = [[8.78575 -1.77169 -1.57161][-1.77169 0.632056 0.333153][-1.57161 0.333153 4.3376]]
weight = 0.0842064 mean = [4.98383 2.26369 4.18152] covariance = [[1.58984 0.0210635 0.432051][0.0210635 1.94201 0.110176][0.432051 0.110176 1.35383]]
weight = 1.43658e-05 mean = [-11.9963 4.39261 2.45882] covariance = [[1.88829 0.0757126 -0.725703][0.0757126 3.26875 2.24799][-0.725703 2.24799 2.79173]]
weight = 0.00127919 mean = [-5.76877 1.73866 1.81477] covariance = [[1.90863 -0.182181 -1.52881][-0.182181 0.584858 -0.232935][-1.52881 -0.232935 4.50424]]
weight = 0.0488493 mean = [-6.2707 1.10046 -0.499134] covariance = [[2.81913 -0.0960965 -0.57886][-0.0960965 1.33866 -0.159124][-0.57886 -0.159124 3.01316]]
weight = 0.761859 mean = [1.62474 2.82515 -1.65248] covariance = [[9.4905 -0.840854 0.902835][-0.840854 3.23727 0.137598][0.902835 0.137598 2.84981]]
]
2025-05-18 15:33:52 INFO  ren0 [octree.h:535] root weight: 1.433e+06 (1433109.375000)
2025-05-18 15:33:52 INFO  ren0 [octree.h:536] splitting threshold: 1.433e+03 (1433.109497)
2025-05-18 15:33:52 INFO  ren0 [octree.h:535] root weight: 1.939e+05 (193867.187500)
2025-05-18 15:33:52 INFO  ren0 [octree.h:536] splitting threshold: 1.939e+02 (193.867203)
2025-05-18 15:33:52 INFO  ren0 [octree.h:551] node count: 799 -> 916 -> 786

2025-05-18 15:33:52 INFO  ren0 [octree.h:551] node count: 469 -> 503 -> 483

2025-05-18 15:33:52 INFO  ren0 [MIFocalGuidingPathTracer] ITERATION 9, until 100.0 seconds
2025-05-18 15:34:10 INFO  ren0 [MIFocalGuidingPathTracer]   190.88 seconds elapsed, passes this iteration: 1, total passes: 16
2025-05-18 15:34:10 INFO  ren0 [pmm_focal_guiding_recursive.cpp:214] starting iterative narrowing
2025-05-18 15:34:10 INFO  ren0 [MIFocalGuidingPathTracer] Got 19526 non-zero samples
2025-05-18 15:34:10 INFO  ren0 [gaussian_mixture_model.h:808] Processing mega batch of size 19526
2025-05-18 15:34:10 INFO  ren0 [MIFocalGuidingPathTracer] GMM[
weight = 0.00169812 mean = [-9.96589 7.06856 3.4942] covariance = [[2.9547 -2.21495 -0.525559][-2.21495 5.89045 -2.48806][-0.525559 -2.48806 3.29932]]
weight = 0.000959027 mean = [-9.33838 1.83739 5.39382] covariance = [[6.35833 0.0789776 -1.32963][0.0789776 0.507564 -0.187761][-1.32963 -0.187761 2.34642]]
weight = 0.0696612 mean = [4.61114 2.63174 3.85234] covariance = [[1.82791 -0.614724 0.556628][-0.614724 3.68854 0.565593][0.556628 0.565593 2.01371]]
weight = 0.000111449 mean = [-10.7617 4.37671 3.02585] covariance = [[14.6256 7.61249 1.71542][7.61249 6.35437 2.82212][1.71542 2.82212 3.09754]]
weight = 0.0945581 mean = [-5.0153 0.93963 1.73166] covariance = [[11.0809 -1.87543 0.951839][-1.87543 3.53599 -0.758568][0.951839 -0.758568 4.19226]]
weight = 0.833012 mean = [2.12149 2.32686 -1.72678] covariance = [[10.0729 -2.30957 1.24852][-2.30957 3.22002 0.604996][1.24852 0.604996 2.71789]]
]
2025-05-18 15:34:10 INFO  ren0 [octree.h:535] root weight: 1.289e+06 (1289387.875000)
2025-05-18 15:34:10 INFO  ren0 [octree.h:536] splitting threshold: 1.289e+03 (1289.387939)
2025-05-18 15:34:10 INFO  ren0 [octree.h:535] root weight: 1.899e+05 (189908.484375)
2025-05-18 15:34:10 INFO  ren0 [octree.h:536] splitting threshold: 1.899e+02 (189.908493)
2025-05-18 15:34:10 INFO  ren0 [octree.h:551] node count: 786 -> 885 -> 788

2025-05-18 15:34:10 INFO  ren0 [octree.h:551] node count: 483 -> 499 -> 465

2025-05-18 15:34:10 INFO  ren0 [MIFocalGuidingPathTracer] ITERATION 10, until 110.0 seconds
2025-05-18 15:34:24 INFO  ren0 [MIFocalGuidingPathTracer]   204.38 seconds elapsed, passes this iteration: 1, total passes: 17
2025-05-18 15:34:24 INFO  ren0 [MIFocalGuidingPathTracer] Got 29438 non-zero samples
2025-05-18 15:34:24 INFO  ren0 [gaussian_mixture_model.h:808] Processing mega batch of size 29438
2025-05-18 15:34:24 INFO  ren0 [MIFocalGuidingPathTracer] GMM[
weight = 2.06723e-05 mean = [-10.413 8.2104 2.93189] covariance = [[2.58624 -1.10556 -1.19363][-1.10556 3.00651 -1.04089][-1.19363 -1.04089 2.74023]]
weight = 1.15711e-05 mean = [-10.5605 1.82307 5.7619] covariance = [[3.26101 0.0132245 -0.413951][0.0132245 0.509131 -0.173436][-0.413951 -0.173436 2.06342]]
weight = 0.00142379 mean = [4.25445 1.87643 3.05321] covariance = [[1.83193 -0.381461 0.659534][-0.381461 1.77438 -0.216629][0.659534 -0.216629 1.81141]]
weight = 2.06723e-05 mean = [-9.40679 5.82002 4.00531] covariance = [[2.58624 -1.10556 -1.19363][-1.10556 3.00651 -1.04089][-1.19363 -1.04089 2.74023]]
weight = 1.15711e-05 mean = [-8.07682 1.8815 4.98019] covariance = [[3.26101 0.0132245 -0.413951][0.0132245 0.509131 -0.173436][-0.413951 -0.173436 2.06342]]
weight = 0.00142379 mean = [4.50746 3.44644 3.87226] covariance = [[1.83193 -0.381461 0.659534][-0.381461 1.77438 -0.216629][0.659534 -0.216629 1.81141]]
weight = 0.997088 mean = [1.58502 1.70297 -2.91858] covariance = [[3.26107 -1.72734 0.043057][-1.72734 1.08688 0.0510795][0.043057 0.0510795 0.162051]]
]
2025-05-18 15:34:24 INFO  ren0 [octree.h:535] root weight: 1.269e+07 (12690174.000000)
2025-05-18 15:34:24 INFO  ren0 [octree.h:536] splitting threshold: 1.269e+04 (12690.174805)
2025-05-18 15:34:24 INFO  ren0 [octree.h:535] root weight: 4.837e+04 (48372.269531)
2025-05-18 15:34:24 INFO  ren0 [octree.h:536] splitting threshold: 4.837e+01 (48.372272)
2025-05-18 15:34:24 INFO  ren0 [octree.h:551] node count: 788 -> 1263 -> 1100

2025-05-18 15:34:24 INFO  ren0 [octree.h:551] node count: 465 -> 465 -> 451

2025-05-18 15:34:24 INFO  ren0 [MIFocalGuidingPathTracer] ITERATION 11, until 120.0 seconds
2025-05-18 15:34:31 INFO  ren0 [MIFocalGuidingPathTracer]   211.32 seconds elapsed, passes this iteration: 1, total passes: 18
2025-05-18 15:34:31 INFO  ren0 [MIFocalGuidingPathTracer] Got 126417 non-zero samples
2025-05-18 15:34:31 INFO  ren0 [gaussian_mixture_model.h:808] Processing mega batch of size 126417
2025-05-18 15:34:31 INFO  ren0 [MIFocalGuidingPathTracer] GMM[
weight = 0.499704 mean = [0.272435 2.45343 -2.96182] covariance = [[2.23996 -1.30416 0.00242543][-1.30416 0.77839 0.00878532][0.00242543 0.00878532 0.0160178]]
weight = 0.000592033 mean = [4.67764 2.86562 0.932067] covariance = [[2.63514 0.759651 -0.478398][0.759651 2.51914 -0.262081][-0.478398 -0.262081 7.1484]]
weight = 0.499704 mean = [2.38729 1.21424 -2.96374] covariance = [[2.23996 -1.30416 0.00242543][-1.30416 0.77839 0.00878532][0.00242543 0.00878532 0.0160178]]
]
2025-05-18 15:34:31 INFO  ren0 [octree.h:535] root weight: 2.052e+07 (20517398.000000)
2025-05-18 15:34:31 INFO  ren0 [octree.h:536] splitting threshold: 2.052e+04 (20517.398438)
2025-05-18 15:34:31 INFO  ren0 [octree.h:535] root weight: 1.061e+04 (10607.220703)
2025-05-18 15:34:31 INFO  ren0 [octree.h:536] splitting threshold: 1.061e+01 (10.607222)
2025-05-18 15:34:31 INFO  ren0 [octree.h:551] node count: 1100 -> 1392 -> 1072

2025-05-18 15:34:31 INFO  ren0 [octree.h:551] node count: 451 -> 451 -> 450

2025-05-18 15:34:31 INFO  ren0 [MIFocalGuidingPathTracer] ITERATION 12, until 130.0 seconds
2025-05-18 15:34:35 INFO  ren0 [MIFocalGuidingPathTracer]   215.09 seconds elapsed, passes this iteration: 1, total passes: 19
2025-05-18 15:34:35 INFO  ren0 [MIFocalGuidingPathTracer] Got 554306 non-zero samples
2025-05-18 15:34:35 INFO  ren0 [gaussian_mixture_model.h:808] Processing mega batch of size 554306
2025-05-18 15:34:35 INFO  ren0 [MIFocalGuidingPathTracer] GMM[
weight = 0.0729596 mean = [-3.35656 4.5972 -2.95672] covariance = [[0.6818 -0.420589 -0.000938429][-0.420589 0.259889 0.000649629][-0.000938429 0.000649629 2.41836e-05]]
weight = 0.0729596 mean = [-2.1889 3.87657 -2.95838] covariance = [[0.6818 -0.420589 -0.000938429][-0.420589 0.259889 0.000649629][-0.000938429 0.000649629 2.41836e-05]]
weight = 0.110704 mean = [-0.863344 3.10253 -2.95431] covariance = [[2.05122 -1.19628 0.00187849][-1.19628 0.698145 -0.00113189][0.00187849 -0.00113189 0.00013029]]
weight = 0.000219048 mean = [-1.77106 3.27935 -2.47464] covariance = [[3.62716 -0.614196 0.551171][-0.614196 1.28404 -0.0376242][0.551171 -0.0376242 1.80348]]
weight = 0.110704 mean = [1.16206 1.9211 -2.95244] covariance = [[2.05122 -1.19628 0.00187849][-1.19628 0.698145 -0.00113189][0.00187849 -0.00113189 0.00013029]]
weight = 0.01258 mean = [-2.41149 4.00517 -2.9594] covariance = [[0.0017775 -0.00103973 -1.07324e-06][-0.00103973 0.000667372 1.27494e-05][-1.07324e-06 1.27494e-05 1.3693e-05]]
weight = 0.000219048 mean = [0.866874 2.6544 -1.77612] covariance = [[3.62716 -0.614196 0.551171][-0.614196 1.28404 -0.0376242][0.551171 -0.0376242 1.80348]]
