2025-03-23 22:12:50 INFO  main [mitsuba.cpp:274] Mitsuba version 0.6.0 (Linux, 64 bit), Copyright (c) 2017 Wenzel Jakob
2025-03-23 22:12:50 INFO  main [mitsuba.cpp:377] Parsing scene description from "../../scenes/modern-hall/modern-hall.xml" ..
2025-03-23 22:12:50 INFO  main [scenehandler.cpp:675] In file "/home/julia/PBRT/PMM_focal_guiding/mitsuba/dist/../../scenes/modern-hall/modern-hall.xml" (near line 20): Parsing included file "pmm_focal_guiding.xml" ..
2025-03-23 22:12:50 INFO  main [PluginManager] Loading plugin "plugins/pmm_focal_guiding.so" ..
2025-03-23 22:12:50 INFO  main [octree.h:482] root weight: 8.000e-20 (0.000000)
2025-03-23 22:12:50 INFO  main [octree.h:483] splitting threshold: 8.000e-23 (0.000000)
2025-03-23 22:12:50 INFO  main [octree.h:498] node count: 1 -> 585 -> 585

2025-03-23 22:12:50 INFO  main [octree.h:482] root weight: 8.000e-20 (0.000000)
2025-03-23 22:12:50 INFO  main [octree.h:483] splitting threshold: 8.000e-23 (0.000000)
2025-03-23 22:12:50 INFO  main [octree.h:498] node count: 1 -> 585 -> 585

2025-03-23 22:12:50 INFO  main [PMMFocalGuidingIntegrator] Saving to: 
2025-03-23 22:12:50 INFO  main [PMMFocalGuidingIntegrator] GMM params: alpha = 0.250000, split_th = 4.000000, merge_th = 0.500000, min_num_comp = 3, max_num_comp = 10, use_k_means = 0
2025-03-23 22:12:50 INFO  main [PMMFocalGuidingIntegrator] iterationCount: 8
2025-03-23 22:12:50 INFO  main [PMMFocalGuidingIntegrator] PMMFocalGuidingIntegrator
  maxDepth = 40,
  rrDepth = 14,
  strictNormals = 1
  gmm = GMM[
]
]
2025-03-23 22:12:50 WARN  main [scenehandler.cpp:795] In file "/home/julia/PBRT/PMM_focal_guiding/mitsuba/dist/../../scenes/modern-hall/../_integrators/pmm_focal_guiding.xml" (near line 49): Unqueried attribute "budget" in element "integrator"
2025-03-23 22:12:50 WARN  main [scenehandler.cpp:795] In file "/home/julia/PBRT/PMM_focal_guiding/mitsuba/dist/../../scenes/modern-hall/../_integrators/pmm_focal_guiding.xml" (near line 49): Unqueried attribute "dumpPrimaryRays" in element "integrator"
2025-03-23 22:12:50 WARN  main [scenehandler.cpp:795] In file "/home/julia/PBRT/PMM_focal_guiding/mitsuba/dist/../../scenes/modern-hall/../_integrators/pmm_focal_guiding.xml" (near line 49): Unqueried attribute "dumpScene" in element "integrator"
2025-03-23 22:12:50 WARN  main [scenehandler.cpp:795] In file "/home/julia/PBRT/PMM_focal_guiding/mitsuba/dist/../../scenes/modern-hall/../_integrators/pmm_focal_guiding.xml" (near line 49): Unqueried attribute "normalBinning" in element "integrator"
2025-03-23 22:12:50 WARN  main [scenehandler.cpp:795] In file "/home/julia/PBRT/PMM_focal_guiding/mitsuba/dist/../../scenes/modern-hall/../_integrators/pmm_focal_guiding.xml" (near line 49): Unqueried attribute "samplingMode" in element "integrator"
2025-03-23 22:12:50 WARN  main [scenehandler.cpp:795] In file "/home/julia/PBRT/PMM_focal_guiding/mitsuba/dist/../../scenes/modern-hall/../_integrators/pmm_focal_guiding.xml" (near line 49): Unqueried attribute "unboundedSplatting" in element "integrator"
2025-03-23 22:12:50 INFO  main [PluginManager] Loading plugin "plugins/independent.so" ..
2025-03-23 22:12:50 INFO  main [PluginManager] Loading plugin "plugins/box.so" ..
2025-03-23 22:12:50 INFO  main [PluginManager] Loading plugin "plugins/hdrfilm.so" ..
2025-03-23 22:12:50 INFO  main [PluginManager] Loading plugin "plugins/perspective.so" ..
2025-03-23 22:12:50 INFO  main [PluginManager] Loading plugin "plugins/dielectric.so" ..
2025-03-23 22:12:50 INFO  main [PluginManager] Loading plugin "plugins/bitmap.so" ..
2025-03-23 22:12:50 INFO  main [BitmapTexture] Loading texture "wood5.jpg"
2025-03-23 22:12:50 INFO  main [MIPMap] Mapped MIP map cache file "/home/julia/PBRT/PMM_focal_guiding/mitsuba/dist/../../scenes/modern-hall/textures/wood5.mip" into memory (14.7 MiB).
2025-03-23 22:12:50 INFO  main [PluginManager] Loading plugin "plugins/roughplastic.so" ..
2025-03-23 22:12:50 INFO  main [PluginManager] Loading plugin "plugins/twosided.so" ..
2025-03-23 22:12:50 INFO  main [BitmapTexture] Loading texture "Tiles.jpg"
2025-03-23 22:12:51 INFO  main [PluginManager] Loading plugin "plugins/lanczos.so" ..
2025-03-23 22:12:51 INFO  main [PluginManager] Loading plugin "plugins/diffuse.so" ..
2025-03-23 22:12:51 INFO  main [BitmapTexture] Loading texture "Wallpaper.jpg"
2025-03-23 22:12:51 INFO  main [PluginManager] Loading plugin "plugins/roughconductor.so" ..
2025-03-23 22:12:51 INFO  main [spectrum.cpp:599] "Cu.eta.spd": loaded a spectral power distribution with 55 entries (between 302.400421 and 885.601257 nm)
2025-03-23 22:12:51 INFO  main [spectrum.cpp:599] "Cu.k.spd": loaded a spectral power distribution with 55 entries (between 302.400421 and 885.601257 nm)
2025-03-23 22:12:51 INFO  main [spectrum.cpp:599] "Cu.eta.spd": loaded a spectral power distribution with 55 entries (between 302.400421 and 885.601257 nm)
2025-03-23 22:12:51 INFO  main [spectrum.cpp:599] "Cu.k.spd": loaded a spectral power distribution with 55 entries (between 302.400421 and 885.601257 nm)
2025-03-23 22:12:51 INFO  main [PluginManager] Loading plugin "plugins/difftrans.so" ..
2025-03-23 22:12:51 INFO  main [PluginManager] Loading plugin "plugins/area.so" ..
2025-03-23 22:12:51 INFO  main [PluginManager] Loading plugin "plugins/rectangle.so" ..
2025-03-23 22:12:51 INFO  main [PluginManager] Loading plugin "plugins/cube.so" ..
2025-03-23 22:12:51 INFO  main [PluginManager] Loading plugin "plugins/obj.so" ..
2025-03-23 22:12:51 INFO  main [WavefrontOBJ] Loading geometry from "Mesh008.obj" ..
2025-03-23 22:12:51 INFO  main [WavefrontOBJ] Mesh008: 5184 triangles, 2664 vertices (merged 12888 vertices).
2025-03-23 22:12:51 INFO  main [WavefrontOBJ] Done with "Mesh008.obj" (took 30 ms)
2025-03-23 22:12:51 INFO  main [WavefrontOBJ] Loading geometry from "Mesh004.obj" ..
2025-03-23 22:12:51 INFO  main [WavefrontOBJ] Mesh004: 5184 triangles, 2664 vertices (merged 12888 vertices).
2025-03-23 22:12:51 INFO  main [WavefrontOBJ] Done with "Mesh004.obj" (took 28 ms)
2025-03-23 22:12:51 INFO  main [WavefrontOBJ] Loading geometry from "Mesh003.obj" ..
2025-03-23 22:12:51 INFO  main [WavefrontOBJ] Mesh003: 5184 triangles, 2664 vertices (merged 12888 vertices).
2025-03-23 22:12:51 INFO  main [WavefrontOBJ] Done with "Mesh003.obj" (took 30 ms)
2025-03-23 22:12:51 INFO  main [WavefrontOBJ] Loading geometry from "Mesh006.obj" ..
2025-03-23 22:12:51 INFO  main [WavefrontOBJ] Mesh006: 5184 triangles, 2664 vertices (merged 12888 vertices).
2025-03-23 22:12:51 INFO  main [WavefrontOBJ] Done with "Mesh006.obj" (took 32 ms)
2025-03-23 22:12:51 INFO  main [WavefrontOBJ] Loading geometry from "Mesh012.obj" ..
2025-03-23 22:12:51 INFO  main [WavefrontOBJ] Mesh012: 444 triangles, 882 vertices (merged 450 vertices).
2025-03-23 22:12:51 INFO  main [WavefrontOBJ] Done with "Mesh012.obj" (took 5 ms)
2025-03-23 22:12:51 INFO  main [WavefrontOBJ] Loading geometry from "Mesh013.obj" ..
2025-03-23 22:12:51 INFO  main [WavefrontOBJ] Mesh013: 5184 triangles, 2664 vertices (merged 12888 vertices).
2025-03-23 22:12:51 INFO  main [WavefrontOBJ] Done with "Mesh013.obj" (took 32 ms)
2025-03-23 22:12:51 INFO  main [WavefrontOBJ] Loading geometry from "Mesh010.obj" ..
2025-03-23 22:12:51 INFO  main [WavefrontOBJ] Mesh010: 32 triangles, 60 vertices (merged 36 vertices).
2025-03-23 22:12:51 INFO  main [WavefrontOBJ] Done with "Mesh010.obj" (took 0 ms)
2025-03-23 22:12:51 INFO  main [WavefrontOBJ] Loading geometry from "Mesh015.obj" ..
2025-03-23 22:12:51 INFO  main [WavefrontOBJ] Mesh015: 32 triangles, 60 vertices (merged 36 vertices).
2025-03-23 22:12:51 INFO  main [WavefrontOBJ] Done with "Mesh015.obj" (took 0 ms)
2025-03-23 22:12:51 INFO  main [WavefrontOBJ] Loading geometry from "Mesh002.obj" ..
2025-03-23 22:12:51 INFO  main [WavefrontOBJ] Mesh002: 32 triangles, 60 vertices (merged 36 vertices).
2025-03-23 22:12:51 INFO  main [WavefrontOBJ] Done with "Mesh002.obj" (took 0 ms)
2025-03-23 22:12:51 INFO  main [WavefrontOBJ] Loading geometry from "Mesh007.obj" ..
2025-03-23 22:12:51 INFO  main [WavefrontOBJ] Mesh007: 32 triangles, 60 vertices (merged 36 vertices).
2025-03-23 22:12:51 INFO  main [WavefrontOBJ] Done with "Mesh007.obj" (took 0 ms)
2025-03-23 22:12:51 INFO  main [WavefrontOBJ] Loading geometry from "Mesh005.obj" ..
2025-03-23 22:12:51 INFO  main [WavefrontOBJ] Mesh005: 12 triangles, 20 vertices (merged 16 vertices).
2025-03-23 22:12:51 INFO  main [WavefrontOBJ] Done with "Mesh005.obj" (took 0 ms)
2025-03-23 22:12:51 INFO  main [WavefrontOBJ] Loading geometry from "Mesh016.obj" ..
2025-03-23 22:12:51 INFO  main [WavefrontOBJ] Mesh016: 120 triangles, 204 vertices (merged 156 vertices).
2025-03-23 22:12:51 INFO  main [WavefrontOBJ] Done with "Mesh016.obj" (took 1 ms)
2025-03-23 22:12:51 INFO  main [WavefrontOBJ] Loading geometry from "Mesh017.obj" ..
2025-03-23 22:12:51 INFO  main [WavefrontOBJ] Mesh017: 20 triangles, 40 vertices (merged 20 vertices).
2025-03-23 22:12:51 INFO  main [WavefrontOBJ] Done with "Mesh017.obj" (took 0 ms)
2025-03-23 22:12:51 INFO  main [WavefrontOBJ] Loading geometry from "Mesh018.obj" ..
2025-03-23 22:12:51 INFO  main [WavefrontOBJ] Mesh018: 2 triangles, 4 vertices (merged 2 vertices).
2025-03-23 22:12:51 INFO  main [WavefrontOBJ] Done with "Mesh018.obj" (took 0 ms)
2025-03-23 22:12:51 INFO  main [WavefrontOBJ] Loading geometry from "Mesh011.obj" ..
2025-03-23 22:12:51 INFO  main [WavefrontOBJ] Mesh011: 32 triangles, 30 vertices (merged 66 vertices).
2025-03-23 22:12:51 INFO  main [WavefrontOBJ] Done with "Mesh011.obj" (took 0 ms)
2025-03-23 22:12:51 INFO  main [PluginManager] Loading plugin "plugins/homogeneous.so" ..
2025-03-23 22:12:51 INFO  main [PluginManager] Loading plugin "plugins/isotropic.so" ..
2025-03-23 22:12:51 INFO  main [WavefrontOBJ] Loading geometry from "Mesh014.obj" ..
2025-03-23 22:12:51 INFO  main [WavefrontOBJ] Mesh014: 36 triangles, 72 vertices (merged 36 vertices).
2025-03-23 22:12:51 INFO  main [WavefrontOBJ] Done with "Mesh014.obj" (took 0 ms)
2025-03-23 22:12:51 INFO  main [WavefrontOBJ] Loading geometry from "Mesh001.obj" ..
2025-03-23 22:12:51 INFO  main [WavefrontOBJ] Mesh001: 924 triangles, 2016 vertices (merged 756 vertices).
2025-03-23 22:12:51 INFO  main [WavefrontOBJ] Done with "Mesh001.obj" (took 14 ms)
2025-03-23 22:12:51 INFO  main [WavefrontOBJ] Loading geometry from "Mesh000.obj" ..
2025-03-23 22:12:51 INFO  main [WavefrontOBJ] Mesh000: 3127 triangles, 2075 vertices (merged 7306 vertices).
2025-03-23 22:12:51 INFO  main [WavefrontOBJ] Done with "Mesh000.obj" (took 25 ms)
2025-03-23 22:12:51 INFO  main [WavefrontOBJ] Loading geometry from "Mesh009.obj" ..
2025-03-23 22:12:51 INFO  main [WavefrontOBJ] Mesh009: 146 triangles, 110 vertices (merged 328 vertices).
2025-03-23 22:12:51 INFO  main [WavefrontOBJ] Done with "Mesh009.obj" (took 1 ms)
2025-03-23 22:12:51 INFO  ren0 [KDTreeBase] Constructing a SAH kd-tree (30963 primitives) ..
2025-03-23 22:12:51 INFO  ren0 [KDTreeBase] Finished -- took 382 ms.
2025-03-23 22:12:51 INFO  ren0 [PMMFocalGuidingIntegrator] Starting preprocess
2025-03-23 22:12:51 INFO  ren0 [octree.h:482] root weight: 8.000e-20 (0.000000)
2025-03-23 22:12:51 INFO  ren0 [octree.h:483] splitting threshold: 8.000e-23 (0.000000)
2025-03-23 22:12:51 INFO  ren0 [octree.h:498] node count: 1 -> 585 -> 585

2025-03-23 22:12:51 INFO  ren0 [octree.h:482] root weight: 4.096e-17 (0.000000)
2025-03-23 22:12:51 INFO  ren0 [octree.h:483] splitting threshold: 4.096e-20 (0.000000)
2025-03-23 22:12:51 INFO  ren0 [octree.h:498] node count: 585 -> 585 -> 585

2025-03-23 22:12:51 INFO  ren0 [octree.h:482] root weight: 8.000e-20 (0.000000)
2025-03-23 22:12:51 INFO  ren0 [octree.h:483] splitting threshold: 8.000e-23 (0.000000)
2025-03-23 22:12:51 INFO  ren0 [octree.h:498] node count: 1 -> 585 -> 585

2025-03-23 22:12:51 INFO  ren0 [octree.h:482] root weight: 4.096e-17 (0.000000)
2025-03-23 22:12:51 INFO  ren0 [octree.h:483] splitting threshold: 4.096e-20 (0.000000)
2025-03-23 22:12:51 INFO  ren0 [octree.h:498] node count: 585 -> 585 -> 585

2025-03-23 22:12:51 INFO  ren0 [PMMFocalGuidingIntegrator] Octree[
AABB: AABB3[min=[-21.7494, -3.70393, -3.09172], max=[7.19249, 11.2965, 6.96201]]
Nodes count: 585
]
2025-03-23 22:12:51 INFO  ren0 [PMMFocalGuidingIntegrator] Octree[
AABB: AABB3[min=[-21.7494, -3.70393, -3.09172], max=[7.19249, 11.2965, 6.96201]]
Nodes count: 585
]
2025-03-23 22:12:51 INFO  ren0 [PMMFocalGuidingIntegrator] GMM[
]
2025-03-23 22:12:51 INFO  ren0 [PMMFocalGuidingIntegrator] Starting training... (8) iterations
2025-03-23 22:12:51 INFO  ren0 [PMMFocalGuidingIntegrator] Rendering 0 iteration
2025-03-23 22:12:51 INFO  ren0 [SamplingIntegrator] Starting render job (1280x720, 4 samples, 8 cores, SSE2 enabled) ..
2025-03-23 22:13:41 INFO  ren0 [PMMFocalGuidingIntegrator] iteration render time: 49.6560s
2025-03-23 22:13:41 INFO  ren0 [PMMFocalGuidingIntegrator] Got 53251 non-zero samples and 0 zero samples
2025-03-23 22:13:41 INFO  ren0 [gaussian_mixture_model.h:518] Start processing batch
2025-03-23 22:13:41 INFO  ren0 [gaussian_mixture_model.h:386] Starting initialization using random value from the first batch
2025-03-23 22:13:41 INFO  ren0 [gaussian_mixture_model.h:399] Initialized using random value from the first batch
2025-03-23 22:13:42 INFO  ren0 [gaussian_mixture_model.h:545] Finish E step
2025-03-23 22:13:44 INFO  ren0 [gaussian_mixture_model.h:194] components before the merge: 10
2025-03-23 22:13:44 INFO  ren0 [gaussian_mixture_model.h:213] components after the merge: 8, merged 2 component
2025-03-23 22:13:44 INFO  ren0 [gaussian_mixture_model.h:231] components after the split: 10, split 2 components
2025-03-23 22:13:44 INFO  ren0 [gaussian_mixture_model.h:557] Finish M step
2025-03-23 22:13:44 INFO  ren0 [octree.h:482] root weight: 1.029e+08 (102869280.000000)
2025-03-23 22:13:44 INFO  ren0 [octree.h:483] splitting threshold: 1.029e+05 (102869.281250)
2025-03-23 22:13:44 INFO  ren0 [octree.h:482] root weight: 1.285e+08 (128518632.000000)
2025-03-23 22:13:44 INFO  ren0 [octree.h:483] splitting threshold: 1.285e+05 (128518.640625)
2025-03-23 22:13:44 INFO  ren0 [octree.h:498] node count: 585 -> 706 -> 534

2025-03-23 22:13:44 INFO  ren0 [octree.h:498] node count: 585 -> 638 -> 382

2025-03-23 22:13:44 INFO  ren0 [PMMFocalGuidingIntegrator] diverge probability: 0.555

2025-03-23 22:13:44 INFO  ren0 [PMMFocalGuidingIntegrator] iteration postprocessing time: 3.4412s
2025-03-23 22:13:44 INFO  ren0 [PMMFocalGuidingIntegrator] GMM[
weight = 0.0959393 mean = [-10.252 2.67718 0.815072] covariance = [[11.8229 -3.99796 -3.08821][-3.99796 17.1959 1.47522][-3.08821 1.47522 7.65061]]
weight = 0.268204 mean = [-1.61557 2.10009 0.0329228] covariance = [[6.39554 3.09437 1.81497][3.09437 6.2877 -0.870557][1.81497 -0.870557 6.88189]]
weight = 0.0114641 mean = [5.13888 -2.6573 1.06118] covariance = [[3.31272 -0.507875 -1.48263][-0.507875 1.76526 0.139669][-1.48263 0.139669 2.55988]]
weight = 0.0114641 mean = [2.77288 -2.13587 2.8592] covariance = [[3.31272 -0.507875 -1.48263][-0.507875 1.76526 0.139669][-1.48263 0.139669 2.55988]]
weight = 0.200683 mean = [3.84039 3.33089 2.35856] covariance = [[2.95996 1.28018 1.13357][1.28018 5.11583 0.666038][1.13357 0.666038 4.78849]]
weight = 0.0878892 mean = [-4.12945 6.85129 1.42458] covariance = [[4.76656 1.70672 0.979544][1.70672 5.99655 -0.398674][0.979544 -0.398674 11.9095]]
weight = 0.048142 mean = [4.62107 3.42887 -1.55605] covariance = [[2.8773 0.102314 0.326753][0.102314 2.78982 0.164053][0.326753 0.164053 0.876683]]
weight = 0.0706239 mean = [5.65062 0.441493 4.20084] covariance = [[3.48753 -0.826353 -1.97598][-0.826353 2.93838 1.01573][-1.97598 1.01573 4.33996]]
weight = 0.048142 mean = [3.3925 5.41256 -1.59721] covariance = [[2.8773 0.102314 0.326753][0.102314 2.78982 0.164053][0.326753 0.164053 0.876683]]
weight = 0.157449 mean = [2.63092 0.186897 -1.70181] covariance = [[4.3573 -0.45024 -0.105094][-0.45024 2.90673 -0.425288][-0.105094 -0.425288 1.36558]]
]
2025-03-23 22:13:44 INFO  ren0 [PMMFocalGuidingIntegrator] Octree[
AABB: AABB3[min=[-21.7494, -3.70393, -3.09172], max=[7.19249, 11.2965, 6.96201]]
Nodes count: 534
]
2025-03-23 22:13:44 INFO  ren0 [PMMFocalGuidingIntegrator] Octree[
AABB: AABB3[min=[-21.7494, -3.70393, -3.09172], max=[7.19249, 11.2965, 6.96201]]
Nodes count: 382
]
2025-03-23 22:13:44 INFO  ren0 [PMMFocalGuidingIntegrator] Rendering 1 iteration
2025-03-23 22:13:44 INFO  ren0 [SamplingIntegrator] Starting render job (1280x720, 4 samples, 8 cores, SSE2 enabled) ..
2025-03-23 22:14:46 INFO  ren0 [PMMFocalGuidingIntegrator] iteration render time: 1.0233m
2025-03-23 22:14:46 INFO  ren0 [PMMFocalGuidingIntegrator] Got 68428 non-zero samples and 0 zero samples
2025-03-23 22:14:46 INFO  ren0 [gaussian_mixture_model.h:518] Start processing batch
2025-03-23 22:14:47 INFO  ren0 [gaussian_mixture_model.h:545] Finish E step
2025-03-23 22:14:49 INFO  ren0 [gaussian_mixture_model.h:194] components before the merge: 10
2025-03-23 22:14:49 INFO  ren0 [gaussian_mixture_model.h:213] components after the merge: 6, merged 4 component
2025-03-23 22:14:49 INFO  ren0 [gaussian_mixture_model.h:231] components after the split: 8, split 2 components
2025-03-23 22:14:49 INFO  ren0 [gaussian_mixture_model.h:557] Finish M step
2025-03-23 22:14:49 INFO  ren0 [octree.h:482] root weight: 8.170e+07 (81703456.000000)
2025-03-23 22:14:49 INFO  ren0 [octree.h:483] splitting threshold: 8.170e+04 (81703.460938)
2025-03-23 22:14:49 INFO  ren0 [octree.h:482] root weight: 9.646e+07 (96455096.000000)
2025-03-23 22:14:49 INFO  ren0 [octree.h:483] splitting threshold: 9.646e+04 (96455.101562)
2025-03-23 22:14:49 INFO  ren0 [octree.h:498] node count: 534 -> 552 -> 538

2025-03-23 22:14:49 INFO  ren0 [octree.h:498] node count: 382 -> 399 -> 389

2025-03-23 22:14:49 INFO  ren0 [PMMFocalGuidingIntegrator] diverge probability: 0.541

2025-03-23 22:14:49 INFO  ren0 [PMMFocalGuidingIntegrator] iteration postprocessing time: 3.3549s
2025-03-23 22:14:49 INFO  ren0 [PMMFocalGuidingIntegrator] GMM[
weight = 0.0856338 mean = [-9.90094 2.81409 0.907097] covariance = [[12.9881 -1.54391 -1.75592][-1.54391 14.869 -0.615407][-1.75592 -0.615407 6.69098]]
weight = 0.261373 mean = [-1.48357 2.26782 0.149407] covariance = [[5.88122 2.50032 0.70171][2.50032 6.54681 -1.55452][0.70171 -1.55452 5.64231]]
weight = 0.0108036 mean = [2.27578 -2.03929 3.25324] covariance = [[2.57821 -0.194286 -0.901957][-0.194286 1.46124 -0.106929][-0.901957 -0.106929 2.21155]]
weight = 0.0108036 mean = [4.27695 -2.15541 1.63463] covariance = [[2.57821 -0.194286 -0.901957][-0.194286 1.46124 -0.106929][-0.901957 -0.106929 2.21155]]
weight = 0.139373 mean = [2.42353 0.592601 -1.7059] covariance = [[3.93381 -0.423133 0.308955][-0.423133 3.02708 -0.128862][0.308955 -0.128862 1.11036]]
weight = 0.0928448 mean = [-4.07652 6.72442 1.10504] covariance = [[5.68824 2.13716 0.810728][2.13716 5.97569 0.232877][0.810728 0.232877 8.43687]]
weight = 0.259796 mean = [4.27655 2.44245 2.5904] covariance = [[3.27889 0.0633407 1.51697][0.0633407 5.57801 -0.126161][1.51697 -0.126161 5.38627]]
weight = 0.139373 mean = [3.30274 2.81691 -1.71447] covariance = [[3.93381 -0.423133 0.308955][-0.423133 3.02708 -0.128862][0.308955 -0.128862 1.11036]]
]
2025-03-23 22:14:49 INFO  ren0 [PMMFocalGuidingIntegrator] Octree[
AABB: AABB3[min=[-21.7494, -3.70393, -3.09172], max=[7.19249, 11.2965, 6.96201]]
Nodes count: 538
]
2025-03-23 22:14:49 INFO  ren0 [PMMFocalGuidingIntegrator] Octree[
AABB: AABB3[min=[-21.7494, -3.70393, -3.09172], max=[7.19249, 11.2965, 6.96201]]
Nodes count: 389
]
2025-03-23 22:14:49 INFO  ren0 [PMMFocalGuidingIntegrator] Rendering 2 iteration
2025-03-23 22:14:49 INFO  ren0 [SamplingIntegrator] Starting render job (1280x720, 4 samples, 8 cores, SSE2 enabled) ..
2025-03-23 22:15:48 INFO  ren0 [PMMFocalGuidingIntegrator] iteration render time: 58.9997s
2025-03-23 22:15:48 INFO  ren0 [PMMFocalGuidingIntegrator] Got 85582 non-zero samples and 0 zero samples
2025-03-23 22:15:48 INFO  ren0 [gaussian_mixture_model.h:518] Start processing batch
2025-03-23 22:15:50 INFO  ren0 [gaussian_mixture_model.h:545] Finish E step
2025-03-23 22:15:51 INFO  ren0 [gaussian_mixture_model.h:194] components before the merge: 8
2025-03-23 22:15:51 INFO  ren0 [gaussian_mixture_model.h:213] components after the merge: 5, merged 3 component
2025-03-23 22:15:51 INFO  ren0 [gaussian_mixture_model.h:231] components after the split: 7, split 2 components
2025-03-23 22:15:51 INFO  ren0 [gaussian_mixture_model.h:557] Finish M step
2025-03-23 22:15:51 INFO  ren0 [octree.h:482] root weight: 8.170e+07 (81695056.000000)
2025-03-23 22:15:51 INFO  ren0 [octree.h:483] splitting threshold: 8.170e+04 (81695.062500)
2025-03-23 22:15:51 INFO  ren0 [octree.h:482] root weight: 8.236e+07 (82362632.000000)
2025-03-23 22:15:51 INFO  ren0 [octree.h:483] splitting threshold: 8.236e+04 (82362.632812)
2025-03-23 22:15:51 INFO  ren0 [octree.h:498] node count: 538 -> 563 -> 535

2025-03-23 22:15:51 INFO  ren0 [octree.h:498] node count: 389 -> 400 -> 379

2025-03-23 22:15:51 INFO  ren0 [PMMFocalGuidingIntegrator] diverge probability: 0.502

2025-03-23 22:15:51 INFO  ren0 [PMMFocalGuidingIntegrator] iteration postprocessing time: 3.2723s
2025-03-23 22:15:51 INFO  ren0 [PMMFocalGuidingIntegrator] GMM[
weight = 0.0101938 mean = [2.21023 -2.05396 3.31832] covariance = [[2.4309 -0.10669 -0.593239][-0.10669 1.25153 -0.140106][-0.593239 -0.140106 2.19952]]
weight = 0.252058 mean = [-1.44624 2.34991 0.139053] covariance = [[6.05729 2.44806 0.43005][2.44806 6.98454 -1.8213][0.43005 -1.8213 5.25313]]
weight = 0.153601 mean = [3.69151 1.74191 -1.66751] covariance = [[2.04786 -0.111424 0.14849][-0.111424 3.43353 -0.0740765][0.14849 -0.0740765 1.02296]]
weight = 0.0101938 mean = [4.07437 -2.04404 1.78073] covariance = [[2.4309 -0.10669 -0.593239][-0.10669 1.25153 -0.140106][-0.593239 -0.140106 2.19952]]
weight = 0.166667 mean = [-6.6421 4.87341 0.940459] covariance = [[17.9358 6.00197 -0.207261][6.00197 13.5752 -0.131932][-0.207261 -0.131932 7.23322]]
weight = 0.253684 mean = [4.32153 2.43945 2.48298] covariance = [[3.11148 0.0800328 1.51312][0.0800328 5.74043 -0.211797][1.51312 -0.211797 5.42255]]
weight = 0.153601 mean = [1.68901 1.56486 -1.94202] covariance = [[2.04786 -0.111424 0.14849][-0.111424 3.43353 -0.0740765][0.14849 -0.0740765 1.02296]]
]
2025-03-23 22:15:51 INFO  ren0 [PMMFocalGuidingIntegrator] Octree[
AABB: AABB3[min=[-21.7494, -3.70393, -3.09172], max=[7.19249, 11.2965, 6.96201]]
Nodes count: 535
]
2025-03-23 22:15:51 INFO  ren0 [PMMFocalGuidingIntegrator] Octree[
AABB: AABB3[min=[-21.7494, -3.70393, -3.09172], max=[7.19249, 11.2965, 6.96201]]
Nodes count: 379
]
2025-03-23 22:15:51 INFO  ren0 [PMMFocalGuidingIntegrator] Rendering 3 iteration
2025-03-23 22:15:51 INFO  ren0 [SamplingIntegrator] Starting render job (1280x720, 4 samples, 8 cores, SSE2 enabled) ..
2025-03-23 22:17:03 INFO  ren0 [PMMFocalGuidingIntegrator] iteration render time: 1.1998m
2025-03-23 22:17:04 INFO  ren0 [PMMFocalGuidingIntegrator] Got 105292 non-zero samples and 0 zero samples
2025-03-23 22:17:04 INFO  ren0 [gaussian_mixture_model.h:518] Start processing batch
2025-03-23 22:17:05 INFO  ren0 [gaussian_mixture_model.h:545] Finish E step
2025-03-23 22:17:07 INFO  ren0 [gaussian_mixture_model.h:194] components before the merge: 7
2025-03-23 22:17:07 INFO  ren0 [gaussian_mixture_model.h:213] components after the merge: 4, merged 3 component
2025-03-23 22:17:07 INFO  ren0 [gaussian_mixture_model.h:231] components after the split: 5, split 1 components
2025-03-23 22:17:07 INFO  ren0 [gaussian_mixture_model.h:557] Finish M step
2025-03-23 22:17:07 INFO  ren0 [octree.h:482] root weight: 8.407e+07 (84067568.000000)
2025-03-23 22:17:07 INFO  ren0 [octree.h:483] splitting threshold: 8.407e+04 (84067.570312)
2025-03-23 22:17:07 INFO  ren0 [octree.h:482] root weight: 8.241e+07 (82410512.000000)
2025-03-23 22:17:07 INFO  ren0 [octree.h:483] splitting threshold: 8.241e+04 (82410.515625)
2025-03-23 22:17:07 INFO  ren0 [octree.h:498] node count: 535 -> 566 -> 539

2025-03-23 22:17:07 INFO  ren0 [octree.h:498] node count: 379 -> 391 -> 376

2025-03-23 22:17:07 INFO  ren0 [PMMFocalGuidingIntegrator] diverge probability: 0.495

2025-03-23 22:17:07 INFO  ren0 [PMMFocalGuidingIntegrator] iteration postprocessing time: 3.6033s
2025-03-23 22:17:07 INFO  ren0 [PMMFocalGuidingIntegrator] GMM[
weight = 0.00978719 mean = [2.23654 -2.05632 3.3314] covariance = [[2.34085 -0.0860897 -0.365579][-0.0860897 1.14806 -0.120291][-0.365579 -0.120291 2.2353]]
weight = 0.00978719 mean = [3.97647 -2.03503 1.819] covariance = [[2.34085 -0.0860897 -0.365579][-0.0860897 1.14806 -0.120291][-0.365579 -0.120291 2.2353]]
weight = 0.406678 mean = [-3.37529 3.34818 0.405808] covariance = [[16.8814 0.717129 -0.788212][0.717129 10.9528 -0.717018][-0.788212 -0.717018 6.04603]]
weight = 0.245859 mean = [4.37271 2.40066 2.39905] covariance = [[3.02004 0.099757 1.38841][0.099757 5.54499 -0.25674][1.38841 -0.25674 5.39855]]
weight = 0.327888 mean = [2.60382 1.60964 -1.89994] covariance = [[3.30706 -0.0196816 0.348026][-0.0196816 2.79421 0.00694076][0.348026 0.00694076 0.991744]]
]
2025-03-23 22:17:07 INFO  ren0 [PMMFocalGuidingIntegrator] Octree[
AABB: AABB3[min=[-21.7494, -3.70393, -3.09172], max=[7.19249, 11.2965, 6.96201]]
Nodes count: 539
]
2025-03-23 22:17:07 INFO  ren0 [PMMFocalGuidingIntegrator] Octree[
AABB: AABB3[min=[-21.7494, -3.70393, -3.09172], max=[7.19249, 11.2965, 6.96201]]
Nodes count: 376
]
2025-03-23 22:17:07 INFO  ren0 [PMMFocalGuidingIntegrator] Rendering 4 iteration
2025-03-23 22:17:07 INFO  ren0 [SamplingIntegrator] Starting render job (1280x720, 4 samples, 8 cores, SSE2 enabled) ..
2025-03-23 22:18:15 INFO  ren0 [PMMFocalGuidingIntegrator] iteration render time: 1.1268m
2025-03-23 22:18:15 INFO  ren0 [PMMFocalGuidingIntegrator] Got 125957 non-zero samples and 0 zero samples
2025-03-23 22:18:15 INFO  ren0 [gaussian_mixture_model.h:518] Start processing batch
2025-03-23 22:18:16 INFO  ren0 [gaussian_mixture_model.h:545] Finish E step
2025-03-23 22:18:18 INFO  ren0 [gaussian_mixture_model.h:194] components before the merge: 5
2025-03-23 22:18:18 INFO  ren0 [gaussian_mixture_model.h:213] components after the merge: 4, merged 1 component
2025-03-23 22:18:18 INFO  ren0 [gaussian_mixture_model.h:231] components after the split: 5, split 1 components
2025-03-23 22:18:18 INFO  ren0 [gaussian_mixture_model.h:557] Finish M step
2025-03-23 22:18:18 INFO  ren0 [octree.h:482] root weight: 9.270e+07 (92696600.000000)
2025-03-23 22:18:18 INFO  ren0 [octree.h:483] splitting threshold: 9.270e+04 (92696.601562)
2025-03-23 22:18:18 INFO  ren0 [octree.h:482] root weight: 8.000e+07 (80001312.000000)
2025-03-23 22:18:18 INFO  ren0 [octree.h:483] splitting threshold: 8.000e+04 (80001.312500)
2025-03-23 22:18:18 INFO  ren0 [octree.h:498] node count: 539 -> 575 -> 562

2025-03-23 22:18:18 INFO  ren0 [octree.h:498] node count: 376 -> 381 -> 366

2025-03-23 22:18:18 INFO  ren0 [PMMFocalGuidingIntegrator] diverge probability: 0.463

2025-03-23 22:18:18 INFO  ren0 [PMMFocalGuidingIntegrator] iteration postprocessing time: 3.1665s
2025-03-23 22:18:18 INFO  ren0 [PMMFocalGuidingIntegrator] GMM[
weight = 0.00933864 mean = [2.19033 -2.02407 3.3639] covariance = [[2.36387 -0.111871 -0.173174][-0.111871 1.08996 -0.109158][-0.173174 -0.109158 2.32221]]
weight = 0.00933864 mean = [3.87454 -2.04269 1.88126] covariance = [[2.36387 -0.111871 -0.173174][-0.111871 1.08996 -0.109158][-0.173174 -0.109158 2.32221]]
weight = 0.394195 mean = [-3.17669 3.30198 0.382158] covariance = [[17.8215 0.463359 -0.862245][0.463359 10.9519 -0.737385][-0.862245 -0.737385 5.91229]]
weight = 0.235854 mean = [4.34645 2.37748 2.31918] covariance = [[3.02452 0.0617314 1.37825][0.0617314 5.34942 -0.290619][1.37825 -0.290619 5.38075]]
weight = 0.351274 mean = [2.45075 1.61287 -1.98861] covariance = [[3.44681 -0.178523 0.368812][-0.178523 2.31442 0.0409513][0.368812 0.0409513 0.943504]]
]
2025-03-23 22:18:18 INFO  ren0 [PMMFocalGuidingIntegrator] Octree[
AABB: AABB3[min=[-21.7494, -3.70393, -3.09172], max=[7.19249, 11.2965, 6.96201]]
Nodes count: 562
]
2025-03-23 22:18:18 INFO  ren0 [PMMFocalGuidingIntegrator] Octree[
AABB: AABB3[min=[-21.7494, -3.70393, -3.09172], max=[7.19249, 11.2965, 6.96201]]
Nodes count: 366
]
2025-03-23 22:18:18 INFO  ren0 [PMMFocalGuidingIntegrator] Rendering 5 iteration
2025-03-23 22:18:18 INFO  ren0 [SamplingIntegrator] Starting render job (1280x720, 4 samples, 8 cores, SSE2 enabled) ..
2025-03-23 22:19:28 INFO  ren0 [PMMFocalGuidingIntegrator] iteration render time: 1.1745m
2025-03-23 22:19:28 INFO  ren0 [PMMFocalGuidingIntegrator] Got 146419 non-zero samples and 0 zero samples
2025-03-23 22:19:28 INFO  ren0 [gaussian_mixture_model.h:518] Start processing batch
2025-03-23 22:19:30 INFO  ren0 [gaussian_mixture_model.h:545] Finish E step
2025-03-23 22:19:32 INFO  ren0 [gaussian_mixture_model.h:194] components before the merge: 5
2025-03-23 22:19:32 INFO  ren0 [gaussian_mixture_model.h:213] components after the merge: 4, merged 1 component
2025-03-23 22:19:32 INFO  ren0 [gaussian_mixture_model.h:231] components after the split: 6, split 2 components
2025-03-23 22:19:32 INFO  ren0 [gaussian_mixture_model.h:557] Finish M step
2025-03-23 22:19:32 INFO  ren0 [octree.h:482] root weight: 9.671e+07 (96714576.000000)
2025-03-23 22:19:32 INFO  ren0 [octree.h:483] splitting threshold: 9.671e+04 (96714.578125)
2025-03-23 22:19:32 INFO  ren0 [octree.h:482] root weight: 8.117e+07 (81171992.000000)
2025-03-23 22:19:32 INFO  ren0 [octree.h:483] splitting threshold: 8.117e+04 (81171.992188)
2025-03-23 22:19:32 INFO  ren0 [octree.h:498] node count: 562 -> 593 -> 587

2025-03-23 22:19:32 INFO  ren0 [octree.h:498] node count: 366 -> 374 -> 367

2025-03-23 22:19:32 INFO  ren0 [PMMFocalGuidingIntegrator] diverge probability: 0.456

2025-03-23 22:19:32 INFO  ren0 [PMMFocalGuidingIntegrator] iteration postprocessing time: 3.7957s
2025-03-23 22:19:32 INFO  ren0 [PMMFocalGuidingIntegrator] GMM[
weight = 0.00901074 mean = [2.18374 -2.00965 3.39769] covariance = [[2.383 -0.139184 0.0435023][-0.139184 1.04869 -0.102399][0.0435023 -0.102399 2.39677]]
weight = 0.185997 mean = [1.3977 1.8162 -2.19703] covariance = [[1.77365 0.00939793 0.143956][0.00939793 1.89505 0.0994132][0.143956 0.0994132 0.859989]]
weight = 0.00901074 mean = [3.76304 -2.06207 1.91558] covariance = [[2.383 -0.139184 0.0435023][-0.139184 1.04869 -0.102399][0.0435023 -0.102399 2.39677]]
weight = 0.383772 mean = [-3.027 3.27565 0.366769] covariance = [[18.3002 0.289601 -0.878135][0.289601 10.8574 -0.740752][-0.878135 -0.740752 5.83815]]
weight = 0.226211 mean = [4.32251 2.36263 2.24234] covariance = [[3.01001 0.0488796 1.35596][0.0488796 5.21471 -0.305547][1.35596 -0.305547 5.37067]]
weight = 0.185997 mean = [3.23257 1.42114 -1.95539] covariance = [[1.77365 0.00939793 0.143956][0.00939793 1.89505 0.0994132][0.143956 0.0994132 0.859989]]
]
2025-03-23 22:19:32 INFO  ren0 [PMMFocalGuidingIntegrator] Octree[
AABB: AABB3[min=[-21.7494, -3.70393, -3.09172], max=[7.19249, 11.2965, 6.96201]]
Nodes count: 587
]
2025-03-23 22:19:32 INFO  ren0 [PMMFocalGuidingIntegrator] Octree[
AABB: AABB3[min=[-21.7494, -3.70393, -3.09172], max=[7.19249, 11.2965, 6.96201]]
Nodes count: 367
]
2025-03-23 22:19:32 INFO  ren0 [PMMFocalGuidingIntegrator] Rendering 6 iteration
2025-03-23 22:19:32 INFO  ren0 [SamplingIntegrator] Starting render job (1280x720, 4 samples, 8 cores, SSE2 enabled) ..
2025-03-23 22:20:58 INFO  ren0 [PMMFocalGuidingIntegrator] iteration render time: 1.4251m
2025-03-23 22:20:58 INFO  ren0 [PMMFocalGuidingIntegrator] Got 172093 non-zero samples and 0 zero samples
2025-03-23 22:20:58 INFO  ren0 [gaussian_mixture_model.h:518] Start processing batch
2025-03-23 22:21:00 INFO  ren0 [gaussian_mixture_model.h:545] Finish E step
2025-03-23 22:21:04 INFO  ren0 [gaussian_mixture_model.h:194] components before the merge: 6
2025-03-23 22:21:04 INFO  ren0 [gaussian_mixture_model.h:213] components after the merge: 4, merged 2 component
2025-03-23 22:21:04 INFO  ren0 [gaussian_mixture_model.h:231] components after the split: 5, split 1 components
2025-03-23 22:21:04 INFO  ren0 [gaussian_mixture_model.h:557] Finish M step
2025-03-23 22:21:04 INFO  ren0 [octree.h:482] root weight: 1.112e+08 (111182232.000000)
2025-03-23 22:21:04 INFO  ren0 [octree.h:483] splitting threshold: 1.112e+05 (111182.234375)
2025-03-23 22:21:04 INFO  ren0 [octree.h:482] root weight: 9.104e+07 (91042192.000000)
2025-03-23 22:21:04 INFO  ren0 [octree.h:483] splitting threshold: 9.104e+04 (91042.195312)
2025-03-23 22:21:04 INFO  ren0 [octree.h:498] node count: 587 -> 593 -> 573

2025-03-23 22:21:04 INFO  ren0 [octree.h:498] node count: 367 -> 370 -> 360

2025-03-23 22:21:04 INFO  ren0 [PMMFocalGuidingIntegrator] diverge probability: 0.450

2025-03-23 22:21:04 INFO  ren0 [PMMFocalGuidingIntegrator] iteration postprocessing time: 6.3373s
2025-03-23 22:21:04 INFO  ren0 [PMMFocalGuidingIntegrator] GMM[
weight = 0.0087367 mean = [2.22281 -2.00652 3.41795] covariance = [[2.46545 -0.161868 0.253628][-0.161868 1.01395 -0.0998768][0.253628 -0.0998768 2.44555]]
weight = 0.0087367 mean = [3.65908 -2.07359 1.88872] covariance = [[2.46545 -0.161868 0.253628][-0.161868 1.01395 -0.0998768][0.253628 -0.0998768 2.44555]]
weight = 0.379032 mean = [-2.83992 3.25215 0.307792] covariance = [[18.5169 0.168408 -0.952975][0.168408 10.6986 -0.771892][-0.952975 -0.771892 5.79733]]
weight = 0.219239 mean = [4.31549 2.34983 2.15278] covariance = [[3.00431 0.0260537 1.28152][0.0260537 5.11374 -0.294835][1.28152 -0.294835 5.39962]]
weight = 0.384256 mean = [2.23143 1.60214 -2.1593] covariance = [[2.67289 -0.324822 0.245748][-0.324822 1.65297 0.0831123][0.245748 0.0831123 0.821003]]
]
2025-03-23 22:21:04 INFO  ren0 [PMMFocalGuidingIntegrator] Octree[
AABB: AABB3[min=[-21.7494, -3.70393, -3.09172], max=[7.19249, 11.2965, 6.96201]]
Nodes count: 573
]
2025-03-23 22:21:04 INFO  ren0 [PMMFocalGuidingIntegrator] Octree[
AABB: AABB3[min=[-21.7494, -3.70393, -3.09172], max=[7.19249, 11.2965, 6.96201]]
Nodes count: 360
]
2025-03-23 22:21:04 INFO  ren0 [PMMFocalGuidingIntegrator] Rendering 7 iteration
2025-03-23 22:21:04 INFO  ren0 [SamplingIntegrator] Starting render job (1280x720, 4 samples, 8 cores, SSE2 enabled) ..
2025-03-23 22:22:22 INFO  ren0 [PMMFocalGuidingIntegrator] iteration render time: 1.3012m
2025-03-23 22:22:22 INFO  ren0 [PMMFocalGuidingIntegrator] Got 198394 non-zero samples and 0 zero samples
2025-03-23 22:22:22 INFO  ren0 [gaussian_mixture_model.h:518] Start processing batch
2025-03-23 22:22:25 INFO  ren0 [gaussian_mixture_model.h:545] Finish E step
2025-03-23 22:22:28 INFO  ren0 [gaussian_mixture_model.h:194] components before the merge: 5
2025-03-23 22:22:28 INFO  ren0 [gaussian_mixture_model.h:213] components after the merge: 4, merged 1 component
2025-03-23 22:22:28 INFO  ren0 [gaussian_mixture_model.h:231] components after the split: 6, split 2 components
2025-03-23 22:22:28 INFO  ren0 [gaussian_mixture_model.h:557] Finish M step
2025-03-23 22:22:28 INFO  ren0 [octree.h:482] root weight: 1.196e+08 (119550008.000000)
2025-03-23 22:22:28 INFO  ren0 [octree.h:483] splitting threshold: 1.196e+05 (119550.015625)
2025-03-23 22:22:28 INFO  ren0 [octree.h:482] root weight: 9.825e+07 (98247232.000000)
2025-03-23 22:22:28 INFO  ren0 [octree.h:483] splitting threshold: 9.825e+04 (98247.234375)
2025-03-23 22:22:28 INFO  ren0 [octree.h:498] node count: 573 -> 577 -> 568

2025-03-23 22:22:28 INFO  ren0 [octree.h:498] node count: 360 -> 364 -> 360

2025-03-23 22:22:28 INFO  ren0 [PMMFocalGuidingIntegrator] diverge probability: 0.451

2025-03-23 22:22:28 INFO  ren0 [PMMFocalGuidingIntegrator] iteration postprocessing time: 5.9969s
2025-03-23 22:22:28 INFO  ren0 [PMMFocalGuidingIntegrator] GMM[
weight = 0.00845497 mean = [2.32041 -2.01627 3.4458] covariance = [[2.64443 -0.192924 0.465483][-0.192924 0.986667 -0.103018][0.465483 -0.103018 2.38756]]
weight = 0.198288 mean = [1.34129 1.86209 -2.30946] covariance = [[1.42081 -0.0622286 0.107894][-0.0622286 1.29956 0.116481][0.107894 0.116481 0.745013]]
weight = 0.00845497 mean = [3.53028 -2.08049 1.83318] covariance = [[2.64443 -0.192924 0.465483][-0.192924 0.986667 -0.103018][0.465483 -0.103018 2.38756]]
weight = 0.372289 mean = [-2.68961 3.21807 0.275938] covariance = [[18.712 0.0354118 -0.998096][0.0354118 10.5937 -0.806289][-0.998096 -0.806289 5.72111]]
weight = 0.214226 mean = [4.31327 2.33852 2.06997] covariance = [[2.97673 0.0103912 1.23755][0.0103912 5.02381 -0.276717][1.23755 -0.276717 5.42778]]
weight = 0.198288 mean = [2.95108 1.3254 -2.15223] covariance = [[1.42081 -0.0622286 0.107894][-0.0622286 1.29956 0.116481][0.107894 0.116481 0.745013]]
]
2025-03-23 22:22:28 INFO  ren0 [PMMFocalGuidingIntegrator] Octree[
AABB: AABB3[min=[-21.7494, -3.70393, -3.09172], max=[7.19249, 11.2965, 6.96201]]
Nodes count: 568
]
2025-03-23 22:22:28 INFO  ren0 [PMMFocalGuidingIntegrator] Octree[
AABB: AABB3[min=[-21.7494, -3.70393, -3.09172], max=[7.19249, 11.2965, 6.96201]]
Nodes count: 360
]
2025-03-23 22:22:28 INFO  ren0 [PMMFocalGuidingIntegrator] Finished training phase. Starting real rendering.
2025-03-23 22:22:28 INFO  ren0 [PMMFocalGuidingIntegrator] Starting render job (1280x720, 256 samples, 8 cores, SSE2 enabled) ..
2025-03-23 23:48:39 INFO  ren0 [PMMFocalGuidingIntegrator] Remaining rendering time: 1280
2025-03-23 23:48:39 INFO  ren0 [PMMFocalGuidingIntegrator] rendered 256 samples per pixel in 1.4364h.
2025-03-23 23:48:39 INFO  ren0 [RenderJob] Render time: 1.5968h
2025-03-23 23:48:39 INFO  ren0 [PMMFocalGuidingIntegrator] iteration render time: 1.4364h
2025-03-23 23:48:39 INFO  ren0 [PMMFocalGuidingIntegrator] GMM[
weight = 0.00845497 mean = [2.32041 -2.01627 3.4458] covariance = [[2.64443 -0.192924 0.465483][-0.192924 0.986667 -0.103018][0.465483 -0.103018 2.38756]]
weight = 0.198288 mean = [1.34129 1.86209 -2.30946] covariance = [[1.42081 -0.0622286 0.107894][-0.0622286 1.29956 0.116481][0.107894 0.116481 0.745013]]
weight = 0.00845497 mean = [3.53028 -2.08049 1.83318] covariance = [[2.64443 -0.192924 0.465483][-0.192924 0.986667 -0.103018][0.465483 -0.103018 2.38756]]
weight = 0.372289 mean = [-2.68961 3.21807 0.275938] covariance = [[18.712 0.0354118 -0.998096][0.0354118 10.5937 -0.806289][-0.998096 -0.806289 5.72111]]
weight = 0.214226 mean = [4.31327 2.33852 2.06997] covariance = [[2.97673 0.0103912 1.23755][0.0103912 5.02381 -0.276717][1.23755 -0.276717 5.42778]]
weight = 0.198288 mean = [2.95108 1.3254 -2.15223] covariance = [[1.42081 -0.0622286 0.107894][-0.0622286 1.29956 0.116481][0.107894 0.116481 0.745013]]
]
2025-03-23 23:48:39 INFO  ren0 [PMMFocalGuidingIntegrator] Octree[
AABB: AABB3[min=[-21.7494, -3.70393, -3.09172], max=[7.19249, 11.2965, 6.96201]]
Nodes: [
Node[
Index: 1	AABB: AABB3[min=[-21.7494, -3.70393, -3.09172], max=[-7.27848, 3.79629, 1.93515]]	DensityTimesVolume: 1.06384e-05 (1.06e-05)
Index: 52	AABB: AABB3[min=[-7.27848, -3.70393, -3.09172], max=[7.19249, 3.79629, 1.93515]]	DensityTimesVolume: 0.00132 (0.00132)
Index: 85	AABB: AABB3[min=[-21.7494, 3.79629, -3.09172], max=[-7.27848, 11.2965, 1.93515]]	DensityTimesVolume: 6.91e-06 (6.91e-06)
Index: 126	AABB: AABB3[min=[-7.27848, 3.79629, -3.09172], max=[7.19249, 11.2965, 1.93515]]	DensityTimesVolume: 0.000304 (0.000304)
Index: 0	AABB: AABB3[min=[-21.7494, -3.70393, 1.93515], max=[-7.27848, 3.79629, 6.96201]]	DensityTimesVolume: 2.2e-06 (2.2e-06)
Index: 221	AABB: AABB3[min=[-7.27848, -3.70393, 1.93515], max=[7.19249, 3.79629, 6.96201]]	DensityTimesVolume: 0.000117 (0.000117)
Index: 0	AABB: AABB3[min=[-21.7494, 3.79629, 1.93515], max=[-7.27848, 11.2965, 6.96201]]	DensityTimesVolume: 7.04e-07 (7.04e-07)
Index: 315	AABB: AABB3[min=[-7.27848, 3.79629, 1.93515], max=[7.19249, 11.2965, 6.96201]]	DensityTimesVolume: 7.03e-05 (7.03e-05)
]
Node[
