2025-05-19 18:54:23 INFO  main [mitsuba.cpp:274] Mitsuba version 0.6.0 (Linux, 64 bit), Copyright (c) 2017 Wenzel Jakob
2025-05-19 18:54:23 INFO  main [mitsuba.cpp:377] Parsing scene description from "scene/modern-hall/modern-hall.xml" ..
2025-05-19 18:54:23 INFO  main [scenehandler.cpp:675] In file "/mitsuba/scene/modern-hall/modern-hall.xml" (near line 20): Parsing included file "pmm_focal_recursive.xml" ..
2025-05-19 18:54:23 INFO  main [PluginManager] Loading plugin "plugins/pmm_focal_recursive.so" ..
2025-05-19 18:54:23 INFO  main [octree.h:535] root weight: 8.000e-20 (0.000000)
2025-05-19 18:54:23 INFO  main [octree.h:536] splitting threshold: 8.000e-23 (0.000000)
2025-05-19 18:54:23 INFO  main [octree.h:551] node count: 1 -> 585 -> 585

2025-05-19 18:54:23 INFO  main [octree.h:535] root weight: 8.000e-20 (0.000000)
2025-05-19 18:54:23 INFO  main [octree.h:536] splitting threshold: 8.000e-23 (0.000000)
2025-05-19 18:54:23 INFO  main [octree.h:551] node count: 1 -> 585 -> 585

2025-05-19 18:54:23 INFO  main [MIFocalGuidingPathTracer] budget: 600
2025-05-19 18:54:23 INFO  main [MIFocalGuidingPathTracer] dumpPrimaryRays: false
2025-05-19 18:54:23 INFO  main [MIFocalGuidingPathTracer] dumpScene: false
2025-05-19 18:54:23 INFO  main [MIFocalGuidingPathTracer] gmm.alpha: 0.4
2025-05-19 18:54:23 INFO  main [MIFocalGuidingPathTracer] gmm.initMethod: KMeans
2025-05-19 18:54:23 INFO  main [MIFocalGuidingPathTracer] gmm.maxNumComp: 10
2025-05-19 18:54:23 INFO  main [MIFocalGuidingPathTracer] gmm.mergingThreshold: 0.65
2025-05-19 18:54:23 INFO  main [MIFocalGuidingPathTracer] gmm.minNumComp: 3
2025-05-19 18:54:23 INFO  main [MIFocalGuidingPathTracer] gmm.splittingThreshold: 100
2025-05-19 18:54:23 INFO  main [MIFocalGuidingPathTracer] iterationBudget: 10
2025-05-19 18:54:23 INFO  main [MIFocalGuidingPathTracer] iterationCount: 15
2025-05-19 18:54:23 INFO  main [MIFocalGuidingPathTracer] maxDepth: 40
2025-05-19 18:54:23 INFO  main [MIFocalGuidingPathTracer] minSamplesToStartFitting: 10
2025-05-19 18:54:23 INFO  main [MIFocalGuidingPathTracer] normalBinning: disabled
2025-05-19 18:54:23 INFO  main [MIFocalGuidingPathTracer] renderMaxSeconds: 36000
2025-05-19 18:54:23 INFO  main [MIFocalGuidingPathTracer] rrDepth: 14
2025-05-19 18:54:23 INFO  main [MIFocalGuidingPathTracer] samplingMode: 2
2025-05-19 18:54:23 INFO  main [MIFocalGuidingPathTracer] shouldPretrain: true
2025-05-19 18:54:23 INFO  main [MIFocalGuidingPathTracer] strictNormals: true
2025-05-19 18:54:23 INFO  main [MIFocalGuidingPathTracer] trainingSamples: 4
2025-05-19 18:54:23 INFO  main [MIFocalGuidingPathTracer] tree.threshold: 0.001
2025-05-19 18:54:23 INFO  main [MIFocalGuidingPathTracer] unboundedSplatting: true
2025-05-19 18:54:23 INFO  main [PluginManager] Loading plugin "plugins/independent.so" ..
2025-05-19 18:54:23 INFO  main [PluginManager] Loading plugin "plugins/box.so" ..
2025-05-19 18:54:23 INFO  main [PluginManager] Loading plugin "plugins/hdrfilm.so" ..
2025-05-19 18:54:23 INFO  main [PluginManager] Loading plugin "plugins/perspective.so" ..
2025-05-19 18:54:23 INFO  main [PluginManager] Loading plugin "plugins/dielectric.so" ..
2025-05-19 18:54:23 INFO  main [PluginManager] Loading plugin "plugins/bitmap.so" ..
2025-05-19 18:54:23 INFO  main [BitmapTexture] Loading texture "wood5.jpg"
2025-05-19 18:54:23 INFO  main [PluginManager] Loading plugin "plugins/lanczos.so" ..
2025-05-19 18:54:23 INFO  main [MIPMap] Generating MIP map cache file "/mitsuba/scene/modern-hall/textures/wood5.mip" ..
2025-05-19 18:54:23 INFO  main [PluginManager] Loading plugin "plugins/roughplastic.so" ..
2025-05-19 18:54:23 INFO  main [PluginManager] Loading plugin "plugins/twosided.so" ..
2025-05-19 18:54:23 INFO  main [BitmapTexture] Loading texture "Tiles.jpg"
2025-05-19 18:54:23 INFO  main [PluginManager] Loading plugin "plugins/diffuse.so" ..
2025-05-19 18:54:23 INFO  main [BitmapTexture] Loading texture "Wallpaper.jpg"
2025-05-19 18:54:23 INFO  main [PluginManager] Loading plugin "plugins/roughconductor.so" ..
2025-05-19 18:54:23 INFO  main [spectrum.cpp:599] "Cu.eta.spd": loaded a spectral power distribution with 55 entries (between 302.400421 and 885.601257 nm)
2025-05-19 18:54:23 INFO  main [spectrum.cpp:599] "Cu.k.spd": loaded a spectral power distribution with 55 entries (between 302.400421 and 885.601257 nm)
2025-05-19 18:54:23 INFO  main [spectrum.cpp:599] "Cu.eta.spd": loaded a spectral power distribution with 55 entries (between 302.400421 and 885.601257 nm)
2025-05-19 18:54:23 INFO  main [spectrum.cpp:599] "Cu.k.spd": loaded a spectral power distribution with 55 entries (between 302.400421 and 885.601257 nm)
2025-05-19 18:54:23 INFO  main [PluginManager] Loading plugin "plugins/difftrans.so" ..
2025-05-19 18:54:23 INFO  main [PluginManager] Loading plugin "plugins/area.so" ..
2025-05-19 18:54:23 INFO  main [PluginManager] Loading plugin "plugins/rectangle.so" ..
2025-05-19 18:54:23 INFO  main [PluginManager] Loading plugin "plugins/cube.so" ..
2025-05-19 18:54:23 INFO  main [PluginManager] Loading plugin "plugins/obj.so" ..
2025-05-19 18:54:23 INFO  main [WavefrontOBJ] Loading geometry from "Mesh008.obj" ..
2025-05-19 18:54:23 INFO  main [WavefrontOBJ] Mesh008: 5184 triangles, 2664 vertices (merged 12888 vertices).
2025-05-19 18:54:23 INFO  main [WavefrontOBJ] Done with "Mesh008.obj" (took 12 ms)
2025-05-19 18:54:23 INFO  main [WavefrontOBJ] Loading geometry from "Mesh004.obj" ..
2025-05-19 18:54:23 INFO  main [WavefrontOBJ] Mesh004: 5184 triangles, 2664 vertices (merged 12888 vertices).
2025-05-19 18:54:23 INFO  main [WavefrontOBJ] Done with "Mesh004.obj" (took 11 ms)
2025-05-19 18:54:23 INFO  main [WavefrontOBJ] Loading geometry from "Mesh003.obj" ..
2025-05-19 18:54:23 INFO  main [WavefrontOBJ] Mesh003: 5184 triangles, 2664 vertices (merged 12888 vertices).
2025-05-19 18:54:23 INFO  main [WavefrontOBJ] Done with "Mesh003.obj" (took 11 ms)
2025-05-19 18:54:23 INFO  main [WavefrontOBJ] Loading geometry from "Mesh006.obj" ..
2025-05-19 18:54:23 INFO  main [WavefrontOBJ] Mesh006: 5184 triangles, 2664 vertices (merged 12888 vertices).
2025-05-19 18:54:23 INFO  main [WavefrontOBJ] Done with "Mesh006.obj" (took 11 ms)
2025-05-19 18:54:23 INFO  main [WavefrontOBJ] Loading geometry from "Mesh012.obj" ..
2025-05-19 18:54:23 INFO  main [WavefrontOBJ] Mesh012: 444 triangles, 882 vertices (merged 450 vertices).
2025-05-19 18:54:23 INFO  main [WavefrontOBJ] Done with "Mesh012.obj" (took 2 ms)
2025-05-19 18:54:23 INFO  main [WavefrontOBJ] Loading geometry from "Mesh013.obj" ..
2025-05-19 18:54:23 INFO  main [WavefrontOBJ] Mesh013: 5184 triangles, 2664 vertices (merged 12888 vertices).
2025-05-19 18:54:23 INFO  main [WavefrontOBJ] Done with "Mesh013.obj" (took 11 ms)
2025-05-19 18:54:23 INFO  main [WavefrontOBJ] Loading geometry from "Mesh010.obj" ..
2025-05-19 18:54:23 INFO  main [WavefrontOBJ] Mesh010: 32 triangles, 60 vertices (merged 36 vertices).
2025-05-19 18:54:23 INFO  main [WavefrontOBJ] Done with "Mesh010.obj" (took 0 ms)
2025-05-19 18:54:23 INFO  main [WavefrontOBJ] Loading geometry from "Mesh015.obj" ..
2025-05-19 18:54:23 INFO  main [WavefrontOBJ] Mesh015: 32 triangles, 60 vertices (merged 36 vertices).
2025-05-19 18:54:23 INFO  main [WavefrontOBJ] Done with "Mesh015.obj" (took 0 ms)
2025-05-19 18:54:23 INFO  main [WavefrontOBJ] Loading geometry from "Mesh002.obj" ..
2025-05-19 18:54:23 INFO  main [WavefrontOBJ] Mesh002: 32 triangles, 60 vertices (merged 36 vertices).
2025-05-19 18:54:23 INFO  main [WavefrontOBJ] Done with "Mesh002.obj" (took 0 ms)
2025-05-19 18:54:23 INFO  main [WavefrontOBJ] Loading geometry from "Mesh007.obj" ..
2025-05-19 18:54:23 INFO  main [WavefrontOBJ] Mesh007: 32 triangles, 60 vertices (merged 36 vertices).
2025-05-19 18:54:23 INFO  main [WavefrontOBJ] Done with "Mesh007.obj" (took 0 ms)
2025-05-19 18:54:23 INFO  main [WavefrontOBJ] Loading geometry from "Mesh005.obj" ..
2025-05-19 18:54:23 INFO  main [WavefrontOBJ] Mesh005: 12 triangles, 20 vertices (merged 16 vertices).
2025-05-19 18:54:23 INFO  main [WavefrontOBJ] Done with "Mesh005.obj" (took 0 ms)
2025-05-19 18:54:23 INFO  main [WavefrontOBJ] Loading geometry from "Mesh016.obj" ..
2025-05-19 18:54:23 INFO  main [WavefrontOBJ] Mesh016: 120 triangles, 204 vertices (merged 156 vertices).
2025-05-19 18:54:23 INFO  main [WavefrontOBJ] Done with "Mesh016.obj" (took 0 ms)
2025-05-19 18:54:23 INFO  main [WavefrontOBJ] Loading geometry from "Mesh017.obj" ..
2025-05-19 18:54:23 INFO  main [WavefrontOBJ] Mesh017: 20 triangles, 40 vertices (merged 20 vertices).
2025-05-19 18:54:23 INFO  main [WavefrontOBJ] Done with "Mesh017.obj" (took 0 ms)
2025-05-19 18:54:23 INFO  main [WavefrontOBJ] Loading geometry from "Mesh018.obj" ..
2025-05-19 18:54:23 INFO  main [WavefrontOBJ] Mesh018: 2 triangles, 4 vertices (merged 2 vertices).
2025-05-19 18:54:23 INFO  main [WavefrontOBJ] Done with "Mesh018.obj" (took 0 ms)
2025-05-19 18:54:23 INFO  main [WavefrontOBJ] Loading geometry from "Mesh011.obj" ..
2025-05-19 18:54:23 INFO  main [WavefrontOBJ] Mesh011: 32 triangles, 30 vertices (merged 66 vertices).
2025-05-19 18:54:23 INFO  main [WavefrontOBJ] Done with "Mesh011.obj" (took 0 ms)
2025-05-19 18:54:23 INFO  main [PluginManager] Loading plugin "plugins/homogeneous.so" ..
2025-05-19 18:54:23 INFO  main [PluginManager] Loading plugin "plugins/isotropic.so" ..
2025-05-19 18:54:23 INFO  main [WavefrontOBJ] Loading geometry from "Mesh014.obj" ..
2025-05-19 18:54:23 INFO  main [WavefrontOBJ] Mesh014: 36 triangles, 72 vertices (merged 36 vertices).
2025-05-19 18:54:23 INFO  main [WavefrontOBJ] Done with "Mesh014.obj" (took 0 ms)
2025-05-19 18:54:23 INFO  main [WavefrontOBJ] Loading geometry from "Mesh001.obj" ..
2025-05-19 18:54:23 INFO  main [WavefrontOBJ] Mesh001: 924 triangles, 2016 vertices (merged 756 vertices).
2025-05-19 18:54:23 INFO  main [WavefrontOBJ] Done with "Mesh001.obj" (took 5 ms)
2025-05-19 18:54:23 INFO  main [WavefrontOBJ] Loading geometry from "Mesh000.obj" ..
2025-05-19 18:54:23 INFO  main [WavefrontOBJ] Mesh000: 3127 triangles, 2075 vertices (merged 7306 vertices).
2025-05-19 18:54:23 INFO  main [WavefrontOBJ] Done with "Mesh000.obj" (took 12 ms)
2025-05-19 18:54:23 INFO  main [WavefrontOBJ] Loading geometry from "Mesh009.obj" ..
2025-05-19 18:54:23 INFO  main [WavefrontOBJ] Mesh009: 146 triangles, 110 vertices (merged 328 vertices).
2025-05-19 18:54:23 INFO  main [WavefrontOBJ] Done with "Mesh009.obj" (took 0 ms)
2025-05-19 18:54:23 INFO  ren0 [KDTreeBase] Constructing a SAH kd-tree (30963 primitives) ..
2025-05-19 18:54:23 INFO  ren0 [KDTreeBase] Finished -- took 112 ms.
2025-05-19 18:54:23 INFO  ren0 [octree.h:535] root weight: 8.000e-20 (0.000000)
2025-05-19 18:54:23 INFO  ren0 [octree.h:536] splitting threshold: 8.000e-23 (0.000000)
2025-05-19 18:54:23 INFO  ren0 [octree.h:551] node count: 1 -> 585 -> 585

2025-05-19 18:54:23 INFO  ren0 [octree.h:535] root weight: 4.096e-17 (0.000000)
2025-05-19 18:54:23 INFO  ren0 [octree.h:536] splitting threshold: 4.096e-20 (0.000000)
2025-05-19 18:54:23 INFO  ren0 [octree.h:551] node count: 585 -> 585 -> 585

2025-05-19 18:54:23 INFO  ren0 [octree.h:535] root weight: 8.000e-20 (0.000000)
2025-05-19 18:54:23 INFO  ren0 [octree.h:536] splitting threshold: 8.000e-23 (0.000000)
2025-05-19 18:54:23 INFO  ren0 [octree.h:551] node count: 1 -> 585 -> 585

2025-05-19 18:54:23 INFO  ren0 [octree.h:535] root weight: 8.000e-20 (0.000000)
2025-05-19 18:54:23 INFO  ren0 [octree.h:536] splitting threshold: 8.000e-23 (0.000000)
2025-05-19 18:54:23 INFO  ren0 [octree.h:551] node count: 1 -> 585 -> 585

2025-05-19 18:54:23 INFO  ren0 [octree.h:535] root weight: 4.096e-17 (0.000000)
2025-05-19 18:54:23 INFO  ren0 [octree.h:536] splitting threshold: 4.096e-20 (0.000000)
2025-05-19 18:54:23 INFO  ren0 [octree.h:551] node count: 585 -> 585 -> 585

2025-05-19 18:54:23 INFO  ren0 [octree.h:535] root weight: 8.000e-20 (0.000000)
2025-05-19 18:54:23 INFO  ren0 [octree.h:536] splitting threshold: 8.000e-23 (0.000000)
2025-05-19 18:54:23 INFO  ren0 [octree.h:551] node count: 1 -> 585 -> 585

2025-05-19 18:54:23 INFO  ren0 [MIFocalGuidingPathTracer] AABB3[min=[-21.7494, -3.70393, -3.09172], max=[7.19249, 11.2965, 6.96201]]
2025-05-19 18:54:23 INFO  ren0 [MIFocalGuidingPathTracer] Starting render job (1280x720, 12 cores, SSE2 enabled) ..
2025-05-19 18:54:23 INFO  ren0 [MIFocalGuidingPathTracer] ITERATION 0, until 10.0 seconds
2025-05-19 18:54:34 INFO  ren0 [MIFocalGuidingPathTracer]   10.47 seconds elapsed, passes this iteration: 6, total passes: 6
2025-05-19 18:54:34 INFO  ren0 [MIFocalGuidingPathTracer] Got 116781 non-zero samples
2025-05-19 18:54:34 INFO  ren0 [gaussian_mixture_model.h:811] Processing mega batch of size 116781
2025-05-19 18:54:34 INFO  ren0 [gaussian_mixture_model.h:550] KMeans
2025-05-19 18:54:34 INFO  ren0 [MIFocalGuidingPathTracer] GMM[
weight = 0.0440126 mean = [5.47333 2.04736 -0.23083] covariance = [[1.76273 0.304946 -0.1304][0.304946 1.81632 -0.298356][-0.1304 -0.298356 1.91836]]
weight = 0.0440126 mean = [4.27621 1.65038 -1.58781] covariance = [[1.76273 0.304946 -0.1304][0.304946 1.81632 -0.298356][-0.1304 -0.298356 1.91836]]
weight = 0.0481875 mean = [4.99502 4.06359 4.73151] covariance = [[2.36581 -0.214745 -0.118717][-0.214745 2.96998 -0.280084][-0.118717 -0.280084 2.34175]]
weight = 0.0837393 mean = [3.62404 4.59328 -0.404072] covariance = [[4.51006 0.121912 -0.855032][0.121912 1.37701 0.192561][-0.855032 0.192561 2.80005]]
weight = 0.0693245 mean = [1.85887 2.13617 1.93169] covariance = [[1.95215 0.0415208 0.47855][0.0415208 3.07768 -0.247924][0.47855 -0.247924 1.57194]]
weight = 0.0205202 mean = [5.47483 0.263082 4.0643] covariance = [[1.59561 0.251971 -0.424207][0.251971 2.20935 1.18396][-0.424207 1.18396 3.36163]]
weight = 0.0286357 mean = [2.83862 -0.161193 -2.06832] covariance = [[2.02332 -0.039922 0.155736][-0.039922 2.4588 -1.37461][0.155736 -1.37461 1.38611]]
weight = 0.582331 mean = [1.2818 1.93784 -2.8035] covariance = [[3.59176 -1.98791 -0.0526072][-1.98791 1.4105 0.111637][-0.0526072 0.111637 0.238478]]
weight = 0.079237 mean = [-4.48188 4.46601 0.522415] covariance = [[13.1432 1.18631 0.627842][1.18631 6.84657 -0.255155][0.627842 -0.255155 7.30185]]
]
2025-05-19 18:54:34 INFO  ren0 [octree.h:535] root weight: 2.817e+06 (2817335.000000)
2025-05-19 18:54:34 INFO  ren0 [octree.h:536] splitting threshold: 2.817e+03 (2817.335205)
2025-05-19 18:54:34 INFO  ren0 [octree.h:535] root weight: 2.737e+05 (273690.593750)
2025-05-19 18:54:34 INFO  ren0 [octree.h:536] splitting threshold: 2.737e+02 (273.690613)
2025-05-19 18:54:34 INFO  ren0 [octree.h:551] node count: 585 -> 892 -> 716

2025-05-19 18:54:34 INFO  ren0 [octree.h:551] node count: 585 -> 603 -> 450

2025-05-19 18:54:34 INFO  ren0 [MIFocalGuidingPathTracer] ITERATION 1, until 20.0 seconds
2025-05-19 18:54:54 INFO  ren0 [MIFocalGuidingPathTracer]   30.57 seconds elapsed, passes this iteration: 1, total passes: 7
2025-05-19 18:54:54 INFO  ren0 [MIFocalGuidingPathTracer] Got 104689 non-zero samples
2025-05-19 18:54:54 INFO  ren0 [gaussian_mixture_model.h:811] Processing mega batch of size 104689
2025-05-19 18:54:54 INFO  ren0 [MIFocalGuidingPathTracer] GMM[
weight = 0.0314664 mean = [5.14625 3.01788 4.90068] covariance = [[2.3849 -0.0305766 0.112828][-0.0305766 1.80382 0.0210362][0.112828 0.0210362 1.96868]]
weight = 0.0514174 mean = [2.22532 4.31628 -0.0546937] covariance = [[2.11105 0.14143 0.124699][0.14143 1.1839 0.307832][0.124699 0.307832 2.44978]]
weight = 0.0314664 mean = [5.30723 4.87718 4.5663] covariance = [[2.3849 -0.0305766 0.112828][-0.0305766 1.80382 0.0210362][0.112828 0.0210362 1.96868]]
weight = 0.0514174 mean = [4.14047 4.38359 -0.740538] covariance = [[2.11105 0.14143 0.124699][0.14143 1.1839 0.307832][0.124699 0.307832 2.44978]]
weight = 0.0974699 mean = [2.02258 2.28119 1.75956] covariance = [[1.59618 -0.0538394 0.641627][-0.0538394 2.50919 -0.246851][0.641627 -0.246851 1.81013]]
weight = 0.0306274 mean = [5.73719 0.195094 3.86195] covariance = [[1.51897 -0.165636 -0.469492][-0.165636 2.706 1.57367][-0.469492 1.57367 3.20603]]
weight = 0.604668 mean = [1.48383 1.76307 -2.75977] covariance = [[3.73466 -2.07152 0.0585779][-2.07152 1.61487 -0.0398595][0.0585779 -0.0398595 0.264076]]
weight = 0.00434743 mean = [5.79643 2.23347 0.288804] covariance = [[1.08754 0.1915 -0.151798][0.1915 1.25619 -0.398779][-0.151798 -0.398779 1.54642]]
weight = 0.0971194 mean = [-4.23565 3.99691 0.436418] covariance = [[13.0807 2.82163 -0.0101248][2.82163 7.37233 -0.59505][-0.0101248 -0.59505 6.5676]]
]
2025-05-19 18:54:54 INFO  ren0 [octree.h:535] root weight: 1.952e+06 (1952061.500000)
2025-05-19 18:54:54 INFO  ren0 [octree.h:536] splitting threshold: 1.952e+03 (1952.061646)
2025-05-19 18:54:54 INFO  ren0 [octree.h:535] root weight: 1.761e+05 (176070.843750)
2025-05-19 18:54:54 INFO  ren0 [octree.h:536] splitting threshold: 1.761e+02 (176.070847)
2025-05-19 18:54:54 INFO  ren0 [octree.h:551] node count: 716 -> 802 -> 787

2025-05-19 18:54:54 INFO  ren0 [octree.h:551] node count: 450 -> 455 -> 449

2025-05-19 18:54:54 INFO  ren0 [MIFocalGuidingPathTracer] ITERATION 2, until 30.0 seconds
2025-05-19 18:55:15 INFO  ren0 [MIFocalGuidingPathTracer]   51.50 seconds elapsed, passes this iteration: 1, total passes: 8
2025-05-19 18:55:15 INFO  ren0 [MIFocalGuidingPathTracer] Got 97541 non-zero samples
2025-05-19 18:55:15 INFO  ren0 [gaussian_mixture_model.h:811] Processing mega batch of size 97541
2025-05-19 18:55:15 INFO  ren0 [MIFocalGuidingPathTracer] GMM[
weight = 0.00460416 mean = [5.64634 3.39846 3.62966] covariance = [[1.54796 0.0844537 0.323685][0.0844537 1.23757 0.220137][0.323685 0.220137 1.66287]]
weight = 0.0166143 mean = [5.50244 4.33597 4.14436] covariance = [[1.8887 0.108163 0.0314999][0.108163 2.47009 -0.308081][0.0314999 -0.308081 2.25295]]
weight = 0.0785955 mean = [3.84678 3.91034 -0.753808] covariance = [[3.76378 0.0593709 -0.443736][0.0593709 1.40259 0.687356][-0.443736 0.687356 2.42623]]
weight = 0.0618378 mean = [2.09743 1.6711 1.5434] covariance = [[1.53666 0.00132227 0.562544][0.00132227 3.41703 -0.419422][0.562544 -0.419422 2.06692]]
weight = 0.0143641 mean = [5.73625 0.374668 3.63891] covariance = [[1.47779 0.141795 -0.173438][0.141795 1.96129 0.979047][-0.173438 0.979047 3.49547]]
weight = 0.00460416 mean = [5.34574 2.11041 4.35] covariance = [[1.54796 0.0844537 0.323685][0.0844537 1.23757 0.220137][0.323685 0.220137 1.66287]]
weight = 0.755743 mean = [0.709717 2.18865 -2.89405] covariance = [[5.16971 -2.9373 0.0997912][-2.9373 1.82387 -0.0522514][0.0997912 -0.0522514 0.0843308]]
weight = 0.00820785 mean = [5.82539 2.26344 -0.32873] covariance = [[0.905072 0.143321 -0.579481][0.143321 0.797734 -0.202471][-0.579481 -0.202471 2.33674]]
weight = 0.0554295 mean = [-3.5547 3.53572 0.272716] covariance = [[12.3829 1.34411 -0.695908][1.34411 6.48075 -0.0293075][-0.695908 -0.0293075 5.09066]]
]
2025-05-19 18:55:15 INFO  ren0 [octree.h:535] root weight: 1.588e+06 (1587673.625000)
2025-05-19 18:55:15 INFO  ren0 [octree.h:536] splitting threshold: 1.588e+03 (1587.673706)
2025-05-19 18:55:15 INFO  ren0 [octree.h:535] root weight: 1.660e+05 (166001.031250)
2025-05-19 18:55:15 INFO  ren0 [octree.h:536] splitting threshold: 1.660e+02 (166.001038)
2025-05-19 18:55:15 INFO  ren0 [octree.h:551] node count: 787 -> 931 -> 812

2025-05-19 18:55:15 INFO  ren0 [octree.h:551] node count: 449 -> 469 -> 456

2025-05-19 18:55:15 INFO  ren0 [MIFocalGuidingPathTracer] ITERATION 3, until 40.0 seconds
2025-05-19 18:55:34 INFO  ren0 [MIFocalGuidingPathTracer]   70.02 seconds elapsed, passes this iteration: 1, total passes: 9
2025-05-19 18:55:34 INFO  ren0 [MIFocalGuidingPathTracer] Got 225332 non-zero samples
2025-05-19 18:55:34 INFO  ren0 [gaussian_mixture_model.h:811] Processing mega batch of size 225332
2025-05-19 18:55:34 INFO  ren0 [MIFocalGuidingPathTracer] GMM[
weight = 0.0685512 mean = [4.50543 4.85879 5.4166] covariance = [[0.831301 -0.279618 0.131441][-0.279618 0.831586 0.129959][0.131441 0.129959 1.13959]]
weight = 0.0558548 mean = [3.24851 3.37634 -0.138576] covariance = [[2.72647 -0.104291 -0.0032134][-0.104291 1.30959 0.666624][-0.0032134 0.666624 2.52426]]
weight = 0.0685512 mean = [5.55526 3.80065 5.39996] covariance = [[0.831301 -0.279618 0.131441][-0.279618 0.831586 0.129959][0.131441 0.129959 1.13959]]
weight = 0.0558548 mean = [5.38967 3.63508 0.74094] covariance = [[2.72647 -0.104291 -0.0032134][-0.104291 1.30959 0.666624][-0.0032134 0.666624 2.52426]]
weight = 0.0125745 mean = [4.30862 4.15133 3.11096] covariance = [[0.595113 -0.257657 -0.461465][-0.257657 0.186195 0.17472][-0.461465 0.17472 0.47579]]
weight = 0.379367 mean = [6.15685 0.331609 6.46926] covariance = [[0.664254 0.131823 -0.153484][0.131823 0.407027 -0.138645][-0.153484 -0.138645 0.562761]]
weight = 0.159124 mean = [0.523351 2.2654 -2.90329] covariance = [[5.44309 -3.06535 0.0311978][-3.06535 1.78206 -0.0150071][0.0311978 -0.0150071 0.043221]]
weight = 0.0443308 mean = [6.83595 2.86248 0.594115] covariance = [[0.344672 0.252117 -0.0896893][0.252117 0.440567 0.0214572][-0.0896893 0.0214572 0.442966]]
weight = 0.155791 mean = [-0.267494 2.20956 0.775279] covariance = [[20.5717 -4.37673 5.15888][-4.37673 8.7075 -2.81909][5.15888 -2.81909 5.22177]]
]
2025-05-19 18:55:34 INFO  ren0 [octree.h:535] root weight: 2.587e+06 (2587009.000000)
2025-05-19 18:55:34 INFO  ren0 [octree.h:536] splitting threshold: 2.587e+03 (2587.009033)
2025-05-19 18:55:34 INFO  ren0 [octree.h:535] root weight: 3.945e+05 (394513.718750)
2025-05-19 18:55:34 INFO  ren0 [octree.h:536] splitting threshold: 3.945e+02 (394.513733)
2025-05-19 18:55:34 INFO  ren0 [octree.h:551] node count: 812 -> 1068 -> 789

2025-05-19 18:55:34 INFO  ren0 [octree.h:551] node count: 456 -> 489 -> 460

2025-05-19 18:55:34 INFO  ren0 [MIFocalGuidingPathTracer] ITERATION 4, until 50.0 seconds
2025-05-19 18:55:58 INFO  ren0 [MIFocalGuidingPathTracer]   94.31 seconds elapsed, passes this iteration: 1, total passes: 10
2025-05-19 18:55:58 INFO  ren0 [MIFocalGuidingPathTracer] Got 101117 non-zero samples
2025-05-19 18:55:58 INFO  ren0 [gaussian_mixture_model.h:811] Processing mega batch of size 101117
2025-05-19 18:55:58 INFO  ren0 [gaussian_mixture_model.h:550] KMeans
2025-05-19 18:55:58 INFO  ren0 [MIFocalGuidingPathTracer] GMM[
weight = 0.0458108 mean = [4.71657 4.43464 3.50385] covariance = [[2.05347 0.344799 0.259724][0.344799 1.62269 -0.410509][0.259724 -0.410509 1.94485]]
weight = 0.047085 mean = [-2.496 3.99075 -2.55322] covariance = [[2.93061 -1.4215 -0.161983][-1.4215 2.67436 0.0903306][-0.161983 0.0903306 0.313662]]
weight = 0.438514 mean = [2.66194 1.22759 -2.44193] covariance = [[0.647918 0.494603 0.545832][0.494603 1.67491 0.800865][0.545832 0.800865 2.4415]]
weight = 0.0458108 mean = [2.96156 4.25356 2.31321] covariance = [[2.05347 0.344799 0.259724][0.344799 1.62269 -0.410509][0.259724 -0.410509 1.94485]]
weight = 0.0174809 mean = [-6.28156 -0.491915 -0.948214] covariance = [[35.2816 -7.26665 -4.41324][-7.26665 4.56894 1.22444][-4.41324 1.22444 4.99313]]
weight = 0.180569 mean = [1.32366 2.29865 -0.545401] covariance = [[6.5915 -2.37779 8.42839][-2.37779 1.64442 -3.24585][8.42839 -3.24585 13.4393]]
weight = 0.107156 mean = [4.48222 2.40293 0.479322] covariance = [[5.51227 0.538293 1.58499][0.538293 3.04976 -0.901189][1.58499 -0.901189 4.11661]]
weight = 0.0297996 mean = [4.06671 5.46186 -1.69188] covariance = [[3.28355 -1.78521 0.563124][-1.78521 3.16686 0.1094][0.563124 0.1094 2.99294]]
weight = 0.0877743 mean = [-0.584128 3.65101 2.59295] covariance = [[15.2079 -4.30438 4.50376][-4.30438 6.35198 -2.356][4.50376 -2.356 5.65629]]
]
2025-05-19 18:55:58 INFO  ren0 [octree.h:535] root weight: 2.137e+06 (2137254.250000)
2025-05-19 18:55:58 INFO  ren0 [octree.h:536] splitting threshold: 2.137e+03 (2137.254395)
2025-05-19 18:55:58 INFO  ren0 [octree.h:535] root weight: 3.464e+05 (346414.031250)
2025-05-19 18:55:58 INFO  ren0 [octree.h:536] splitting threshold: 3.464e+02 (346.414062)
2025-05-19 18:55:58 INFO  ren0 [octree.h:551] node count: 789 -> 892 -> 743

2025-05-19 18:55:58 INFO  ren0 [octree.h:551] node count: 460 -> 486 -> 483

2025-05-19 18:55:58 INFO  ren0 [MIFocalGuidingPathTracer] ITERATION 5, until 60.0 seconds
2025-05-19 18:56:16 INFO  ren0 [MIFocalGuidingPathTracer]   112.46 seconds elapsed, passes this iteration: 1, total passes: 11
2025-05-19 18:56:16 INFO  ren0 [MIFocalGuidingPathTracer] Got 39254 non-zero samples
2025-05-19 18:56:16 INFO  ren0 [gaussian_mixture_model.h:811] Processing mega batch of size 39254
2025-05-19 18:56:16 INFO  ren0 [MIFocalGuidingPathTracer] GMM[
weight = 0.0341956 mean = [5.4733 3.69315 4.45617] covariance = [[1.5587 0.0659591 0.147621][0.0659591 1.10181 -0.262667][0.147621 -0.262667 1.55298]]
weight = 0.0450147 mean = [-2.02169 3.59886 -2.65427] covariance = [[4.28631 -1.29212 -0.108639][-1.29212 1.81049 -0.0853581][-0.108639 -0.0853581 0.210173]]
weight = 0.296802 mean = [2.97904 1.32641 -2.31691] covariance = [[0.573191 0.17533 0.356351][0.17533 1.16622 0.442419][0.356351 0.442419 1.19129]]
weight = 0.0536307 mean = [2.93171 4.27482 2.03547] covariance = [[2.46983 -0.142546 0.702182][-0.142546 0.960596 -0.520227][0.702182 -0.520227 1.78805]]
weight = 0.0329682 mean = [-4.84471 0.353346 -0.32756] covariance = [[38.7304 -14.3041 -7.34817][-14.3041 7.89172 2.9413][-7.34817 2.9413 6.32735]]
weight = 0.0341956 mean = [4.46213 4.19808 2.97025] covariance = [[1.5587 0.0659591 0.147621][0.0659591 1.10181 -0.262667][0.147621 -0.262667 1.55298]]
weight = 0.160233 mean = [2.27949 2.18475 0.630959] covariance = [[6.77586 -2.14512 7.76904][-2.14512 1.43865 -2.64118][7.76904 -2.64118 11.9693]]
weight = 0.250404 mean = [5.30046 2.00694 0.19893] covariance = [[2.98703 -0.634384 0.852075][-0.634384 3.91988 -0.15318][0.852075 -0.15318 4.31213]]
weight = 0.0925564 mean = [0.520032 3.0892 2.65611] covariance = [[22.3099 -4.95296 6.36699][-4.95296 6.85985 -2.15207][6.36699 -2.15207 6.25747]]
]
2025-05-19 18:56:16 INFO  ren0 [octree.h:535] root weight: 1.892e+06 (1892358.375000)
2025-05-19 18:56:16 INFO  ren0 [octree.h:536] splitting threshold: 1.892e+03 (1892.358521)
2025-05-19 18:56:16 INFO  ren0 [octree.h:535] root weight: 2.796e+05 (279627.250000)
2025-05-19 18:56:16 INFO  ren0 [octree.h:536] splitting threshold: 2.796e+02 (279.627258)
2025-05-19 18:56:16 INFO  ren0 [octree.h:551] node count: 743 -> 866 -> 767

2025-05-19 18:56:16 INFO  ren0 [octree.h:551] node count: 483 -> 507 -> 477

2025-05-19 18:56:16 INFO  ren0 [MIFocalGuidingPathTracer] ITERATION 6, until 70.0 seconds
2025-05-19 18:56:41 INFO  ren0 [MIFocalGuidingPathTracer]   137.32 seconds elapsed, passes this iteration: 1, total passes: 12
2025-05-19 18:56:41 INFO  ren0 [MIFocalGuidingPathTracer] Got 58937 non-zero samples
2025-05-19 18:56:41 INFO  ren0 [gaussian_mixture_model.h:811] Processing mega batch of size 58937
2025-05-19 18:56:41 INFO  ren0 [MIFocalGuidingPathTracer] GMM[
weight = 0.013727 mean = [5.49477 3.57669 5.14148] covariance = [[1.51553 0.0385226 0.113789][0.0385226 1.22077 -0.19703][0.113789 -0.19703 1.61665]]
weight = 0.143149 mean = [-0.808437 3.04165 -2.91] covariance = [[2.69687 -1.3121 -0.0478141][-1.3121 0.982528 0.0336165][-0.0478141 0.0336165 0.0610451]]
weight = 0.322915 mean = [2.6902 1.3016 -2.66449] covariance = [[0.303756 0.0559832 0.160755][0.0559832 0.574999 0.20592][0.160755 0.20592 0.524798]]
weight = 0.01837 mean = [-3.7112 -0.276566 -0.289531] covariance = [[30.6089 -11.1661 -5.24526][-11.1661 7.1501 2.26771][-5.24526 2.26771 4.84997]]
weight = 0.07255 mean = [2.61294 4.71215 1.6162] covariance = [[2.58502 -0.150208 1.40638][-0.150208 0.756198 -0.242617][1.40638 -0.242617 2.09787]]
weight = 0.229307 mean = [1.06274 2.48371 -1.10194] covariance = [[3.23716 -0.921152 3.99849][-0.921152 0.916033 -1.22468][3.99849 -1.22468 6.94956]]
weight = 0.013727 mean = [4.76079 4.13965 3.52347] covariance = [[1.51553 0.0385226 0.113789][0.0385226 1.22077 -0.19703][0.113789 -0.19703 1.61665]]
weight = 0.120312 mean = [4.73513 2.95052 -0.503412] covariance = [[3.29605 -0.310413 0.303768][-0.310413 4.37189 -0.87717][0.303768 -0.87717 3.86911]]
weight = 0.0659429 mean = [0.553242 3.38076 2.37506] covariance = [[14.758 -4.36275 3.53944][-4.36275 7.86548 -0.720736][3.53944 -0.720736 6.08459]]
]
2025-05-19 18:56:41 INFO  ren0 [octree.h:535] root weight: 1.794e+06 (1794021.125000)
2025-05-19 18:56:41 INFO  ren0 [octree.h:536] splitting threshold: 1.794e+03 (1794.021240)
2025-05-19 18:56:41 INFO  ren0 [octree.h:535] root weight: 2.294e+05 (229444.640625)
2025-05-19 18:56:41 INFO  ren0 [octree.h:536] splitting threshold: 2.294e+02 (229.444656)
2025-05-19 18:56:41 INFO  ren0 [octree.h:551] node count: 767 -> 897 -> 796

2025-05-19 18:56:41 INFO  ren0 [octree.h:551] node count: 477 -> 493 -> 464

2025-05-19 18:56:41 INFO  ren0 [MIFocalGuidingPathTracer] ITERATION 7, until 80.0 seconds
2025-05-19 18:57:01 INFO  ren0 [MIFocalGuidingPathTracer]   157.57 seconds elapsed, passes this iteration: 1, total passes: 13
2025-05-19 18:57:01 INFO  ren0 [MIFocalGuidingPathTracer] Got 111007 non-zero samples
2025-05-19 18:57:01 INFO  ren0 [gaussian_mixture_model.h:811] Processing mega batch of size 111007
2025-05-19 18:57:01 INFO  ren0 [MIFocalGuidingPathTracer] GMM[
weight = 0.00901026 mean = [5.72226 3.06788 5.75655] covariance = [[1.30243 0.101662 0.053281][0.101662 1.30694 -0.00659251][0.053281 -0.00659251 1.25007]]
weight = 0.186509 mean = [-1.25673 3.35446 -2.92688] covariance = [[3.96234 -2.23729 -0.0183472][-2.23729 1.40496 0.0130018][-0.0183472 0.0130018 0.0321302]]
weight = 0.293228 mean = [2.67135 1.20637 -2.75891] covariance = [[0.21105 0.0322454 0.0732451][0.0322454 0.301336 0.0924549][0.0732451 0.0924549 0.271052]]
weight = 0.035458 mean = [-5.74939 0.767934 0.53631] covariance = [[27.675 -8.71853 -4.087][-8.71853 6.55975 1.23568][-4.087 1.23568 6.43217]]
weight = 0.00901026 mean = [5.33886 3.881 4.44082] covariance = [[1.30243 0.101662 0.053281][0.101662 1.30694 -0.00659251][0.053281 -0.00659251 1.25007]]
weight = 0.161001 mean = [1.55774 2.28385 -0.206315] covariance = [[3.14164 -1.0631 3.42886][-1.0631 1.08755 -1.18914][3.42886 -1.18914 5.90835]]
weight = 0.026558 mean = [3.01233 4.53212 1.9697] covariance = [[7.90969 -0.441289 4.27006][-0.441289 0.953345 -0.388211][4.27006 -0.388211 4.30128]]
weight = 0.177146 mean = [4.99341 2.61854 -0.670801] covariance = [[2.51701 -0.26515 0.0868668][-0.26515 4.21376 -0.321313][0.0868668 -0.321313 2.81144]]
weight = 0.10208 mean = [-0.895647 3.95656 1.54476] covariance = [[16.6054 -3.8864 3.843][-3.8864 7.84392 -0.0814016][3.843 -0.0814016 6.17892]]
]
2025-05-19 18:57:01 INFO  ren0 [octree.h:535] root weight: 1.551e+06 (1551407.000000)
2025-05-19 18:57:01 INFO  ren0 [octree.h:536] splitting threshold: 1.551e+03 (1551.407104)
2025-05-19 18:57:01 INFO  ren0 [octree.h:535] root weight: 1.945e+05 (194496.031250)
2025-05-19 18:57:01 INFO  ren0 [octree.h:536] splitting threshold: 1.945e+02 (194.496048)
2025-05-19 18:57:01 INFO  ren0 [octree.h:551] node count: 796 -> 891 -> 820

2025-05-19 18:57:01 INFO  ren0 [octree.h:551] node count: 464 -> 475 -> 462

2025-05-19 18:57:01 INFO  ren0 [MIFocalGuidingPathTracer] ITERATION 8, until 90.0 seconds
2025-05-19 18:57:22 INFO  ren0 [MIFocalGuidingPathTracer]   178.60 seconds elapsed, passes this iteration: 1, total passes: 14
2025-05-19 18:57:22 INFO  ren0 [MIFocalGuidingPathTracer] Got 188709 non-zero samples
2025-05-19 18:57:22 INFO  ren0 [gaussian_mixture_model.h:811] Processing mega batch of size 188709
2025-05-19 18:57:22 INFO  ren0 [MIFocalGuidingPathTracer] GMM[
weight = 0.189204 mean = [-0.65603 2.95891 -2.96238] covariance = [[5.13064 -2.95917 -0.0302225][-2.95917 1.73751 0.0168482][-0.0302225 0.0168482 0.00710624]]
weight = 0.256806 mean = [2.61529 1.14028 -2.8734] covariance = [[0.0747285 0.00763625 0.0223994][0.00763625 0.0960243 0.017949][0.0223994 0.017949 0.078379]]
weight = 0.0285213 mean = [5.78853 3.38812 4.92206] covariance = [[1.27386 -0.000641995 -0.0896664][-0.000641995 1.55292 -0.0981076][-0.0896664 -0.0981076 1.67536]]
weight = 0.113967 mean = [2.01999 2.36644 0.378366] covariance = [[3.02773 -1.00174 2.73933][-1.00174 1.26238 -0.964149][2.73933 -0.964149 4.97606]]
weight = 0.0564315 mean = [2.46814 4.72067 1.66451] covariance = [[5.99627 -0.277014 3.20847][-0.277014 0.62675 -0.117415][3.20847 -0.117415 2.81331]]
weight = 0.227308 mean = [4.71573 2.55993 -0.753029] covariance = [[2.24494 -0.655045 0.322395][-0.655045 3.64448 -0.101316][0.322395 -0.101316 2.47777]]
weight = 0.127763 mean = [-2.12336 3.6004 0.609683] covariance = [[21.6346 -1.6379 3.14734][-1.6379 8.32089 -0.597098][3.14734 -0.597098 4.69835]]
]
2025-05-19 18:57:22 INFO  ren0 [octree.h:535] root weight: 1.423e+06 (1422983.125000)
2025-05-19 18:57:22 INFO  ren0 [octree.h:536] splitting threshold: 1.423e+03 (1422.983154)
2025-05-19 18:57:22 INFO  ren0 [octree.h:535] root weight: 1.494e+05 (149420.562500)
2025-05-19 18:57:22 INFO  ren0 [octree.h:536] splitting threshold: 1.494e+02 (149.420563)
2025-05-19 18:57:22 INFO  ren0 [octree.h:551] node count: 820 -> 915 -> 828

2025-05-19 18:57:22 INFO  ren0 [octree.h:551] node count: 462 -> 473 -> 463

2025-05-19 18:57:22 INFO  ren0 [MIFocalGuidingPathTracer] ITERATION 9, until 100.0 seconds
2025-05-19 18:57:42 INFO  ren0 [MIFocalGuidingPathTracer]   198.07 seconds elapsed, passes this iteration: 1, total passes: 15
2025-05-19 18:57:42 INFO  ren0 [pmm_focal_guiding_recursive.cpp:220] starting iterative narrowing
2025-05-19 18:57:42 INFO  ren0 [MIFocalGuidingPathTracer] Got 536749 non-zero samples
2025-05-19 18:57:42 INFO  ren0 [gaussian_mixture_model.h:811] Processing mega batch of size 536749
2025-05-19 18:57:42 INFO  ren0 [MIFocalGuidingPathTracer] GMM[
weight = 0.0206658 mean = [-1.35775 3.3967 -2.98968] covariance = [[0.57851 -0.337971 0.000984754][-0.337971 0.198281 -0.000520829][0.000984754 -0.000520829 1.93747e-05]]
weight = 0.00395259 mean = [-2.39792 4.05604 -2.9956] covariance = [[0.235355 -0.137017 0.000100089][-0.137017 0.0798197 -4.88883e-05][0.000100089 -4.88883e-05 2.75581e-06]]
weight = 0.170178 mean = [2.56347 1.08341 -2.97661] covariance = [[0.00450855 -5.14698e-05 6.99016e-05][-5.14698e-05 0.00471781 -0.000671018][6.99016e-05 -0.000671018 0.00179386]]
weight = 0.0249725 mean = [5.10779 2.58149 5.15912] covariance = [[1.45398 -0.0929843 0.112655][-0.0929843 2.74442 0.541071][0.112655 0.541071 1.30154]]
weight = 0.15038 mean = [-0.304266 2.75168 -2.97927] covariance = [[2.48936 -1.54278 0.00314366][-1.54278 0.963751 -0.00179463][0.00314366 -0.00179463 0.000161337]]
weight = 0.0206658 mean = [-2.43324 4.02569 -2.99146] covariance = [[0.57851 -0.337971 0.000984754][-0.337971 0.198281 -0.000520829][0.000984754 -0.000520829 1.93747e-05]]
weight = 0.0208155 mean = [-2.32061 3.95852 -2.98974] covariance = [[0.0403111 -0.023894 8.21719e-06][-0.023894 0.014739 9.37177e-05][8.21719e-06 9.37177e-05 1.89862e-05]]
weight = 0.588369 mean = [0.654432 2.94824 -0.838794] covariance = [[23.6474 -3.56344 1.88577][-3.56344 4.97021 -1.17287][1.88577 -1.17287 4.34032]]
]
2025-05-19 18:57:42 INFO  ren0 [octree.h:535] root weight: 1.464e+06 (1463759.500000)
2025-05-19 18:57:42 INFO  ren0 [octree.h:536] splitting threshold: 1.464e+03 (1463.759521)
2025-05-19 18:57:42 INFO  ren0 [octree.h:535] root weight: 1.700e+05 (170030.250000)
2025-05-19 18:57:42 INFO  ren0 [octree.h:536] splitting threshold: 1.700e+02 (170.030258)
2025-05-19 18:57:42 INFO  ren0 [octree.h:551] node count: 828 -> 934 -> 811

2025-05-19 18:57:42 INFO  ren0 [octree.h:551] node count: 463 -> 479 -> 463

2025-05-19 18:57:42 INFO  ren0 [MIFocalGuidingPathTracer] ITERATION 10, until 110.0 seconds
2025-05-19 18:58:01 INFO  ren0 [MIFocalGuidingPathTracer]   217.33 seconds elapsed, passes this iteration: 1, total passes: 16
2025-05-19 18:58:01 INFO  ren0 [MIFocalGuidingPathTracer] Got 1991522 non-zero samples
2025-05-19 18:58:01 INFO  ren0 [gaussian_mixture_model.h:811] Processing mega batch of size 1991522
2025-05-19 18:58:02 INFO  ren0 [MIFocalGuidingPathTracer] GMM[
weight = 0.000508435 mean = [-2.30711 3.95898 -2.99196] covariance = [[0.000173133 -2.69712e-07 3.45361e-05][-2.69712e-07 0.00025043 8.38295e-05][3.45361e-05 8.38295e-05 0.000104832]]
weight = 0.000508435 mean = [-2.31004 3.93778 -3.00208] covariance = [[0.000173133 -2.69712e-07 3.45361e-05][-2.69712e-07 0.00025043 8.38295e-05][3.45361e-05 8.38295e-05 0.000104832]]
weight = 0.058204 mean = [2.56214 1.09844 -2.97289] covariance = [[0.00121441 -0.000128886 6.652e-05][-0.000128886 0.000927909 -9.77398e-05][6.652e-05 -9.77398e-05 0.000142222]]
weight = 0.058204 mean = [2.57793 1.13699 -2.97655] covariance = [[0.00121441 -0.000128886 6.652e-05][-0.000128886 0.000927909 -9.77398e-05][6.652e-05 -9.77398e-05 0.000142222]]
weight = 0.000252521 mean = [-2.30959 3.92874 -2.99177] covariance = [[6.85965e-05 2.19521e-06 -5.97973e-06][2.19521e-06 6.46408e-05 1.37568e-05][-5.97973e-06 1.37568e-05 3.23737e-05]]
weight = 0.000252521 mean = [-2.29881 3.92981 -2.99311] covariance = [[6.85965e-05 2.19521e-06 -5.97973e-06][2.19521e-06 6.46408e-05 1.37568e-05][-5.97973e-06 1.37568e-05 3.23737e-05]]
weight = 0.189086 mean = [0.690425 2.68661 -1.75846] covariance = [[4.63693 -0.624315 0.946503][-0.624315 2.68403 0.489469][0.946503 0.489469 3.50378]]
weight = 0.189086 mean = [3.54077 2.26509 -0.300955] covariance = [[4.63693 -0.624315 0.946503][-0.624315 2.68403 0.489469][0.946503 0.489469 3.50378]]
weight = 0.503899 mean = [-1.13848 3.29276 -2.97311] covariance = [[4.88493 -2.863 -0.0176398][-2.863 1.67829 0.0103587][-0.0176398 0.0103587 0.00010333]]
]
2025-05-19 18:58:02 INFO  ren0 [octree.h:535] root weight: 1.568e+06 (1568399.250000)
2025-05-19 18:58:02 INFO  ren0 [octree.h:536] splitting threshold: 1.568e+03 (1568.399292)
2025-05-19 18:58:02 INFO  ren0 [octree.h:535] root weight: 4.998e+04 (49984.949219)
2025-05-19 18:58:02 INFO  ren0 [octree.h:536] splitting threshold: 4.998e+01 (49.984951)
2025-05-19 18:58:02 INFO  ren0 [octree.h:551] node count: 811 -> 1120 -> 897

2025-05-19 18:58:02 INFO  ren0 [octree.h:551] node count: 463 -> 465 -> 434

2025-05-19 18:58:02 INFO  ren0 [MIFocalGuidingPathTracer] ITERATION 11, until 120.0 seconds
2025-05-19 18:58:22 INFO  ren0 [MIFocalGuidingPathTracer]   238.70 seconds elapsed, passes this iteration: 1, total passes: 17
2025-05-19 18:58:22 INFO  ren0 [MIFocalGuidingPathTracer] Got 4220969 non-zero samples
2025-05-19 18:58:22 INFO  ren0 [gaussian_mixture_model.h:811] Processing mega batch of size 4220969
2025-05-19 18:58:26 INFO  ren0 [MIFocalGuidingPathTracer] GMM[
weight = 0.000553806 mean = [-4.85419 5.52086 -2.9381] covariance = [[0.000128103 -6.36517e-05 3.56449e-05][-6.36517e-05 7.6042e-05 -1.80659e-05][3.56449e-05 -1.80659e-05 5.64574e-05]]
weight = 0.000553806 mean = [-4.86904 5.53061 -2.94367] covariance = [[0.000128103 -6.36517e-05 3.56449e-05][-6.36517e-05 7.6042e-05 -1.80659e-05][3.56449e-05 -1.80659e-05 5.64574e-05]]
weight = 0.00933311 mean = [2.55613 1.06871 -2.97889] covariance = [[0.000745726 1.19953e-05 0.00013487][1.19953e-05 0.000848573 -8.28002e-06][0.00013487 -8.28002e-06 0.000110549]]
weight = 0.00933311 mean = [2.56147 1.10935 -2.97837] covariance = [[0.000745726 1.19953e-05 0.00013487][1.19953e-05 0.000848573 -8.28002e-06][0.00013487 -8.28002e-06 0.000110549]]
weight = 0.000894291 mean = [-4.93048 5.59664 -2.96452] covariance = [[4.2208e-05 -2.61869e-05 2.02677e-06][-2.61869e-05 3.30076e-05 -1.39208e-06][2.02677e-06 -1.39208e-06 1.00338e-05]]
weight = 9.17221e-05 mean = [-4.95036 5.57985 -2.95347] covariance = [[9.07012e-06 1.46597e-06 -7.62931e-07][1.46597e-06 8.4581e-06 8.20175e-07][-7.62931e-07 8.20175e-07 9.59313e-06]]
weight = 0.000587864 mean = [-4.88769 5.52794 -2.94952] covariance = [[3.1207e-05 -2.56548e-06 4.98852e-06][-2.56548e-06 2.12756e-05 7.45823e-07][4.98852e-06 7.45823e-07 1.13225e-05]]
