2025-05-20 20:26:03 INFO  main [mitsuba.cpp:274] Mitsuba version 0.6.0 (Linux, 64 bit), Copyright (c) 2017 Wenzel Jakob
2025-05-20 20:26:03 INFO  main [mitsuba.cpp:377] Parsing scene description from "scene/dining-room/dining-room.xml" ..
2025-05-20 20:26:03 INFO  main [scenehandler.cpp:675] In file "/mitsuba/scene/dining-room/dining-room.xml" (near line 18): Parsing included file "pmm_focal_recursive.xml" ..
2025-05-20 20:26:03 INFO  main [PluginManager] Loading plugin "plugins/pmm_focal_recursive.so" ..
2025-05-20 20:26:03 INFO  main [octree.h:534] root weight: 8.000e-20 (0.000000)
2025-05-20 20:26:03 INFO  main [octree.h:535] splitting threshold: 8.000e-23 (0.000000)
2025-05-20 20:26:03 INFO  main [octree.h:550] node count: 1 -> 585 -> 585

2025-05-20 20:26:03 INFO  main [octree.h:534] root weight: 8.000e-20 (0.000000)
2025-05-20 20:26:03 INFO  main [octree.h:535] splitting threshold: 8.000e-23 (0.000000)
2025-05-20 20:26:03 INFO  main [octree.h:550] node count: 1 -> 585 -> 585

2025-05-20 20:26:03 INFO  main [MIFocalGuidingPathTracer] Final render will have 32 spp, m_budget will not be taken into account.
2025-05-20 20:26:03 INFO  main [MIFocalGuidingPathTracer] budget: 1800
2025-05-20 20:26:03 INFO  main [MIFocalGuidingPathTracer] dumpPrimaryRays: false
2025-05-20 20:26:03 INFO  main [MIFocalGuidingPathTracer] dumpScene: false
2025-05-20 20:26:03 INFO  main [MIFocalGuidingPathTracer] finalSpp: 32
2025-05-20 20:26:03 INFO  main [MIFocalGuidingPathTracer] gmm.alpha: 0.4
2025-05-20 20:26:03 INFO  main [MIFocalGuidingPathTracer] gmm.initMethod: KMeans
2025-05-20 20:26:03 INFO  main [MIFocalGuidingPathTracer] gmm.maxNumComp: 10
2025-05-20 20:26:03 INFO  main [MIFocalGuidingPathTracer] gmm.mergingThreshold: 0.65
2025-05-20 20:26:03 INFO  main [MIFocalGuidingPathTracer] gmm.minNumComp: 3
2025-05-20 20:26:03 INFO  main [MIFocalGuidingPathTracer] gmm.splittingThreshold: 100
2025-05-20 20:26:03 INFO  main [MIFocalGuidingPathTracer] iterationBudget: 10
2025-05-20 20:26:03 INFO  main [MIFocalGuidingPathTracer] iterationCount: 15
2025-05-20 20:26:03 INFO  main [MIFocalGuidingPathTracer] maxDepth: 40
2025-05-20 20:26:03 INFO  main [MIFocalGuidingPathTracer] minSamplesToStartFitting: 10
2025-05-20 20:26:03 INFO  main [MIFocalGuidingPathTracer] normalBinning: disabled
2025-05-20 20:26:03 INFO  main [MIFocalGuidingPathTracer] renderMaxSeconds: 36000
2025-05-20 20:26:03 INFO  main [MIFocalGuidingPathTracer] rrDepth: 14
2025-05-20 20:26:03 INFO  main [MIFocalGuidingPathTracer] samplingMode: 2
2025-05-20 20:26:03 INFO  main [MIFocalGuidingPathTracer] shouldPretrain: false
2025-05-20 20:26:03 INFO  main [MIFocalGuidingPathTracer] strictNormals: true
2025-05-20 20:26:03 INFO  main [MIFocalGuidingPathTracer] trainingSamples: 4
2025-05-20 20:26:03 INFO  main [MIFocalGuidingPathTracer] tree.threshold: 0.001
2025-05-20 20:26:03 INFO  main [MIFocalGuidingPathTracer] unboundedSplatting: true
2025-05-20 20:26:03 INFO  main [PluginManager] Loading plugin "plugins/independent.so" ..
2025-05-20 20:26:03 INFO  main [PluginManager] Loading plugin "plugins/box.so" ..
2025-05-20 20:26:03 INFO  main [PluginManager] Loading plugin "plugins/hdrfilm.so" ..
2025-05-20 20:26:03 INFO  main [PluginManager] Loading plugin "plugins/perspective.so" ..
2025-05-20 20:26:03 INFO  main [PluginManager] Loading plugin "plugins/roughplastic.so" ..
2025-05-20 20:26:03 INFO  main [PluginManager] Loading plugin "plugins/twosided.so" ..
2025-05-20 20:26:03 INFO  main [PluginManager] Loading plugin "plugins/roughconductor.so" ..
2025-05-20 20:26:03 INFO  main [spectrum.cpp:599] "Cu.eta.spd": loaded a spectral power distribution with 55 entries (between 302.400421 and 885.601257 nm)
2025-05-20 20:26:03 INFO  main [spectrum.cpp:599] "Cu.k.spd": loaded a spectral power distribution with 55 entries (between 302.400421 and 885.601257 nm)
2025-05-20 20:26:03 INFO  main [PluginManager] Loading plugin "plugins/diffuse.so" ..
2025-05-20 20:26:03 INFO  main [PluginManager] Loading plugin "plugins/bitmap.so" ..
2025-05-20 20:26:03 INFO  main [BitmapTexture] Loading texture "picture3.jpg"
2025-05-20 20:26:03 INFO  main [PluginManager] Loading plugin "plugins/lanczos.so" ..
2025-05-20 20:26:03 INFO  main [MIPMap] Generating MIP map cache file "/mitsuba/scene/dining-room/textures/picture3.mip" ..
2025-05-20 20:26:03 INFO  main [BitmapTexture] Loading texture "Tiles.jpg"
2025-05-20 20:26:03 INFO  main [spectrum.cpp:599] "Cu.eta.spd": loaded a spectral power distribution with 55 entries (between 302.400421 and 885.601257 nm)
2025-05-20 20:26:03 INFO  main [spectrum.cpp:599] "Cu.k.spd": loaded a spectral power distribution with 55 entries (between 302.400421 and 885.601257 nm)
2025-05-20 20:26:03 INFO  main [PluginManager] Loading plugin "plugins/conductor.so" ..
2025-05-20 20:26:03 INFO  main [spectrum.cpp:599] "Ir.eta.spd": loaded a spectral power distribution with 28 entries (between 302.389984 and 885.570984 nm)
2025-05-20 20:26:03 INFO  main [spectrum.cpp:599] "Ir.k.spd": loaded a spectral power distribution with 28 entries (between 302.389984 and 885.570984 nm)
2025-05-20 20:26:03 INFO  main [spectrum.cpp:599] "Cu.eta.spd": loaded a spectral power distribution with 55 entries (between 302.400421 and 885.601257 nm)
2025-05-20 20:26:03 INFO  main [spectrum.cpp:599] "Cu.k.spd": loaded a spectral power distribution with 55 entries (between 302.400421 and 885.601257 nm)
2025-05-20 20:26:03 INFO  main [BitmapTexture] Loading texture "Teacup.png"
2025-05-20 20:26:03 INFO  main [spectrum.cpp:599] "Cu.eta.spd": loaded a spectral power distribution with 55 entries (between 302.400421 and 885.601257 nm)
2025-05-20 20:26:03 INFO  main [spectrum.cpp:599] "Cu.k.spd": loaded a spectral power distribution with 55 entries (between 302.400421 and 885.601257 nm)
2025-05-20 20:26:03 INFO  main [PluginManager] Loading plugin "plugins/area.so" ..
2025-05-20 20:26:03 INFO  main [PluginManager] Loading plugin "plugins/disk.so" ..
2025-05-20 20:26:03 INFO  main [PluginManager] Loading plugin "plugins/ply.so" ..
2025-05-20 20:26:03 INFO  main [PLYLoader] Loading geometry from "parabol1.ply" ..
2025-05-20 20:26:03 INFO  main [PLYLoader] "parabol1": Loaded 25856 triangles, 13057 vertices (456.0 KiB in 3 ms).
2025-05-20 20:26:03 INFO  main [PLYLoader] Loading geometry from "parabol2.ply" ..
2025-05-20 20:26:03 INFO  main [PLYLoader] "parabol2": Loaded 25856 triangles, 13057 vertices (456.0 KiB in 2 ms).
2025-05-20 20:26:03 INFO  main [PluginManager] Loading plugin "plugins/obj.so" ..
2025-05-20 20:26:03 INFO  main [WavefrontOBJ] Loading geometry from "Mesh013.obj" ..
2025-05-20 20:26:03 INFO  main [WavefrontOBJ] Mesh013: 1056 triangles, 577 vertices (merged 2591 vertices).
2025-05-20 20:26:03 INFO  main [WavefrontOBJ] Done with "Mesh013.obj" (took 2 ms)
2025-05-20 20:26:03 INFO  main [WavefrontOBJ] Loading geometry from "Mesh016.obj" ..
2025-05-20 20:26:03 INFO  main [WavefrontOBJ] Mesh016: 384 triangles, 768 vertices (merged 384 vertices).
2025-05-20 20:26:03 INFO  main [WavefrontOBJ] Done with "Mesh016.obj" (took 2 ms)
2025-05-20 20:26:03 INFO  main [WavefrontOBJ] Loading geometry from "Mesh015.obj" ..
2025-05-20 20:26:03 INFO  main [WavefrontOBJ] Mesh015: 3136 triangles, 1680 vertices (merged 7728 vertices).
2025-05-20 20:26:03 INFO  main [WavefrontOBJ] Done with "Mesh015.obj" (took 6 ms)
2025-05-20 20:26:03 INFO  main [WavefrontOBJ] Loading geometry from "Mesh023.obj" ..
2025-05-20 20:26:03 INFO  main [WavefrontOBJ] Mesh023: 1056 triangles, 577 vertices (merged 2591 vertices).
2025-05-20 20:26:03 INFO  main [WavefrontOBJ] Done with "Mesh023.obj" (took 2 ms)
2025-05-20 20:26:03 INFO  main [WavefrontOBJ] Loading geometry from "Mesh020.obj" ..
2025-05-20 20:26:03 INFO  main [WavefrontOBJ] Mesh020: 384 triangles, 768 vertices (merged 384 vertices).
2025-05-20 20:26:03 INFO  main [WavefrontOBJ] Done with "Mesh020.obj" (took 2 ms)
2025-05-20 20:26:03 INFO  main [WavefrontOBJ] Loading geometry from "Mesh017.obj" ..
2025-05-20 20:26:03 INFO  main [WavefrontOBJ] Mesh017: 3136 triangles, 1680 vertices (merged 7728 vertices).
2025-05-20 20:26:03 INFO  main [WavefrontOBJ] Done with "Mesh017.obj" (took 6 ms)
2025-05-20 20:26:03 INFO  main [WavefrontOBJ] Loading geometry from "Mesh024.obj" ..
2025-05-20 20:26:03 INFO  main [WavefrontOBJ] Mesh024: 34 triangles, 68 vertices (merged 34 vertices).
2025-05-20 20:26:03 INFO  main [WavefrontOBJ] Done with "Mesh024.obj" (took 0 ms)
2025-05-20 20:26:03 INFO  main [WavefrontOBJ] Loading geometry from "Mesh041.obj" ..
2025-05-20 20:26:03 INFO  main [WavefrontOBJ] Mesh041: 8 triangles, 16 vertices (merged 8 vertices).
2025-05-20 20:26:03 INFO  main [WavefrontOBJ] Done with "Mesh041.obj" (took 0 ms)
2025-05-20 20:26:03 INFO  main [WavefrontOBJ] Loading geometry from "Mesh011.obj" ..
2025-05-20 20:26:03 INFO  main [WavefrontOBJ] Mesh011: 8992 triangles, 4544 vertices (merged 22432 vertices).
2025-05-20 20:26:03 INFO  main [WavefrontOBJ] Done with "Mesh011.obj" (took 19 ms)
2025-05-20 20:26:03 INFO  main [WavefrontOBJ] Loading geometry from "Mesh026.obj" ..
2025-05-20 20:26:03 INFO  main [WavefrontOBJ] Mesh026: 7624 triangles, 4070 vertices (merged 18802 vertices).
2025-05-20 20:26:03 INFO  main [WavefrontOBJ] Done with "Mesh026.obj" (took 16 ms)
2025-05-20 20:26:03 INFO  main [WavefrontOBJ] Loading geometry from "Mesh018.obj" ..
2025-05-20 20:26:03 INFO  main [WavefrontOBJ] Mesh018: 2016 triangles, 1260 vertices (merged 4788 vertices).
2025-05-20 20:26:03 INFO  main [WavefrontOBJ] Done with "Mesh018.obj" (took 4 ms)
2025-05-20 20:26:03 INFO  main [WavefrontOBJ] Loading geometry from "Mesh007.obj" ..
2025-05-20 20:26:03 INFO  main [WavefrontOBJ] Mesh007: 4352 triangles, 2178 vertices (merged 10878 vertices).
2025-05-20 20:26:03 INFO  main [WavefrontOBJ] Done with "Mesh007.obj" (took 9 ms)
2025-05-20 20:26:03 INFO  main [WavefrontOBJ] Loading geometry from "Mesh005.obj" ..
2025-05-20 20:26:03 INFO  main [WavefrontOBJ] Mesh005: 160 triangles, 144 vertices (merged 336 vertices).
2025-05-20 20:26:03 INFO  main [WavefrontOBJ] Done with "Mesh005.obj" (took 0 ms)
2025-05-20 20:26:03 INFO  main [WavefrontOBJ] Loading geometry from "Mesh019.obj" ..
2025-05-20 20:26:03 INFO  main [WavefrontOBJ] Mesh019: 560 triangles, 400 vertices (merged 1280 vertices).
2025-05-20 20:26:03 INFO  main [WavefrontOBJ] Done with "Mesh019.obj" (took 1 ms)
2025-05-20 20:26:03 INFO  main [WavefrontOBJ] Loading geometry from "Mesh021.obj" ..
2025-05-20 20:26:03 INFO  main [WavefrontOBJ] Mesh021: 720 triangles, 482 vertices (merged 1678 vertices).
2025-05-20 20:26:03 INFO  main [WavefrontOBJ] Done with "Mesh021.obj" (took 1 ms)
2025-05-20 20:26:03 INFO  main [WavefrontOBJ] Loading geometry from "Mesh037.obj" ..
2025-05-20 20:26:03 INFO  main [WavefrontOBJ] Mesh037: 7624 triangles, 4070 vertices (merged 18802 vertices).
2025-05-20 20:26:03 INFO  main [WavefrontOBJ] Done with "Mesh037.obj" (took 16 ms)
2025-05-20 20:26:03 INFO  main [WavefrontOBJ] Loading geometry from "Mesh004.obj" ..
2025-05-20 20:26:03 INFO  main [WavefrontOBJ] Mesh004: 2016 triangles, 1260 vertices (merged 4788 vertices).
2025-05-20 20:26:03 INFO  main [WavefrontOBJ] Done with "Mesh004.obj" (took 4 ms)
2025-05-20 20:26:03 INFO  main [WavefrontOBJ] Loading geometry from "Mesh014.obj" ..
2025-05-20 20:26:03 INFO  main [WavefrontOBJ] Mesh014: 160 triangles, 144 vertices (merged 336 vertices).
2025-05-20 20:26:03 INFO  main [WavefrontOBJ] Done with "Mesh014.obj" (took 0 ms)
2025-05-20 20:26:03 INFO  main [WavefrontOBJ] Loading geometry from "Mesh012.obj" ..
2025-05-20 20:26:03 INFO  main [WavefrontOBJ] Mesh012: 560 triangles, 400 vertices (merged 1280 vertices).
2025-05-20 20:26:03 INFO  main [WavefrontOBJ] Done with "Mesh012.obj" (took 1 ms)
2025-05-20 20:26:03 INFO  main [WavefrontOBJ] Loading geometry from "Mesh028.obj" ..
2025-05-20 20:26:03 INFO  main [WavefrontOBJ] Mesh028: 720 triangles, 482 vertices (merged 1678 vertices).
2025-05-20 20:26:03 INFO  main [WavefrontOBJ] Done with "Mesh028.obj" (took 1 ms)
2025-05-20 20:26:03 INFO  main [WavefrontOBJ] Loading geometry from "Mesh025.obj" ..
2025-05-20 20:26:03 INFO  main [WavefrontOBJ] Mesh025: 4352 triangles, 2178 vertices (merged 10878 vertices).
2025-05-20 20:26:03 INFO  main [WavefrontOBJ] Done with "Mesh025.obj" (took 9 ms)
2025-05-20 20:26:03 INFO  main [WavefrontOBJ] Loading geometry from "Mesh008.obj" ..
2025-05-20 20:26:03 INFO  main [WavefrontOBJ] Mesh008: 6320 triangles, 3270 vertices (merged 15690 vertices).
2025-05-20 20:26:03 INFO  main [WavefrontOBJ] Done with "Mesh008.obj" (took 13 ms)
2025-05-20 20:26:03 INFO  main [WavefrontOBJ] Loading geometry from "Mesh032.obj" ..
2025-05-20 20:26:03 INFO  main [WavefrontOBJ] Mesh032: 13248 triangles, 6686 vertices (merged 33058 vertices).
2025-05-20 20:26:03 INFO  main [WavefrontOBJ] Done with "Mesh032.obj" (took 27 ms)
2025-05-20 20:26:03 INFO  main [WavefrontOBJ] Loading geometry from "Mesh035.obj" ..
2025-05-20 20:26:03 INFO  main [WavefrontOBJ] Mesh035: 14480 triangles, 7404 vertices (merged 36036 vertices).
2025-05-20 20:26:03 INFO  main [WavefrontOBJ] Done with "Mesh035.obj" (took 30 ms)
2025-05-20 20:26:03 INFO  main [WavefrontOBJ] Loading geometry from "Mesh042.obj" ..
2025-05-20 20:26:03 INFO  main [WavefrontOBJ] Mesh042: 2320 triangles, 1492 vertices (merged 5468 vertices).
2025-05-20 20:26:03 INFO  main [WavefrontOBJ] Done with "Mesh042.obj" (took 5 ms)
2025-05-20 20:26:03 INFO  main [WavefrontOBJ] Loading geometry from "Mesh010.obj" ..
2025-05-20 20:26:03 INFO  main [WavefrontOBJ] Mesh010: 13248 triangles, 6686 vertices (merged 33058 vertices).
2025-05-20 20:26:03 INFO  main [WavefrontOBJ] Done with "Mesh010.obj" (took 27 ms)
2025-05-20 20:26:03 INFO  main [WavefrontOBJ] Loading geometry from "Mesh036.obj" ..
2025-05-20 20:26:03 INFO  main [WavefrontOBJ] Mesh036: 14480 triangles, 7404 vertices (merged 36036 vertices).
2025-05-20 20:26:03 INFO  main [WavefrontOBJ] Done with "Mesh036.obj" (took 30 ms)
2025-05-20 20:26:03 INFO  main [WavefrontOBJ] Loading geometry from "Mesh027.obj" ..
2025-05-20 20:26:03 INFO  main [WavefrontOBJ] Mesh027: 2320 triangles, 1492 vertices (merged 5468 vertices).
2025-05-20 20:26:03 INFO  main [WavefrontOBJ] Done with "Mesh027.obj" (took 5 ms)
2025-05-20 20:26:03 INFO  main [WavefrontOBJ] Loading geometry from "Mesh043.obj" ..
2025-05-20 20:26:03 INFO  main [WavefrontOBJ] Mesh043: 13248 triangles, 6686 vertices (merged 33058 vertices).
2025-05-20 20:26:03 INFO  main [WavefrontOBJ] Done with "Mesh043.obj" (took 27 ms)
2025-05-20 20:26:03 INFO  main [WavefrontOBJ] Loading geometry from "Mesh044.obj" ..
2025-05-20 20:26:03 INFO  main [WavefrontOBJ] Mesh044: 14480 triangles, 7404 vertices (merged 36036 vertices).
2025-05-20 20:26:03 INFO  main [WavefrontOBJ] Done with "Mesh044.obj" (took 30 ms)
2025-05-20 20:26:03 INFO  main [WavefrontOBJ] Loading geometry from "Mesh031.obj" ..
2025-05-20 20:26:03 INFO  main [WavefrontOBJ] Mesh031: 2320 triangles, 1492 vertices (merged 5468 vertices).
2025-05-20 20:26:03 INFO  main [WavefrontOBJ] Done with "Mesh031.obj" (took 5 ms)
2025-05-20 20:26:03 INFO  main [WavefrontOBJ] Loading geometry from "Mesh022.obj" ..
2025-05-20 20:26:03 INFO  main [WavefrontOBJ] Mesh022: 13248 triangles, 6686 vertices (merged 33058 vertices).
2025-05-20 20:26:03 INFO  main [WavefrontOBJ] Done with "Mesh022.obj" (took 27 ms)
2025-05-20 20:26:03 INFO  main [WavefrontOBJ] Loading geometry from "Mesh038.obj" ..
2025-05-20 20:26:03 INFO  main [WavefrontOBJ] Mesh038: 14480 triangles, 7404 vertices (merged 36036 vertices).
2025-05-20 20:26:03 INFO  main [WavefrontOBJ] Done with "Mesh038.obj" (took 30 ms)
2025-05-20 20:26:03 INFO  main [WavefrontOBJ] Loading geometry from "Mesh030.obj" ..
2025-05-20 20:26:03 INFO  main [WavefrontOBJ] Mesh030: 2320 triangles, 1492 vertices (merged 5468 vertices).
2025-05-20 20:26:03 INFO  main [WavefrontOBJ] Done with "Mesh030.obj" (took 5 ms)
2025-05-20 20:26:03 INFO  main [WavefrontOBJ] Loading geometry from "Mesh046.obj" ..
2025-05-20 20:26:03 INFO  main [WavefrontOBJ] Mesh046: 13248 triangles, 6686 vertices (merged 33058 vertices).
2025-05-20 20:26:03 INFO  main [WavefrontOBJ] Done with "Mesh046.obj" (took 27 ms)
2025-05-20 20:26:03 INFO  main [WavefrontOBJ] Loading geometry from "Mesh047.obj" ..
2025-05-20 20:26:03 INFO  main [WavefrontOBJ] Mesh047: 14480 triangles, 7404 vertices (merged 36036 vertices).
2025-05-20 20:26:03 INFO  main [WavefrontOBJ] Done with "Mesh047.obj" (took 30 ms)
2025-05-20 20:26:03 INFO  main [WavefrontOBJ] Loading geometry from "Mesh034.obj" ..
2025-05-20 20:26:03 INFO  main [WavefrontOBJ] Mesh034: 2320 triangles, 1492 vertices (merged 5468 vertices).
2025-05-20 20:26:03 INFO  main [WavefrontOBJ] Done with "Mesh034.obj" (took 5 ms)
2025-05-20 20:26:03 INFO  main [WavefrontOBJ] Loading geometry from "Mesh033.obj" ..
2025-05-20 20:26:03 INFO  main [WavefrontOBJ] Mesh033: 44 triangles, 96 vertices (merged 36 vertices).
2025-05-20 20:26:03 INFO  main [WavefrontOBJ] Done with "Mesh033.obj" (took 0 ms)
2025-05-20 20:26:03 INFO  main [WavefrontOBJ] Loading geometry from "Mesh006.obj" ..
2025-05-20 20:26:03 INFO  main [WavefrontOBJ] Mesh006: 4 triangles, 6 vertices (merged 6 vertices).
2025-05-20 20:26:03 INFO  main [WavefrontOBJ] Done with "Mesh006.obj" (took 0 ms)
2025-05-20 20:26:03 INFO  main [WavefrontOBJ] Loading geometry from "Mesh048.obj" ..
2025-05-20 20:26:03 INFO  main [WavefrontOBJ] Mesh048: 30 triangles, 38 vertices (merged 52 vertices).
2025-05-20 20:26:03 INFO  main [WavefrontOBJ] Done with "Mesh048.obj" (took 0 ms)
2025-05-20 20:26:03 INFO  main [WavefrontOBJ] Loading geometry from "Mesh049.obj" ..
2025-05-20 20:26:03 INFO  main [WavefrontOBJ] Mesh049: 13248 triangles, 6686 vertices (merged 33058 vertices).
2025-05-20 20:26:03 INFO  main [WavefrontOBJ] Done with "Mesh049.obj" (took 27 ms)
2025-05-20 20:26:03 INFO  main [WavefrontOBJ] Loading geometry from "Mesh051.obj" ..
2025-05-20 20:26:03 INFO  main [WavefrontOBJ] Mesh051: 14480 triangles, 7404 vertices (merged 36036 vertices).
2025-05-20 20:26:03 INFO  main [WavefrontOBJ] Done with "Mesh051.obj" (took 30 ms)
2025-05-20 20:26:03 INFO  main [WavefrontOBJ] Loading geometry from "Mesh040.obj" ..
2025-05-20 20:26:03 INFO  main [WavefrontOBJ] Mesh040: 2320 triangles, 1492 vertices (merged 5468 vertices).
2025-05-20 20:26:03 INFO  main [WavefrontOBJ] Done with "Mesh040.obj" (took 5 ms)
2025-05-20 20:26:03 INFO  main [WavefrontOBJ] Loading geometry from "Mesh003.obj" ..
2025-05-20 20:26:03 INFO  main [WavefrontOBJ] Mesh003: 18176 triangles, 9150 vertices (merged 45378 vertices).
2025-05-20 20:26:03 INFO  main [WavefrontOBJ] Done with "Mesh003.obj" (took 38 ms)
2025-05-20 20:26:03 INFO  main [WavefrontOBJ] Loading geometry from "Mesh002.obj" ..
2025-05-20 20:26:03 INFO  main [WavefrontOBJ] Mesh002: 7624 triangles, 4070 vertices (merged 18802 vertices).
2025-05-20 20:26:03 INFO  main [WavefrontOBJ] Done with "Mesh002.obj" (took 15 ms)
2025-05-20 20:26:03 INFO  main [WavefrontOBJ] Loading geometry from "Mesh009.obj" ..
2025-05-20 20:26:04 INFO  main [WavefrontOBJ] Mesh009: 2016 triangles, 1260 vertices (merged 4788 vertices).
2025-05-20 20:26:04 INFO  main [WavefrontOBJ] Done with "Mesh009.obj" (took 4 ms)
2025-05-20 20:26:04 INFO  main [WavefrontOBJ] Loading geometry from "Mesh045.obj" ..
2025-05-20 20:26:04 INFO  main [WavefrontOBJ] Mesh045: 4352 triangles, 2178 vertices (merged 10878 vertices).
2025-05-20 20:26:04 INFO  main [WavefrontOBJ] Done with "Mesh045.obj" (took 9 ms)
2025-05-20 20:26:04 INFO  main [WavefrontOBJ] Loading geometry from "Mesh029.obj" ..
2025-05-20 20:26:04 INFO  main [WavefrontOBJ] Mesh029: 160 triangles, 144 vertices (merged 336 vertices).
2025-05-20 20:26:04 INFO  main [WavefrontOBJ] Done with "Mesh029.obj" (took 0 ms)
2025-05-20 20:26:04 INFO  main [WavefrontOBJ] Loading geometry from "Mesh039.obj" ..
2025-05-20 20:26:04 INFO  main [WavefrontOBJ] Mesh039: 560 triangles, 400 vertices (merged 1280 vertices).
2025-05-20 20:26:04 INFO  main [WavefrontOBJ] Done with "Mesh039.obj" (took 1 ms)
2025-05-20 20:26:04 INFO  main [WavefrontOBJ] Loading geometry from "Mesh050.obj" ..
2025-05-20 20:26:04 INFO  main [WavefrontOBJ] Mesh050: 720 triangles, 482 vertices (merged 1678 vertices).
2025-05-20 20:26:04 INFO  main [WavefrontOBJ] Done with "Mesh050.obj" (took 1 ms)
2025-05-20 20:26:04 INFO  main [WavefrontOBJ] Loading geometry from "Mesh001.obj" ..
2025-05-20 20:26:04 INFO  main [WavefrontOBJ] Mesh001: 170 triangles, 340 vertices (merged 170 vertices).
2025-05-20 20:26:04 INFO  main [WavefrontOBJ] Done with "Mesh001.obj" (took 0 ms)
2025-05-20 20:26:04 INFO  main [WavefrontOBJ] Loading geometry from "Mesh000.obj" ..
2025-05-20 20:26:04 INFO  main [WavefrontOBJ] Mesh000: 22 triangles, 44 vertices (merged 22 vertices).
2025-05-20 20:26:04 INFO  main [WavefrontOBJ] Done with "Mesh000.obj" (took 0 ms)
2025-05-20 20:26:04 INFO  main [PluginManager] Loading plugin "plugins/rectangle.so" ..
2025-05-20 20:26:04 INFO  ren0 [KDTreeBase] Constructing a SAH kd-tree (321251 primitives) ..
2025-05-20 20:26:04 INFO  ren0 [KDTreeBase] Finished -- took 538 ms.
2025-05-20 20:26:04 INFO  ren0 [octree.h:534] root weight: 8.000e-20 (0.000000)
2025-05-20 20:26:04 INFO  ren0 [octree.h:535] splitting threshold: 8.000e-23 (0.000000)
2025-05-20 20:26:04 INFO  ren0 [octree.h:550] node count: 1 -> 585 -> 585

2025-05-20 20:26:04 INFO  ren0 [octree.h:534] root weight: 4.096e-17 (0.000000)
2025-05-20 20:26:04 INFO  ren0 [octree.h:535] splitting threshold: 4.096e-20 (0.000000)
2025-05-20 20:26:04 INFO  ren0 [octree.h:550] node count: 585 -> 585 -> 585

2025-05-20 20:26:04 INFO  ren0 [octree.h:534] root weight: 8.000e-20 (0.000000)
2025-05-20 20:26:04 INFO  ren0 [octree.h:535] splitting threshold: 8.000e-23 (0.000000)
2025-05-20 20:26:04 INFO  ren0 [octree.h:550] node count: 1 -> 585 -> 585

2025-05-20 20:26:04 INFO  ren0 [octree.h:534] root weight: 8.000e-20 (0.000000)
2025-05-20 20:26:04 INFO  ren0 [octree.h:535] splitting threshold: 8.000e-23 (0.000000)
2025-05-20 20:26:04 INFO  ren0 [octree.h:550] node count: 1 -> 585 -> 585

2025-05-20 20:26:04 INFO  ren0 [octree.h:534] root weight: 4.096e-17 (0.000000)
2025-05-20 20:26:04 INFO  ren0 [octree.h:535] splitting threshold: 4.096e-20 (0.000000)
2025-05-20 20:26:04 INFO  ren0 [octree.h:550] node count: 585 -> 585 -> 585

2025-05-20 20:26:04 INFO  ren0 [octree.h:534] root weight: 8.000e-20 (0.000000)
2025-05-20 20:26:04 INFO  ren0 [octree.h:535] splitting threshold: 8.000e-23 (0.000000)
2025-05-20 20:26:04 INFO  ren0 [octree.h:550] node count: 1 -> 585 -> 585

2025-05-20 20:26:04 INFO  ren0 [MIFocalGuidingPathTracer] AABB3[min=[-6.3658, -1.5274, -4.73046], max=[5.27597, 8.04131, 10.0598]]
2025-05-20 20:26:04 INFO  ren0 [MIFocalGuidingPathTracer] Starting render job (1280x720, 12 cores, SSE2 enabled) ..
2025-05-20 20:26:04 INFO  ren0 [MIFocalGuidingPathTracer] ITERATION 0, until 10.0 seconds
2025-05-20 20:26:14 INFO  ren0 [MIFocalGuidingPathTracer]   10.12 seconds elapsed, passes this iteration: 4, total passes: 4
2025-05-20 20:26:14 INFO  ren0 [MIFocalGuidingPathTracer] Got 1347116 non-zero samples
2025-05-20 20:26:14 INFO  ren0 [gaussian_mixture_model.h:815] Processing mega batch of size 1347116
2025-05-20 20:26:14 INFO  ren0 [gaussian_mixture_model.h:554] KMeans
2025-05-20 20:26:14 INFO  ren0 [gaussian_mixture_model.h:215] Before splitting
2025-05-20 20:26:14 INFO  ren0 [gaussian_mixture_model.h:216] GMM[
weight = 0.0970115 mean = [-0.937224 1.546 -4.2168] covariance = [[0.0322188 0.017652 -0.0221289][0.017652 0.0175657 -0.0281649][-0.0221289 -0.0281649 0.108011]]
weight = 0.00399262 mean = [-4.08041 5.33131 6.62276] covariance = [[7.88949 0.890893 2.80855][0.890893 3.09765 -0.781136][2.80855 -0.781136 2.85612]]
weight = 8.20461e-05 mean = [2.83149 7.57699 7.36971] covariance = [[0.130772 -0.0887077 -0.00857537][-0.0887077 0.121587 0.118707][-0.00857537 0.118707 1.59908]]
weight = 0.153335 mean = [-0.552444 -0.00747928 1.44887] covariance = [[0.258253 -0.0283695 0.320135][-0.0283695 0.229961 -0.558998][0.320135 -0.558998 5.49782]]
weight = 0.170104 mean = [-3.27059 4.76957 -1.89483] covariance = [[2.18058 -2.30401 0.273397][-2.30401 2.68896 -0.0894912][0.273397 -0.0894912 2.14584]]
weight = 0.0122959 mean = [-0.599796 0.185957 4.52925] covariance = [[1.74476 -0.0641336 -0.493183][-0.0641336 0.69124 0.446365][-0.493183 0.446365 1.59378]]
weight = 0.363654 mean = [-0.842855 1.73364 -3.18617] covariance = [[0.470912 -0.257986 0.0928657][-0.257986 0.470625 0.103959][0.0928657 0.103959 1.35215]]
weight = 0.00090298 mean = [3.18011 4.33841 5.28603] covariance = [[0.908009 -0.388334 -0.910984][-0.388334 10.816 9.32755][-0.910984 9.32755 10.5817]]
weight = 0.0677661 mean = [-0.0307504 2.81495 3.13234] covariance = [[0.0124259 0.0257111 0.0138215][0.0257111 0.161114 0.00696493][0.0138215 0.00696493 0.102553]]
weight = 0.130855 mean = [-4.01281 5.56345 -2.22889] covariance = [[0.778321 -0.963626 -0.0918807][-0.963626 1.39237 0.147415][-0.0918807 0.147415 0.180307]]
]
2025-05-20 20:26:14 INFO  ren0 [gaussian_mixture_model.h:218] Before merging
2025-05-20 20:26:14 INFO  ren0 [gaussian_mixture_model.h:219] GMM[
weight = 0.0970115 mean = [-0.937224 1.546 -4.2168] covariance = [[0.0322188 0.017652 -0.0221289][0.017652 0.0175657 -0.0281649][-0.0221289 -0.0281649 0.108011]]
weight = 0.00399262 mean = [-4.08041 5.33131 6.62276] covariance = [[7.88949 0.890893 2.80855][0.890893 3.09765 -0.781136][2.80855 -0.781136 2.85612]]
weight = 8.20461e-05 mean = [2.83149 7.57699 7.36971] covariance = [[0.130772 -0.0887077 -0.00857537][-0.0887077 0.121587 0.118707][-0.00857537 0.118707 1.59908]]
weight = 0.153335 mean = [-0.552444 -0.00747928 1.44887] covariance = [[0.258253 -0.0283695 0.320135][-0.0283695 0.229961 -0.558998][0.320135 -0.558998 5.49782]]
weight = 0.170104 mean = [-3.27059 4.76957 -1.89483] covariance = [[2.18058 -2.30401 0.273397][-2.30401 2.68896 -0.0894912][0.273397 -0.0894912 2.14584]]
weight = 0.0122959 mean = [-0.599796 0.185957 4.52925] covariance = [[1.74476 -0.0641336 -0.493183][-0.0641336 0.69124 0.446365][-0.493183 0.446365 1.59378]]
weight = 0.363654 mean = [-0.842855 1.73364 -3.18617] covariance = [[0.470912 -0.257986 0.0928657][-0.257986 0.470625 0.103959][0.0928657 0.103959 1.35215]]
weight = 0.00090298 mean = [3.18011 4.33841 5.28603] covariance = [[0.908009 -0.388334 -0.910984][-0.388334 10.816 9.32755][-0.910984 9.32755 10.5817]]
weight = 0.0677661 mean = [-0.0307504 2.81495 3.13234] covariance = [[0.0124259 0.0257111 0.0138215][0.0257111 0.161114 0.00696493][0.0138215 0.00696493 0.102553]]
weight = 0.130855 mean = [-4.01281 5.56345 -2.22889] covariance = [[0.778321 -0.963626 -0.0918807][-0.963626 1.39237 0.147415][-0.0918807 0.147415 0.180307]]
]
2025-05-20 20:26:14 INFO  ren0 [gaussian_mixture_model.h:215] Before splitting
2025-05-20 20:26:14 INFO  ren0 [gaussian_mixture_model.h:216] GMM[
weight = 0.0307483 mean = [-0.93716 1.5461 -4.21612] covariance = [[0.0322002 0.0176465 -0.0220572][0.0176465 0.0175654 -0.0280532][-0.0220572 -0.0280532 0.108518]]
weight = 0.00299509 mean = [-4.54544 5.31211 6.13551] covariance = [[5.08229 -0.536563 2.59048][-0.536563 2.05333 -1.14602][2.59048 -1.14602 2.48058]]
weight = 2.59959e-05 mean = [2.83147 7.57686 7.36872] covariance = [[0.130783 -0.0887168 -0.00834138][-0.0887168 0.121639 0.118801][-0.00834138 0.118801 1.60257]]
weight = 0.149992 mean = [-0.39742 -0.241957 3.64073] covariance = [[0.152445 -0.201508 1.03055][-0.201508 0.677518 -2.93834][1.03055 -2.93834 15.1001]]
weight = 0.00456255 mean = [-0.579198 0.166005 4.61454] covariance = [[2.04027 0.175671 -0.406148][0.175671 0.782643 0.284229][-0.406148 0.284229 1.75894]]
weight = 0.696027 mean = [-0.905251 1.66846 -2.2933] covariance = [[0.145426 -0.108045 -0.0249007][-0.108045 0.210958 -0.0470778][-0.0249007 -0.0470778 0.57572]]
weight = 0.000352382 mean = [2.99474 4.09247 4.81996] covariance = [[1.17437 0.191484 -0.336383][0.191484 9.61929 7.92956][-0.336383 7.92956 10.0806]]
weight = 0.021462 mean = [-0.0307506 2.81495 3.13233] covariance = [[0.012426 0.0257111 0.0138215][0.0257111 0.161116 0.00696551][0.0138215 0.00696551 0.102554]]
weight = 0.0938344 mean = [-2.49494 3.62866 -2.08503] covariance = [[2.41525 -3.06656 0.132999][-3.06656 4.03042 -0.191333][0.132999 -0.191333 0.168967]]
]
2025-05-20 20:26:14 INFO  ren0 [gaussian_mixture_model.h:218] Before merging
2025-05-20 20:26:14 INFO  ren0 [gaussian_mixture_model.h:219] GMM[
weight = 0.0153741 mean = [-0.888608 1.59673 -4.37757] covariance = [[0.0274956 0.0127303 -0.00637954][0.0127303 0.0124489 -0.0117051][-0.00637954 -0.0117051 0.0563953]]
weight = 0.00299509 mean = [-4.54544 5.31211 6.13551] covariance = [[5.08229 -0.536563 2.59048][-0.536563 2.05333 -1.14602][2.59048 -1.14602 2.48058]]
weight = 2.59959e-05 mean = [2.83147 7.57686 7.36872] covariance = [[0.130783 -0.0887168 -0.00834138][-0.0887168 0.121639 0.118801][-0.00834138 0.118801 1.60257]]
weight = 0.149992 mean = [-0.39742 -0.241957 3.64073] covariance = [[0.152445 -0.201508 1.03055][-0.201508 0.677518 -2.93834][1.03055 -2.93834 15.1001]]
weight = 0.0153741 mean = [-0.985712 1.49547 -4.05467] covariance = [[0.0274956 0.0127303 -0.00637954][0.0127303 0.0124489 -0.0117051][-0.00637954 -0.0117051 0.0563953]]
weight = 0.00456255 mean = [-0.579198 0.166005 4.61454] covariance = [[2.04027 0.175671 -0.406148][0.175671 0.782643 0.284229][-0.406148 0.284229 1.75894]]
weight = 0.696027 mean = [-0.905251 1.66846 -2.2933] covariance = [[0.145426 -0.108045 -0.0249007][-0.108045 0.210958 -0.0470778][-0.0249007 -0.0470778 0.57572]]
weight = 0.000352382 mean = [2.99474 4.09247 4.81996] covariance = [[1.17437 0.191484 -0.336383][0.191484 9.61929 7.92956][-0.336383 7.92956 10.0806]]
weight = 0.021462 mean = [-0.0307506 2.81495 3.13233] covariance = [[0.012426 0.0257111 0.0138215][0.0257111 0.161116 0.00696551][0.0138215 0.00696551 0.102554]]
weight = 0.0938344 mean = [-2.49494 3.62866 -2.08503] covariance = [[2.41525 -3.06656 0.132999][-3.06656 4.03042 -0.191333][0.132999 -0.191333 0.168967]]
]
2025-05-20 20:26:15 INFO  ren0 [gaussian_mixture_model.h:215] Before splitting
2025-05-20 20:26:15 INFO  ren0 [gaussian_mixture_model.h:216] GMM[
weight = 0.0149072 mean = [-0.919995 1.53044 -4.04239] covariance = [[0.0243276 0.0121643 -0.00802973][0.0121643 0.0135005 -0.0278703][-0.00802973 -0.0278703 0.161122]]
weight = 0.0061107 mean = [-4.06021 5.00715 5.6166] covariance = [[5.72937 -0.54414 3.72981][-0.54414 0.940792 0.158985][3.72981 0.158985 6.59944]]
weight = 3.15887e-05 mean = [2.93399 7.57674 6.635] covariance = [[0.0957746 -0.132357 -0.25774][-0.132357 0.255436 0.49701][-0.25774 0.49701 1.97481]]
weight = 0.257115 mean = [-0.428426 0.183738 3.10157] covariance = [[0.0721687 -0.158283 0.681206][-0.158283 0.65255 -2.25903][0.681206 -2.25903 9.56734]]
weight = 0.114959 mean = [-0.873454 1.48799 -3.57131] covariance = [[9.94186e-06 1.64795e-07 -3.45614e-07][1.64795e-07 9.74438e-06 6.28255e-07][-3.45614e-07 6.28255e-07 8.55423e-06]]
weight = 0.00614431 mean = [-1.01385 0.356382 4.12692] covariance = [[2.86891 0.986496 0.0733746][0.986496 1.29408 0.461839][0.0733746 0.461839 5.15905]]
weight = 0.010199 mean = [4.15584 3.08999 2.35692] covariance = [[2.2798 -0.612204 1.69512][-0.612204 5.47261 7.38287][1.69512 7.38287 28.8922]]
weight = 0.135895 mean = [-0.140725 2.59963 2.38159] covariance = [[0.00964513 0.0205547 0.061155][0.0205547 0.0499838 0.129338][0.061155 0.129338 0.413856]]
weight = 0.454638 mean = [-0.909772 1.51659 -2.10094] covariance = [[0.484967 -0.670305 0.0965498][-0.670305 0.973055 -0.148815][0.0965498 -0.148815 1.26064]]
]
2025-05-20 20:26:15 INFO  ren0 [gaussian_mixture_model.h:218] Before merging
2025-05-20 20:26:15 INFO  ren0 [gaussian_mixture_model.h:219] GMM[
weight = 0.0074536 mean = [-0.905515 1.56797 -4.24268] covariance = [[0.0239182 0.0110774 -0.00222975][0.0110774 0.0106934 -0.012837][-0.00222975 -0.012837 0.0809061]]
weight = 0.0061107 mean = [-4.06021 5.00715 5.6166] covariance = [[5.72937 -0.54414 3.72981][-0.54414 0.940792 0.158985][3.72981 0.158985 6.59944]]
weight = 3.15887e-05 mean = [2.93399 7.57674 6.635] covariance = [[0.0957746 -0.132357 -0.25774][-0.132357 0.255436 0.49701][-0.25774 0.49701 1.97481]]
weight = 0.257115 mean = [-0.428426 0.183738 3.10157] covariance = [[0.0721687 -0.158283 0.681206][-0.158283 0.65255 -2.25903][0.681206 -2.25903 9.56734]]
weight = 0.114959 mean = [-0.873454 1.48799 -3.57131] covariance = [[9.94186e-06 1.64795e-07 -3.45614e-07][1.64795e-07 9.74438e-06 6.28255e-07][-3.45614e-07 6.28255e-07 8.55423e-06]]
weight = 0.00614431 mean = [-1.01385 0.356382 4.12692] covariance = [[2.86891 0.986496 0.0733746][0.986496 1.29408 0.461839][0.0733746 0.461839 5.15905]]
weight = 0.0074536 mean = [-0.934474 1.49291 -3.84211] covariance = [[0.0239182 0.0110774 -0.00222975][0.0110774 0.0106934 -0.012837][-0.00222975 -0.012837 0.0809061]]
weight = 0.010199 mean = [4.15584 3.08999 2.35692] covariance = [[2.2798 -0.612204 1.69512][-0.612204 5.47261 7.38287][1.69512 7.38287 28.8922]]
weight = 0.135895 mean = [-0.140725 2.59963 2.38159] covariance = [[0.00964513 0.0205547 0.061155][0.0205547 0.0499838 0.129338][0.061155 0.129338 0.413856]]
weight = 0.454638 mean = [-0.909772 1.51659 -2.10094] covariance = [[0.484967 -0.670305 0.0965498][-0.670305 0.973055 -0.148815][0.0965498 -0.148815 1.26064]]
]
2025-05-20 20:26:15 INFO  ren0 [gaussian_mixture_model.h:215] Before splitting
2025-05-20 20:26:15 INFO  ren0 [gaussian_mixture_model.h:216] GMM[
weight = 0.00231156 mean = [-0.920032 1.53043 -4.0424] covariance = [[0.0243626 0.0121805 -0.00802383][0.0121805 0.0135076 -0.0278662][-0.00802383 -0.0278662 0.161116]]
weight = 0.0860277 mean = [0.310892 4.22944 7.5085] covariance = [[1.6221 0.270999 0.999329][0.270999 0.58116 -0.101068][0.999329 -0.101068 1.7716]]
weight = 6.2679e-06 mean = [2.94388 7.54213 7.10493] covariance = [[0.0902703 -0.101105 -0.16579][-0.101105 0.207158 0.34394][-0.16579 0.34394 2.41955]]
weight = 0.0713007 mean = [-0.873454 1.48799 -3.57131] covariance = [[9.94186e-06 1.64795e-07 -3.45614e-07][1.64795e-07 9.74438e-06 6.28255e-07][-3.45614e-07 6.28255e-07 8.55423e-06]]
weight = 0.0785921 mean = [-0.442197 0.603804 3.82454] covariance = [[0.261102 -0.109575 1.87736][-0.109575 0.221749 -1.77518][1.87736 -1.77518 21.9357]]
weight = 1.01565e-07 mean = [-1.78244 1.12422 -4.16065] covariance = [[0.0838915 0.0330966 0.0270899][0.0330966 0.01476 0.00913457][0.0270899 0.00913457 0.0152689]]
weight = 0.0208059 mean = [2.16284 3.21025 3.19735] covariance = [[4.80217 -1.26646 2.65678][-1.26646 7.5621 8.53396][2.65678 8.53396 25.2461]]
weight = 0.10336 mean = [-0.270755 2.32094 1.50305] covariance = [[0.00630485 0.013472 0.0417264][0.013472 0.0300908 0.0890776][0.0417264 0.0890776 0.282064]]
weight = 0.637596 mean = [0.00096204 0.253802 -1.7161] covariance = [[0.844103 -1.09839 0.157549][-1.09839 1.44781 -0.207179][0.157549 -0.207179 0.186036]]
]
2025-05-20 20:26:15 INFO  ren0 [gaussian_mixture_model.h:218] Before merging
2025-05-20 20:26:15 INFO  ren0 [gaussian_mixture_model.h:219] GMM[
weight = 0.00231156 mean = [-0.920032 1.53043 -4.0424] covariance = [[0.0243626 0.0121805 -0.00802383][0.0121805 0.0135076 -0.0278662][-0.00802383 -0.0278662 0.161116]]
weight = 0.0430138 mean = [0.873685 4.2728 8.10649] covariance = [[0.988639 0.222195 0.326249][0.222195 0.57741 -0.152925][0.326249 -0.152925 1.05644]]
weight = 6.2679e-06 mean = [2.94388 7.54213 7.10493] covariance = [[0.0902703 -0.101105 -0.16579][-0.101105 0.207158 0.34394][-0.16579 0.34394 2.41955]]
weight = 0.0430138 mean = [-0.2519 4.18608 6.91052] covariance = [[0.988639 0.222195 0.326249][0.222195 0.57741 -0.152925][0.326249 -0.152925 1.05644]]
weight = 0.0713007 mean = [-0.873454 1.48799 -3.57131] covariance = [[9.94186e-06 1.64795e-07 -3.45614e-07][1.64795e-07 9.74438e-06 6.28255e-07][-3.45614e-07 6.28255e-07 8.55423e-06]]
weight = 0.0785921 mean = [-0.442197 0.603804 3.82454] covariance = [[0.261102 -0.109575 1.87736][-0.109575 0.221749 -1.77518][1.87736 -1.77518 21.9357]]
weight = 1.01565e-07 mean = [-1.78244 1.12422 -4.16065] covariance = [[0.0838915 0.0330966 0.0270899][0.0330966 0.01476 0.00913457][0.0270899 0.00913457 0.0152689]]
weight = 0.0208059 mean = [2.16284 3.21025 3.19735] covariance = [[4.80217 -1.26646 2.65678][-1.26646 7.5621 8.53396][2.65678 8.53396 25.2461]]
weight = 0.10336 mean = [-0.270755 2.32094 1.50305] covariance = [[0.00630485 0.013472 0.0417264][0.013472 0.0300908 0.0890776][0.0417264 0.0890776 0.282064]]
weight = 0.637596 mean = [0.00096204 0.253802 -1.7161] covariance = [[0.844103 -1.09839 0.157549][-1.09839 1.44781 -0.207179][0.157549 -0.207179 0.186036]]
]
2025-05-20 20:26:15 INFO  ren0 [gaussian_mixture_model.h:215] Before splitting
2025-05-20 20:26:15 INFO  ren0 [gaussian_mixture_model.h:216] GMM[
weight = 0.0526834 mean = [0.742958 4.66446 9.03704] covariance = [[0.628746 0.212234 0.619807][0.212234 0.413249 0.334364][0.619807 0.334364 1.62792]]
weight = 0.00452138 mean = [-0.228148 3.9007 9.03641] covariance = [[3.18304 1.94966 1.28828][1.94966 2.0972 0.846361][1.28828 0.846361 1.00431]]
weight = 0.0535226 mean = [-0.873454 1.48799 -3.57131] covariance = [[9.94186e-06 1.64795e-07 -3.45614e-07][1.64795e-07 9.74438e-06 6.28255e-07][-3.45614e-07 6.28255e-07 8.55423e-06]]
weight = 0.218782 mean = [-0.978675 0.520895 -2.73669] covariance = [[0.0842522 0.00355815 0.831011][0.00355815 0.0445565 -0.072617][0.831011 -0.072617 9.49734]]
weight = 0.218753 mean = [-0.765843 2.33957 -3.84132] covariance = [[1.10551 0.209635 0.919649][0.209635 2.63283 0.679927][0.919649 0.679927 5.88923]]
weight = 0.0280899 mean = [-0.305222 2.24687 1.27026] covariance = [[0.0070077 0.0149996 0.046717][0.0149996 0.0330239 0.0999853][0.046717 0.0999853 0.315694]]
weight = 0.423648 mean = [-0.56869 1.04578 -2.1381] covariance = [[0.366361 -0.488081 0.139892][-0.488081 0.6562 -0.192114][0.139892 -0.192114 0.161477]]
]
2025-05-20 20:26:15 INFO  ren0 [gaussian_mixture_model.h:218] Before merging
2025-05-20 20:26:15 INFO  ren0 [gaussian_mixture_model.h:219] GMM[
weight = 0.0263417 mean = [0.440789 4.49544 8.41631] covariance = [[0.446144 0.110093 0.24468][0.110093 0.356128 0.124542][0.24468 0.124542 0.857331]]
weight = 0.0263417 mean = [1.04513 4.83347 9.65776] covariance = [[0.446144 0.110093 0.24468][0.110093 0.356128 0.124542][0.24468 0.124542 0.857331]]
weight = 0.00226069 mean = [-1.08857 3.25837 8.64494] covariance = [[1.70239 0.844309 0.614632][0.844309 1.27203 0.343462][0.614632 0.343462 0.697829]]
weight = 0.00226069 mean = [0.632275 4.54303 9.42787] covariance = [[1.70239 0.844309 0.614632][0.844309 1.27203 0.343462][0.614632 0.343462 0.697829]]
weight = 0.0535226 mean = [-0.873454 1.48799 -3.57131] covariance = [[9.94186e-06 1.64795e-07 -3.45614e-07][1.64795e-07 9.74438e-06 6.28255e-07][-3.45614e-07 6.28255e-07 8.55423e-06]]
weight = 0.109391 mean = [-0.843698 0.5092 -1.19581] covariance = [[0.0478248 0.00671542 0.415045][0.00671542 0.0442929 -0.0365739][0.415045 -0.0365739 4.74872]]
weight = 0.109391 mean = [-1.11365 0.532591 -4.27757] covariance = [[0.0478248 0.00671542 0.415045][0.00671542 0.0442929 -0.0365739][0.415045 -0.0365739 4.74872]]
weight = 0.218753 mean = [-0.765843 2.33957 -3.84132] covariance = [[1.10551 0.209635 0.919649][0.209635 2.63283 0.679927][0.919649 0.679927 5.88923]]
weight = 0.0280899 mean = [-0.305222 2.24687 1.27026] covariance = [[0.0070077 0.0149996 0.046717][0.0149996 0.0330239 0.0999853][0.046717 0.0999853 0.315694]]
weight = 0.423648 mean = [-0.56869 1.04578 -2.1381] covariance = [[0.366361 -0.488081 0.139892][-0.488081 0.6562 -0.192114][0.139892 -0.192114 0.161477]]
]
2025-05-20 20:26:15 INFO  ren0 [gaussian_mixture_model.h:215] Before splitting
2025-05-20 20:26:15 INFO  ren0 [gaussian_mixture_model.h:216] GMM[
weight = 0.147998 mean = [0.377059 3.71493 5.8775] covariance = [[1.87534e-05 1.26749e-06 -3.07478e-05][1.26749e-06 9.25853e-06 -1.0656e-05][-3.07478e-05 -1.0656e-05 0.000134629]]
