2025-05-20 22:30:19 INFO  main [mitsuba.cpp:274] Mitsuba version 0.6.0 (Linux, 64 bit), Copyright (c) 2017 Wenzel Jakob
2025-05-20 22:30:19 INFO  main [mitsuba.cpp:377] Parsing scene description from "scene/dining-room/dining-room.xml" ..
2025-05-20 22:30:19 INFO  main [scenehandler.cpp:675] In file "/mitsuba/scene/dining-room/dining-room.xml" (near line 18): Parsing included file "pmm_focal_recursive.xml" ..
2025-05-20 22:30:19 INFO  main [PluginManager] Loading plugin "plugins/pmm_focal_recursive.so" ..
2025-05-20 22:30:19 INFO  main [octree.h:534] root weight: 8.000e-20 (0.000000)
2025-05-20 22:30:19 INFO  main [octree.h:535] splitting threshold: 8.000e-23 (0.000000)
2025-05-20 22:30:19 INFO  main [octree.h:550] node count: 1 -> 585 -> 585

2025-05-20 22:30:19 INFO  main [octree.h:534] root weight: 8.000e-20 (0.000000)
2025-05-20 22:30:19 INFO  main [octree.h:535] splitting threshold: 8.000e-23 (0.000000)
2025-05-20 22:30:19 INFO  main [octree.h:550] node count: 1 -> 585 -> 585

2025-05-20 22:30:19 INFO  main [MIFocalGuidingPathTracer] Final render will have 32 spp, m_budget will not be taken into account.
2025-05-20 22:30:19 INFO  main [MIFocalGuidingPathTracer] budget: 1800
2025-05-20 22:30:19 INFO  main [MIFocalGuidingPathTracer] dumpPrimaryRays: false
2025-05-20 22:30:19 INFO  main [MIFocalGuidingPathTracer] dumpScene: false
2025-05-20 22:30:19 INFO  main [MIFocalGuidingPathTracer] finalSpp: 32
2025-05-20 22:30:19 INFO  main [MIFocalGuidingPathTracer] gmm.alpha: 0.4
2025-05-20 22:30:19 INFO  main [MIFocalGuidingPathTracer] gmm.initMethod: KMeans
2025-05-20 22:30:19 INFO  main [MIFocalGuidingPathTracer] gmm.maxNumComp: 10
2025-05-20 22:30:19 INFO  main [MIFocalGuidingPathTracer] gmm.mergingThreshold: 0.5
2025-05-20 22:30:19 INFO  main [MIFocalGuidingPathTracer] gmm.minNumComp: 3
2025-05-20 22:30:19 INFO  main [MIFocalGuidingPathTracer] gmm.splittingThreshold: 100
2025-05-20 22:30:19 INFO  main [MIFocalGuidingPathTracer] iterationBudget: 10
2025-05-20 22:30:19 INFO  main [MIFocalGuidingPathTracer] iterationCount: 15
2025-05-20 22:30:19 INFO  main [MIFocalGuidingPathTracer] maxDepth: 40
2025-05-20 22:30:19 INFO  main [MIFocalGuidingPathTracer] minSamplesToStartFitting: 10
2025-05-20 22:30:19 INFO  main [MIFocalGuidingPathTracer] normalBinning: disabled
2025-05-20 22:30:19 INFO  main [MIFocalGuidingPathTracer] renderMaxSeconds: 36000
2025-05-20 22:30:19 INFO  main [MIFocalGuidingPathTracer] rrDepth: 14
2025-05-20 22:30:19 INFO  main [MIFocalGuidingPathTracer] samplingMode: 2
2025-05-20 22:30:19 INFO  main [MIFocalGuidingPathTracer] shouldPretrain: false
2025-05-20 22:30:19 INFO  main [MIFocalGuidingPathTracer] strictNormals: true
2025-05-20 22:30:19 INFO  main [MIFocalGuidingPathTracer] trainingSamples: 4
2025-05-20 22:30:19 INFO  main [MIFocalGuidingPathTracer] tree.threshold: 0.001
2025-05-20 22:30:19 INFO  main [MIFocalGuidingPathTracer] unboundedSplatting: true
2025-05-20 22:30:19 INFO  main [PluginManager] Loading plugin "plugins/independent.so" ..
2025-05-20 22:30:19 INFO  main [PluginManager] Loading plugin "plugins/box.so" ..
2025-05-20 22:30:19 INFO  main [PluginManager] Loading plugin "plugins/hdrfilm.so" ..
2025-05-20 22:30:19 INFO  main [PluginManager] Loading plugin "plugins/perspective.so" ..
2025-05-20 22:30:19 INFO  main [PluginManager] Loading plugin "plugins/roughplastic.so" ..
2025-05-20 22:30:19 INFO  main [PluginManager] Loading plugin "plugins/twosided.so" ..
2025-05-20 22:30:19 INFO  main [PluginManager] Loading plugin "plugins/roughconductor.so" ..
2025-05-20 22:30:19 INFO  main [spectrum.cpp:599] "Cu.eta.spd": loaded a spectral power distribution with 55 entries (between 302.400421 and 885.601257 nm)
2025-05-20 22:30:19 INFO  main [spectrum.cpp:599] "Cu.k.spd": loaded a spectral power distribution with 55 entries (between 302.400421 and 885.601257 nm)
2025-05-20 22:30:19 INFO  main [PluginManager] Loading plugin "plugins/diffuse.so" ..
2025-05-20 22:30:19 INFO  main [PluginManager] Loading plugin "plugins/bitmap.so" ..
2025-05-20 22:30:19 INFO  main [BitmapTexture] Loading texture "picture3.jpg"
2025-05-20 22:30:19 INFO  main [PluginManager] Loading plugin "plugins/lanczos.so" ..
2025-05-20 22:30:19 INFO  main [MIPMap] Generating MIP map cache file "/mitsuba/scene/dining-room/textures/picture3.mip" ..
2025-05-20 22:30:19 INFO  main [BitmapTexture] Loading texture "Tiles.jpg"
2025-05-20 22:30:19 INFO  main [spectrum.cpp:599] "Cu.eta.spd": loaded a spectral power distribution with 55 entries (between 302.400421 and 885.601257 nm)
2025-05-20 22:30:19 INFO  main [spectrum.cpp:599] "Cu.k.spd": loaded a spectral power distribution with 55 entries (between 302.400421 and 885.601257 nm)
2025-05-20 22:30:19 INFO  main [PluginManager] Loading plugin "plugins/conductor.so" ..
2025-05-20 22:30:19 INFO  main [spectrum.cpp:599] "Ir.eta.spd": loaded a spectral power distribution with 28 entries (between 302.389984 and 885.570984 nm)
2025-05-20 22:30:19 INFO  main [spectrum.cpp:599] "Ir.k.spd": loaded a spectral power distribution with 28 entries (between 302.389984 and 885.570984 nm)
2025-05-20 22:30:19 INFO  main [spectrum.cpp:599] "Cu.eta.spd": loaded a spectral power distribution with 55 entries (between 302.400421 and 885.601257 nm)
2025-05-20 22:30:19 INFO  main [spectrum.cpp:599] "Cu.k.spd": loaded a spectral power distribution with 55 entries (between 302.400421 and 885.601257 nm)
2025-05-20 22:30:19 INFO  main [BitmapTexture] Loading texture "Teacup.png"
2025-05-20 22:30:19 INFO  main [spectrum.cpp:599] "Cu.eta.spd": loaded a spectral power distribution with 55 entries (between 302.400421 and 885.601257 nm)
2025-05-20 22:30:19 INFO  main [spectrum.cpp:599] "Cu.k.spd": loaded a spectral power distribution with 55 entries (between 302.400421 and 885.601257 nm)
2025-05-20 22:30:19 INFO  main [PluginManager] Loading plugin "plugins/area.so" ..
2025-05-20 22:30:19 INFO  main [PluginManager] Loading plugin "plugins/disk.so" ..
2025-05-20 22:30:19 INFO  main [PluginManager] Loading plugin "plugins/ply.so" ..
2025-05-20 22:30:19 INFO  main [PLYLoader] Loading geometry from "parabol1.ply" ..
2025-05-20 22:30:19 INFO  main [PLYLoader] "parabol1": Loaded 25856 triangles, 13057 vertices (456.0 KiB in 3 ms).
2025-05-20 22:30:19 INFO  main [PLYLoader] Loading geometry from "parabol2.ply" ..
2025-05-20 22:30:19 INFO  main [PLYLoader] "parabol2": Loaded 25856 triangles, 13057 vertices (456.0 KiB in 2 ms).
2025-05-20 22:30:19 INFO  main [PluginManager] Loading plugin "plugins/obj.so" ..
2025-05-20 22:30:19 INFO  main [WavefrontOBJ] Loading geometry from "Mesh013.obj" ..
2025-05-20 22:30:19 INFO  main [WavefrontOBJ] Mesh013: 1056 triangles, 577 vertices (merged 2591 vertices).
2025-05-20 22:30:19 INFO  main [WavefrontOBJ] Done with "Mesh013.obj" (took 2 ms)
2025-05-20 22:30:19 INFO  main [WavefrontOBJ] Loading geometry from "Mesh016.obj" ..
2025-05-20 22:30:19 INFO  main [WavefrontOBJ] Mesh016: 384 triangles, 768 vertices (merged 384 vertices).
2025-05-20 22:30:19 INFO  main [WavefrontOBJ] Done with "Mesh016.obj" (took 2 ms)
2025-05-20 22:30:19 INFO  main [WavefrontOBJ] Loading geometry from "Mesh015.obj" ..
2025-05-20 22:30:19 INFO  main [WavefrontOBJ] Mesh015: 3136 triangles, 1680 vertices (merged 7728 vertices).
2025-05-20 22:30:19 INFO  main [WavefrontOBJ] Done with "Mesh015.obj" (took 7 ms)
2025-05-20 22:30:19 INFO  main [WavefrontOBJ] Loading geometry from "Mesh023.obj" ..
2025-05-20 22:30:19 INFO  main [WavefrontOBJ] Mesh023: 1056 triangles, 577 vertices (merged 2591 vertices).
2025-05-20 22:30:19 INFO  main [WavefrontOBJ] Done with "Mesh023.obj" (took 2 ms)
2025-05-20 22:30:19 INFO  main [WavefrontOBJ] Loading geometry from "Mesh020.obj" ..
2025-05-20 22:30:19 INFO  main [WavefrontOBJ] Mesh020: 384 triangles, 768 vertices (merged 384 vertices).
2025-05-20 22:30:19 INFO  main [WavefrontOBJ] Done with "Mesh020.obj" (took 2 ms)
2025-05-20 22:30:19 INFO  main [WavefrontOBJ] Loading geometry from "Mesh017.obj" ..
2025-05-20 22:30:19 INFO  main [WavefrontOBJ] Mesh017: 3136 triangles, 1680 vertices (merged 7728 vertices).
2025-05-20 22:30:19 INFO  main [WavefrontOBJ] Done with "Mesh017.obj" (took 6 ms)
2025-05-20 22:30:19 INFO  main [WavefrontOBJ] Loading geometry from "Mesh024.obj" ..
2025-05-20 22:30:19 INFO  main [WavefrontOBJ] Mesh024: 34 triangles, 68 vertices (merged 34 vertices).
2025-05-20 22:30:19 INFO  main [WavefrontOBJ] Done with "Mesh024.obj" (took 0 ms)
2025-05-20 22:30:19 INFO  main [WavefrontOBJ] Loading geometry from "Mesh041.obj" ..
2025-05-20 22:30:19 INFO  main [WavefrontOBJ] Mesh041: 8 triangles, 16 vertices (merged 8 vertices).
2025-05-20 22:30:19 INFO  main [WavefrontOBJ] Done with "Mesh041.obj" (took 0 ms)
2025-05-20 22:30:19 INFO  main [WavefrontOBJ] Loading geometry from "Mesh011.obj" ..
2025-05-20 22:30:20 INFO  main [WavefrontOBJ] Mesh011: 8992 triangles, 4544 vertices (merged 22432 vertices).
2025-05-20 22:30:20 INFO  main [WavefrontOBJ] Done with "Mesh011.obj" (took 19 ms)
2025-05-20 22:30:20 INFO  main [WavefrontOBJ] Loading geometry from "Mesh026.obj" ..
2025-05-20 22:30:20 INFO  main [WavefrontOBJ] Mesh026: 7624 triangles, 4070 vertices (merged 18802 vertices).
2025-05-20 22:30:20 INFO  main [WavefrontOBJ] Done with "Mesh026.obj" (took 16 ms)
2025-05-20 22:30:20 INFO  main [WavefrontOBJ] Loading geometry from "Mesh018.obj" ..
2025-05-20 22:30:20 INFO  main [WavefrontOBJ] Mesh018: 2016 triangles, 1260 vertices (merged 4788 vertices).
2025-05-20 22:30:20 INFO  main [WavefrontOBJ] Done with "Mesh018.obj" (took 4 ms)
2025-05-20 22:30:20 INFO  main [WavefrontOBJ] Loading geometry from "Mesh007.obj" ..
2025-05-20 22:30:20 INFO  main [WavefrontOBJ] Mesh007: 4352 triangles, 2178 vertices (merged 10878 vertices).
2025-05-20 22:30:20 INFO  main [WavefrontOBJ] Done with "Mesh007.obj" (took 9 ms)
2025-05-20 22:30:20 INFO  main [WavefrontOBJ] Loading geometry from "Mesh005.obj" ..
2025-05-20 22:30:20 INFO  main [WavefrontOBJ] Mesh005: 160 triangles, 144 vertices (merged 336 vertices).
2025-05-20 22:30:20 INFO  main [WavefrontOBJ] Done with "Mesh005.obj" (took 0 ms)
2025-05-20 22:30:20 INFO  main [WavefrontOBJ] Loading geometry from "Mesh019.obj" ..
2025-05-20 22:30:20 INFO  main [WavefrontOBJ] Mesh019: 560 triangles, 400 vertices (merged 1280 vertices).
2025-05-20 22:30:20 INFO  main [WavefrontOBJ] Done with "Mesh019.obj" (took 1 ms)
2025-05-20 22:30:20 INFO  main [WavefrontOBJ] Loading geometry from "Mesh021.obj" ..
2025-05-20 22:30:20 INFO  main [WavefrontOBJ] Mesh021: 720 triangles, 482 vertices (merged 1678 vertices).
2025-05-20 22:30:20 INFO  main [WavefrontOBJ] Done with "Mesh021.obj" (took 1 ms)
2025-05-20 22:30:20 INFO  main [WavefrontOBJ] Loading geometry from "Mesh037.obj" ..
2025-05-20 22:30:20 INFO  main [WavefrontOBJ] Mesh037: 7624 triangles, 4070 vertices (merged 18802 vertices).
2025-05-20 22:30:20 INFO  main [WavefrontOBJ] Done with "Mesh037.obj" (took 16 ms)
2025-05-20 22:30:20 INFO  main [WavefrontOBJ] Loading geometry from "Mesh004.obj" ..
2025-05-20 22:30:20 INFO  main [WavefrontOBJ] Mesh004: 2016 triangles, 1260 vertices (merged 4788 vertices).
2025-05-20 22:30:20 INFO  main [WavefrontOBJ] Done with "Mesh004.obj" (took 4 ms)
2025-05-20 22:30:20 INFO  main [WavefrontOBJ] Loading geometry from "Mesh014.obj" ..
2025-05-20 22:30:20 INFO  main [WavefrontOBJ] Mesh014: 160 triangles, 144 vertices (merged 336 vertices).
2025-05-20 22:30:20 INFO  main [WavefrontOBJ] Done with "Mesh014.obj" (took 0 ms)
2025-05-20 22:30:20 INFO  main [WavefrontOBJ] Loading geometry from "Mesh012.obj" ..
2025-05-20 22:30:20 INFO  main [WavefrontOBJ] Mesh012: 560 triangles, 400 vertices (merged 1280 vertices).
2025-05-20 22:30:20 INFO  main [WavefrontOBJ] Done with "Mesh012.obj" (took 1 ms)
2025-05-20 22:30:20 INFO  main [WavefrontOBJ] Loading geometry from "Mesh028.obj" ..
2025-05-20 22:30:20 INFO  main [WavefrontOBJ] Mesh028: 720 triangles, 482 vertices (merged 1678 vertices).
2025-05-20 22:30:20 INFO  main [WavefrontOBJ] Done with "Mesh028.obj" (took 2 ms)
2025-05-20 22:30:20 INFO  main [WavefrontOBJ] Loading geometry from "Mesh025.obj" ..
2025-05-20 22:30:20 INFO  main [WavefrontOBJ] Mesh025: 4352 triangles, 2178 vertices (merged 10878 vertices).
2025-05-20 22:30:20 INFO  main [WavefrontOBJ] Done with "Mesh025.obj" (took 10 ms)
2025-05-20 22:30:20 INFO  main [WavefrontOBJ] Loading geometry from "Mesh008.obj" ..
2025-05-20 22:30:20 INFO  main [WavefrontOBJ] Mesh008: 6320 triangles, 3270 vertices (merged 15690 vertices).
2025-05-20 22:30:20 INFO  main [WavefrontOBJ] Done with "Mesh008.obj" (took 13 ms)
2025-05-20 22:30:20 INFO  main [WavefrontOBJ] Loading geometry from "Mesh032.obj" ..
2025-05-20 22:30:20 INFO  main [WavefrontOBJ] Mesh032: 13248 triangles, 6686 vertices (merged 33058 vertices).
2025-05-20 22:30:20 INFO  main [WavefrontOBJ] Done with "Mesh032.obj" (took 28 ms)
2025-05-20 22:30:20 INFO  main [WavefrontOBJ] Loading geometry from "Mesh035.obj" ..
2025-05-20 22:30:20 INFO  main [WavefrontOBJ] Mesh035: 14480 triangles, 7404 vertices (merged 36036 vertices).
2025-05-20 22:30:20 INFO  main [WavefrontOBJ] Done with "Mesh035.obj" (took 31 ms)
2025-05-20 22:30:20 INFO  main [WavefrontOBJ] Loading geometry from "Mesh042.obj" ..
2025-05-20 22:30:20 INFO  main [WavefrontOBJ] Mesh042: 2320 triangles, 1492 vertices (merged 5468 vertices).
2025-05-20 22:30:20 INFO  main [WavefrontOBJ] Done with "Mesh042.obj" (took 5 ms)
2025-05-20 22:30:20 INFO  main [WavefrontOBJ] Loading geometry from "Mesh010.obj" ..
2025-05-20 22:30:20 INFO  main [WavefrontOBJ] Mesh010: 13248 triangles, 6686 vertices (merged 33058 vertices).
2025-05-20 22:30:20 INFO  main [WavefrontOBJ] Done with "Mesh010.obj" (took 27 ms)
2025-05-20 22:30:20 INFO  main [WavefrontOBJ] Loading geometry from "Mesh036.obj" ..
2025-05-20 22:30:20 INFO  main [WavefrontOBJ] Mesh036: 14480 triangles, 7404 vertices (merged 36036 vertices).
2025-05-20 22:30:20 INFO  main [WavefrontOBJ] Done with "Mesh036.obj" (took 30 ms)
2025-05-20 22:30:20 INFO  main [WavefrontOBJ] Loading geometry from "Mesh027.obj" ..
2025-05-20 22:30:20 INFO  main [WavefrontOBJ] Mesh027: 2320 triangles, 1492 vertices (merged 5468 vertices).
2025-05-20 22:30:20 INFO  main [WavefrontOBJ] Done with "Mesh027.obj" (took 5 ms)
2025-05-20 22:30:20 INFO  main [WavefrontOBJ] Loading geometry from "Mesh043.obj" ..
2025-05-20 22:30:20 INFO  main [WavefrontOBJ] Mesh043: 13248 triangles, 6686 vertices (merged 33058 vertices).
2025-05-20 22:30:20 INFO  main [WavefrontOBJ] Done with "Mesh043.obj" (took 27 ms)
2025-05-20 22:30:20 INFO  main [WavefrontOBJ] Loading geometry from "Mesh044.obj" ..
2025-05-20 22:30:20 INFO  main [WavefrontOBJ] Mesh044: 14480 triangles, 7404 vertices (merged 36036 vertices).
2025-05-20 22:30:20 INFO  main [WavefrontOBJ] Done with "Mesh044.obj" (took 30 ms)
2025-05-20 22:30:20 INFO  main [WavefrontOBJ] Loading geometry from "Mesh031.obj" ..
2025-05-20 22:30:20 INFO  main [WavefrontOBJ] Mesh031: 2320 triangles, 1492 vertices (merged 5468 vertices).
2025-05-20 22:30:20 INFO  main [WavefrontOBJ] Done with "Mesh031.obj" (took 5 ms)
2025-05-20 22:30:20 INFO  main [WavefrontOBJ] Loading geometry from "Mesh022.obj" ..
2025-05-20 22:30:20 INFO  main [WavefrontOBJ] Mesh022: 13248 triangles, 6686 vertices (merged 33058 vertices).
2025-05-20 22:30:20 INFO  main [WavefrontOBJ] Done with "Mesh022.obj" (took 28 ms)
2025-05-20 22:30:20 INFO  main [WavefrontOBJ] Loading geometry from "Mesh038.obj" ..
2025-05-20 22:30:20 INFO  main [WavefrontOBJ] Mesh038: 14480 triangles, 7404 vertices (merged 36036 vertices).
2025-05-20 22:30:20 INFO  main [WavefrontOBJ] Done with "Mesh038.obj" (took 32 ms)
2025-05-20 22:30:20 INFO  main [WavefrontOBJ] Loading geometry from "Mesh030.obj" ..
2025-05-20 22:30:20 INFO  main [WavefrontOBJ] Mesh030: 2320 triangles, 1492 vertices (merged 5468 vertices).
2025-05-20 22:30:20 INFO  main [WavefrontOBJ] Done with "Mesh030.obj" (took 5 ms)
2025-05-20 22:30:20 INFO  main [WavefrontOBJ] Loading geometry from "Mesh046.obj" ..
2025-05-20 22:30:20 INFO  main [WavefrontOBJ] Mesh046: 13248 triangles, 6686 vertices (merged 33058 vertices).
2025-05-20 22:30:20 INFO  main [WavefrontOBJ] Done with "Mesh046.obj" (took 28 ms)
2025-05-20 22:30:20 INFO  main [WavefrontOBJ] Loading geometry from "Mesh047.obj" ..
2025-05-20 22:30:20 INFO  main [WavefrontOBJ] Mesh047: 14480 triangles, 7404 vertices (merged 36036 vertices).
2025-05-20 22:30:20 INFO  main [WavefrontOBJ] Done with "Mesh047.obj" (took 30 ms)
2025-05-20 22:30:20 INFO  main [WavefrontOBJ] Loading geometry from "Mesh034.obj" ..
2025-05-20 22:30:20 INFO  main [WavefrontOBJ] Mesh034: 2320 triangles, 1492 vertices (merged 5468 vertices).
2025-05-20 22:30:20 INFO  main [WavefrontOBJ] Done with "Mesh034.obj" (took 5 ms)
2025-05-20 22:30:20 INFO  main [WavefrontOBJ] Loading geometry from "Mesh033.obj" ..
2025-05-20 22:30:20 INFO  main [WavefrontOBJ] Mesh033: 44 triangles, 96 vertices (merged 36 vertices).
2025-05-20 22:30:20 INFO  main [WavefrontOBJ] Done with "Mesh033.obj" (took 0 ms)
2025-05-20 22:30:20 INFO  main [WavefrontOBJ] Loading geometry from "Mesh006.obj" ..
2025-05-20 22:30:20 INFO  main [WavefrontOBJ] Mesh006: 4 triangles, 6 vertices (merged 6 vertices).
2025-05-20 22:30:20 INFO  main [WavefrontOBJ] Done with "Mesh006.obj" (took 0 ms)
2025-05-20 22:30:20 INFO  main [WavefrontOBJ] Loading geometry from "Mesh048.obj" ..
2025-05-20 22:30:20 INFO  main [WavefrontOBJ] Mesh048: 30 triangles, 38 vertices (merged 52 vertices).
2025-05-20 22:30:20 INFO  main [WavefrontOBJ] Done with "Mesh048.obj" (took 0 ms)
2025-05-20 22:30:20 INFO  main [WavefrontOBJ] Loading geometry from "Mesh049.obj" ..
2025-05-20 22:30:20 INFO  main [WavefrontOBJ] Mesh049: 13248 triangles, 6686 vertices (merged 33058 vertices).
2025-05-20 22:30:20 INFO  main [WavefrontOBJ] Done with "Mesh049.obj" (took 27 ms)
2025-05-20 22:30:20 INFO  main [WavefrontOBJ] Loading geometry from "Mesh051.obj" ..
2025-05-20 22:30:20 INFO  main [WavefrontOBJ] Mesh051: 14480 triangles, 7404 vertices (merged 36036 vertices).
2025-05-20 22:30:20 INFO  main [WavefrontOBJ] Done with "Mesh051.obj" (took 30 ms)
2025-05-20 22:30:20 INFO  main [WavefrontOBJ] Loading geometry from "Mesh040.obj" ..
2025-05-20 22:30:20 INFO  main [WavefrontOBJ] Mesh040: 2320 triangles, 1492 vertices (merged 5468 vertices).
2025-05-20 22:30:20 INFO  main [WavefrontOBJ] Done with "Mesh040.obj" (took 5 ms)
2025-05-20 22:30:20 INFO  main [WavefrontOBJ] Loading geometry from "Mesh003.obj" ..
2025-05-20 22:30:20 INFO  main [WavefrontOBJ] Mesh003: 18176 triangles, 9150 vertices (merged 45378 vertices).
2025-05-20 22:30:20 INFO  main [WavefrontOBJ] Done with "Mesh003.obj" (took 37 ms)
2025-05-20 22:30:20 INFO  main [WavefrontOBJ] Loading geometry from "Mesh002.obj" ..
2025-05-20 22:30:20 INFO  main [WavefrontOBJ] Mesh002: 7624 triangles, 4070 vertices (merged 18802 vertices).
2025-05-20 22:30:20 INFO  main [WavefrontOBJ] Done with "Mesh002.obj" (took 17 ms)
2025-05-20 22:30:20 INFO  main [WavefrontOBJ] Loading geometry from "Mesh009.obj" ..
2025-05-20 22:30:20 INFO  main [WavefrontOBJ] Mesh009: 2016 triangles, 1260 vertices (merged 4788 vertices).
2025-05-20 22:30:20 INFO  main [WavefrontOBJ] Done with "Mesh009.obj" (took 4 ms)
2025-05-20 22:30:20 INFO  main [WavefrontOBJ] Loading geometry from "Mesh045.obj" ..
2025-05-20 22:30:20 INFO  main [WavefrontOBJ] Mesh045: 4352 triangles, 2178 vertices (merged 10878 vertices).
2025-05-20 22:30:20 INFO  main [WavefrontOBJ] Done with "Mesh045.obj" (took 8 ms)
2025-05-20 22:30:20 INFO  main [WavefrontOBJ] Loading geometry from "Mesh029.obj" ..
2025-05-20 22:30:20 INFO  main [WavefrontOBJ] Mesh029: 160 triangles, 144 vertices (merged 336 vertices).
2025-05-20 22:30:20 INFO  main [WavefrontOBJ] Done with "Mesh029.obj" (took 0 ms)
2025-05-20 22:30:20 INFO  main [WavefrontOBJ] Loading geometry from "Mesh039.obj" ..
2025-05-20 22:30:20 INFO  main [WavefrontOBJ] Mesh039: 560 triangles, 400 vertices (merged 1280 vertices).
2025-05-20 22:30:20 INFO  main [WavefrontOBJ] Done with "Mesh039.obj" (took 1 ms)
2025-05-20 22:30:20 INFO  main [WavefrontOBJ] Loading geometry from "Mesh050.obj" ..
2025-05-20 22:30:20 INFO  main [WavefrontOBJ] Mesh050: 720 triangles, 482 vertices (merged 1678 vertices).
2025-05-20 22:30:20 INFO  main [WavefrontOBJ] Done with "Mesh050.obj" (took 1 ms)
2025-05-20 22:30:20 INFO  main [WavefrontOBJ] Loading geometry from "Mesh001.obj" ..
2025-05-20 22:30:20 INFO  main [WavefrontOBJ] Mesh001: 170 triangles, 340 vertices (merged 170 vertices).
2025-05-20 22:30:20 INFO  main [WavefrontOBJ] Done with "Mesh001.obj" (took 0 ms)
2025-05-20 22:30:20 INFO  main [WavefrontOBJ] Loading geometry from "Mesh000.obj" ..
2025-05-20 22:30:20 INFO  main [WavefrontOBJ] Mesh000: 22 triangles, 44 vertices (merged 22 vertices).
2025-05-20 22:30:20 INFO  main [WavefrontOBJ] Done with "Mesh000.obj" (took 0 ms)
2025-05-20 22:30:20 INFO  main [PluginManager] Loading plugin "plugins/rectangle.so" ..
2025-05-20 22:30:20 INFO  ren0 [KDTreeBase] Constructing a SAH kd-tree (321251 primitives) ..
2025-05-20 22:30:21 INFO  ren0 [KDTreeBase] Finished -- took 625 ms.
2025-05-20 22:30:21 INFO  ren0 [octree.h:534] root weight: 8.000e-20 (0.000000)
2025-05-20 22:30:21 INFO  ren0 [octree.h:535] splitting threshold: 8.000e-23 (0.000000)
2025-05-20 22:30:21 INFO  ren0 [octree.h:550] node count: 1 -> 585 -> 585

2025-05-20 22:30:21 INFO  ren0 [octree.h:534] root weight: 4.096e-17 (0.000000)
2025-05-20 22:30:21 INFO  ren0 [octree.h:535] splitting threshold: 4.096e-20 (0.000000)
2025-05-20 22:30:21 INFO  ren0 [octree.h:550] node count: 585 -> 585 -> 585

2025-05-20 22:30:21 INFO  ren0 [octree.h:534] root weight: 8.000e-20 (0.000000)
2025-05-20 22:30:21 INFO  ren0 [octree.h:535] splitting threshold: 8.000e-23 (0.000000)
2025-05-20 22:30:21 INFO  ren0 [octree.h:550] node count: 1 -> 585 -> 585

2025-05-20 22:30:21 INFO  ren0 [octree.h:534] root weight: 8.000e-20 (0.000000)
2025-05-20 22:30:21 INFO  ren0 [octree.h:535] splitting threshold: 8.000e-23 (0.000000)
2025-05-20 22:30:21 INFO  ren0 [octree.h:550] node count: 1 -> 585 -> 585

2025-05-20 22:30:21 INFO  ren0 [octree.h:534] root weight: 4.096e-17 (0.000000)
2025-05-20 22:30:21 INFO  ren0 [octree.h:535] splitting threshold: 4.096e-20 (0.000000)
2025-05-20 22:30:21 INFO  ren0 [octree.h:550] node count: 585 -> 585 -> 585

2025-05-20 22:30:21 INFO  ren0 [octree.h:534] root weight: 8.000e-20 (0.000000)
2025-05-20 22:30:21 INFO  ren0 [octree.h:535] splitting threshold: 8.000e-23 (0.000000)
2025-05-20 22:30:21 INFO  ren0 [octree.h:550] node count: 1 -> 585 -> 585

2025-05-20 22:30:21 INFO  ren0 [MIFocalGuidingPathTracer] AABB3[min=[-6.3658, -1.5274, -4.73046], max=[5.27597, 8.04131, 10.0598]]
2025-05-20 22:30:21 INFO  ren0 [MIFocalGuidingPathTracer] Starting render job (1280x720, 12 cores, SSE2 enabled) ..
2025-05-20 22:30:21 INFO  ren0 [MIFocalGuidingPathTracer] ITERATION 0, until 10.0 seconds
2025-05-20 22:30:33 INFO  ren0 [MIFocalGuidingPathTracer]   12.45 seconds elapsed, passes this iteration: 5, total passes: 5
2025-05-20 22:30:33 INFO  ren0 [MIFocalGuidingPathTracer] Got 1647406 non-zero samples
2025-05-20 22:30:33 INFO  ren0 [gaussian_mixture_model.h:815] Processing mega batch of size 1647406
2025-05-20 22:30:33 INFO  ren0 [gaussian_mixture_model.h:554] KMeans
2025-05-20 22:30:33 INFO  ren0 [gaussian_mixture_model.h:215] Before splitting
2025-05-20 22:30:33 INFO  ren0 [gaussian_mixture_model.h:216] GMM[
weight = 0.016484 mean = [2.55128 2.7888 9.12523] covariance = [[4.71203 -1.82915 0.926142][-1.82915 1.72725 -0.814102][0.926142 -0.814102 0.478756]]
weight = 0.00988469 mean = [3.1275 2.28283 9.33107] covariance = [[0.279738 0.072937 0.111135][0.072937 0.0705233 0.073761][0.111135 0.073761 0.157271]]
weight = 0.152203 mean = [-0.748669 5.42633 -1.23465] covariance = [[1.14837 0.0875348 1.00587][0.0875348 2.87123 -0.186898][1.00587 -0.186898 2.56537]]
weight = 0.13647 mean = [1.88316 0.47024 -0.952191] covariance = [[3.31196 0.141845 -0.897688][0.141845 0.211377 -0.159719][-0.897688 -0.159719 0.625702]]
weight = 0.107265 mean = [-1.87988 1.92921 -2.49247] covariance = [[2.42947 0.0155239 0.924794][0.0155239 0.410359 0.114503][0.924794 0.114503 0.537084]]
weight = 0.0186334 mean = [3.36333 3.18438 9.14841] covariance = [[0.194492 0.831544 -0.201497][0.831544 3.84035 -0.916939][-0.201497 -0.916939 0.254576]]
weight = 0.0136049 mean = [-3.2698 3.22813 -2.26118] covariance = [[2.42191 1.91852 -0.421424][1.91852 6.18853 1.35061][-0.421424 1.35061 7.30648]]
weight = 0.304607 mean = [5.0093 0.165646 -2.38801] covariance = [[0.0241954 -0.00584111 -0.0137428][-0.00584111 0.00244741 0.00331031][-0.0137428 0.00331031 0.0103449]]
weight = 0.0421852 mean = [1.13353 5.10575 1.64218] covariance = [[2.49681 -2.55651 1.09382][-2.55651 3.64971 -0.715787][1.09382 -0.715787 0.95719]]
weight = 0.198663 mean = [-4.46103 1.41861 -3.77111] covariance = [[1.12334 0.246674 0.553207][0.246674 0.18744 0.0382351][0.553207 0.0382351 0.465586]]
]
2025-05-20 22:30:33 INFO  ren0 [gaussian_mixture_model.h:218] Before merging
2025-05-20 22:30:33 INFO  ren0 [gaussian_mixture_model.h:219] GMM[
weight = 0.016484 mean = [2.55128 2.7888 9.12523] covariance = [[4.71203 -1.82915 0.926142][-1.82915 1.72725 -0.814102][0.926142 -0.814102 0.478756]]
weight = 0.00988469 mean = [3.1275 2.28283 9.33107] covariance = [[0.279738 0.072937 0.111135][0.072937 0.0705233 0.073761][0.111135 0.073761 0.157271]]
weight = 0.152203 mean = [-0.748669 5.42633 -1.23465] covariance = [[1.14837 0.0875348 1.00587][0.0875348 2.87123 -0.186898][1.00587 -0.186898 2.56537]]
weight = 0.13647 mean = [1.88316 0.47024 -0.952191] covariance = [[3.31196 0.141845 -0.897688][0.141845 0.211377 -0.159719][-0.897688 -0.159719 0.625702]]
weight = 0.107265 mean = [-1.87988 1.92921 -2.49247] covariance = [[2.42947 0.0155239 0.924794][0.0155239 0.410359 0.114503][0.924794 0.114503 0.537084]]
weight = 0.0186334 mean = [3.36333 3.18438 9.14841] covariance = [[0.194492 0.831544 -0.201497][0.831544 3.84035 -0.916939][-0.201497 -0.916939 0.254576]]
weight = 0.0136049 mean = [-3.2698 3.22813 -2.26118] covariance = [[2.42191 1.91852 -0.421424][1.91852 6.18853 1.35061][-0.421424 1.35061 7.30648]]
weight = 0.304607 mean = [5.0093 0.165646 -2.38801] covariance = [[0.0241954 -0.00584111 -0.0137428][-0.00584111 0.00244741 0.00331031][-0.0137428 0.00331031 0.0103449]]
weight = 0.0421852 mean = [1.13353 5.10575 1.64218] covariance = [[2.49681 -2.55651 1.09382][-2.55651 3.64971 -0.715787][1.09382 -0.715787 0.95719]]
weight = 0.198663 mean = [-4.46103 1.41861 -3.77111] covariance = [[1.12334 0.246674 0.553207][0.246674 0.18744 0.0382351][0.553207 0.0382351 0.465586]]
]
2025-05-20 22:30:33 INFO  ren0 [gaussian_mixture_model.h:215] Before splitting
2025-05-20 22:30:33 INFO  ren0 [gaussian_mixture_model.h:216] GMM[
weight = 0.00133147 mean = [2.52742 2.79649 9.12295] covariance = [[4.78125 -1.84616 0.927352][-1.84616 1.74019 -0.815949][0.927352 -0.815949 0.480335]]
weight = 0.000793744 mean = [3.12405 2.28147 9.32806] covariance = [[0.284738 0.0750695 0.115956][0.0750695 0.0714174 0.075867][0.115956 0.075867 0.161878]]
weight = 0.240714 mean = [3.26588 1.63664 -4.08443] covariance = [[0.282148 0.0848108 -0.291436][0.0848108 0.0755792 -0.184969][-0.291436 -0.184969 0.549724]]
weight = 0.522495 mean = [-5.02422 1.36634 -3.49697] covariance = [[2.22181 -0.207299 0.298336][-0.207299 0.479825 0.213358][0.298336 0.213358 0.185244]]
weight = 0.00149309 mean = [3.36334 3.18442 9.14838] covariance = [[0.194515 0.831646 -0.201518][0.831646 3.84085 -0.917044][-0.201518 -0.917044 0.254607]]
weight = 0.0544242 mean = [-2.57629 2.45764 -2.6835] covariance = [[3.33428 3.22232 1.67093][3.22232 6.95589 3.50246][1.67093 3.50246 2.65358]]
weight = 0.0244063 mean = [5.0093 0.165646 -2.38801] covariance = [[0.0241953 -0.00584111 -0.0137428][-0.00584111 0.00244741 0.00331031][-0.0137428 0.00331031 0.0103449]]
weight = 0.00411018 mean = [0.701066 5.19145 1.35618] covariance = [[3.18865 -2.48733 1.67384][-2.48733 3.23914 -0.861614][1.67384 -0.861614 1.32611]]
weight = 0.150232 mean = [-4.81337 1.39794 -3.60187] covariance = [[1.46163 -0.172249 0.026002][-0.172249 0.0633295 0.0178059][0.026002 0.0178059 0.0612761]]
]
2025-05-20 22:30:33 INFO  ren0 [gaussian_mixture_model.h:218] Before merging
2025-05-20 22:30:33 INFO  ren0 [gaussian_mixture_model.h:219] GMM[
weight = 0.000665735 mean = [3.59376 2.27375 9.38349] covariance = [[2.50711 -0.731328 0.371701][-0.731328 1.19369 -0.543558][0.371701 -0.543558 0.34458]]
weight = 0.000793744 mean = [3.12405 2.28147 9.32806] covariance = [[0.284738 0.0750695 0.115956][0.0750695 0.0714174 0.075867][0.115956 0.075867 0.161878]]
weight = 0.000665735 mean = [1.46108 3.31923 8.86241] covariance = [[2.50711 -0.731328 0.371701][-0.731328 1.19369 -0.543558][0.371701 -0.543558 0.34458]]
weight = 0.240714 mean = [3.26588 1.63664 -4.08443] covariance = [[0.282148 0.0848108 -0.291436][0.0848108 0.0755792 -0.184969][-0.291436 -0.184969 0.549724]]
weight = 0.522495 mean = [-5.02422 1.36634 -3.49697] covariance = [[2.22181 -0.207299 0.298336][-0.207299 0.479825 0.213358][0.298336 0.213358 0.185244]]
weight = 0.00149309 mean = [3.36334 3.18442 9.14838] covariance = [[0.194515 0.831646 -0.201518][0.831646 3.84085 -0.917044][-0.201518 -0.917044 0.254607]]
weight = 0.0544242 mean = [-2.57629 2.45764 -2.6835] covariance = [[3.33428 3.22232 1.67093][3.22232 6.95589 3.50246][1.67093 3.50246 2.65358]]
weight = 0.0244063 mean = [5.0093 0.165646 -2.38801] covariance = [[0.0241953 -0.00584111 -0.0137428][-0.00584111 0.00244741 0.00331031][-0.0137428 0.00331031 0.0103449]]
weight = 0.00411018 mean = [0.701066 5.19145 1.35618] covariance = [[3.18865 -2.48733 1.67384][-2.48733 3.23914 -0.861614][1.67384 -0.861614 1.32611]]
weight = 0.150232 mean = [-4.81337 1.39794 -3.60187] covariance = [[1.46163 -0.172249 0.026002][-0.172249 0.0633295 0.0178059][0.026002 0.0178059 0.0612761]]
]
2025-05-20 22:30:34 INFO  ren0 [gaussian_mixture_model.h:215] Before splitting
2025-05-20 22:30:34 INFO  ren0 [gaussian_mixture_model.h:216] GMM[
weight = 0.00321477 mean = [2.58057 3.32649 8.41414] covariance = [[0.597783 -0.208145 0.097238][-0.208145 0.334422 -0.178783][0.097238 -0.178783 0.138286]]
weight = 0.000214346 mean = [3.10205 2.26769 9.30372] covariance = [[0.340627 0.108898 0.164662][0.108898 0.093229 0.106012][0.164662 0.106012 0.218264]]
weight = 0.00739081 mean = [-1.33789 5.15862 7.7992] covariance = [[18.0292 -7.81317 2.49992][-7.81317 4.55871 -1.60874][2.49992 -1.60874 0.742799]]
weight = 0.204911 mean = [3.31238 1.27193 -3.68529] covariance = [[0.0893032 0.0188165 -0.0827556][0.0188165 0.08425 -0.124197][-0.0827556 -0.124197 0.244632]]
weight = 0.000398726 mean = [3.36334 3.18434 9.14852] covariance = [[0.194843 0.832781 -0.201669][0.832781 3.84571 -0.917212][-0.201669 -0.917212 0.254894]]
weight = 0.496462 mean = [-2.40015 2.65656 -3.04497] covariance = [[17.5899 -7.38501 5.09448][-7.38501 5.04713 -1.92651][5.09448 -1.92651 1.85705]]
weight = 0.00650164 mean = [5.0093 0.165646 -2.38801] covariance = [[0.0241946 -0.00584114 -0.0137425][-0.00584114 0.00244742 0.00331033][-0.0137425 0.00331033 0.0103447]]
weight = 0.06369 mean = [2.60514 3.88383 2.63473] covariance = [[1.88698 -3.04546 -1.05453][-3.04546 9.82443 6.39499][-1.05453 6.39499 6.72417]]
weight = 0.217217 mean = [-4.52629 0.307624 -3.91672] covariance = [[0.295605 -0.105489 -0.0158449][-0.105489 0.282903 0.0816016][-0.0158449 0.0816016 0.0339944]]
]
2025-05-20 22:30:34 INFO  ren0 [gaussian_mixture_model.h:218] Before merging
2025-05-20 22:30:34 INFO  ren0 [gaussian_mixture_model.h:219] GMM[
weight = 0.00321477 mean = [2.58057 3.32649 8.41414] covariance = [[0.597783 -0.208145 0.097238][-0.208145 0.334422 -0.178783][0.097238 -0.178783 0.138286]]
weight = 0.000107173 mean = [3.37326 2.38902 9.50134] covariance = [[0.193525 0.043086 0.0574668][0.043086 0.0637974 0.0580571][0.0574668 0.0580571 0.140164]]
weight = 0.00739081 mean = [-1.33789 5.15862 7.7992] covariance = [[18.0292 -7.81317 2.49992][-7.81317 4.55871 -1.60874][2.49992 -1.60874 0.742799]]
weight = 0.204911 mean = [3.31238 1.27193 -3.68529] covariance = [[0.0893032 0.0188165 -0.0827556][0.0188165 0.08425 -0.124197][-0.0827556 -0.124197 0.244632]]
weight = 0.000107173 mean = [2.83084 2.14636 9.1061] covariance = [[0.193525 0.043086 0.0574668][0.043086 0.0637974 0.0580571][0.0574668 0.0580571 0.140164]]
weight = 0.000398726 mean = [3.36334 3.18434 9.14852] covariance = [[0.194843 0.832781 -0.201669][0.832781 3.84571 -0.917212][-0.201669 -0.917212 0.254894]]
weight = 0.496462 mean = [-2.40015 2.65656 -3.04497] covariance = [[17.5899 -7.38501 5.09448][-7.38501 5.04713 -1.92651][5.09448 -1.92651 1.85705]]
weight = 0.00650164 mean = [5.0093 0.165646 -2.38801] covariance = [[0.0241946 -0.00584114 -0.0137425][-0.00584114 0.00244742 0.00331033][-0.0137425 0.00331033 0.0103447]]
weight = 0.06369 mean = [2.60514 3.88383 2.63473] covariance = [[1.88698 -3.04546 -1.05453][-3.04546 9.82443 6.39499][-1.05453 6.39499 6.72417]]
weight = 0.217217 mean = [-4.52629 0.307624 -3.91672] covariance = [[0.295605 -0.105489 -0.0158449][-0.105489 0.282903 0.0816016][-0.0158449 0.0816016 0.0339944]]
]
2025-05-20 22:30:34 INFO  ren0 [gaussian_mixture_model.h:215] Before splitting
2025-05-20 22:30:34 INFO  ren0 [gaussian_mixture_model.h:216] GMM[
weight = 3.63829e-05 mean = [3.09748 2.26513 9.32817] covariance = [[0.323097 0.102527 0.153425][0.102527 0.0892922 0.0995676][0.153425 0.0995676 0.217226]]
weight = 0.00331079 mean = [1.12729 3.83113 8.16406] covariance = [[14.0105 -5.94143 1.20933][-5.94143 3.40845 -0.60554][1.20933 -0.60554 0.533803]]
weight = 0.0328946 mean = [3.3124 1.27195 -3.68531] covariance = [[0.0893309 0.0188131 -0.0827631][0.0188131 0.0842636 -0.124209][-0.0827631 -0.124209 0.244649]]
weight = 1.46127e-06 mean = [2.77706 2.01233 9.35448] covariance = [[0.416274 0.272548 0.526143][0.272548 0.266443 0.449416][0.526143 0.449416 0.86963]]
weight = 6.7525e-05 mean = [3.35577 3.16357 9.16714] covariance = [[0.197378 0.831356 -0.208034][0.831356 3.79141 -0.927281][-0.208034 -0.927281 0.267905]]
weight = 0.802881 mean = [-4.23058 2.31832 -3.26868] covariance = [[5.37167 -3.01099 3.69969][-3.01099 3.93222 -3.04466][3.69969 -3.04466 3.69659]]
weight = 0.00104365 mean = [5.0093 0.165646 -2.38801] covariance = [[0.0241947 -0.00584113 -0.0137425][-0.00584113 0.00244742 0.00331033][-0.0137425 0.00331033 0.0103447]]
weight = 0.0715376 mean = [1.11441 4.42556 1.33988] covariance = [[3.86269 -2.34595 2.42638][-2.34595 3.52044 -0.184484][2.42638 -0.184484 3.33234]]
weight = 0.0882269 mean = [-4.11978 0.509066 -3.98254] covariance = [[0.293084 -0.00639806 -0.00309358][-0.00639806 0.158312 0.0260748][-0.00309358 0.0260748 0.0267692]]
]
2025-05-20 22:30:34 INFO  ren0 [gaussian_mixture_model.h:218] Before merging
2025-05-20 22:30:34 INFO  ren0 [gaussian_mixture_model.h:219] GMM[
weight = 0.0016554 mean = [-0.735468 4.66624 7.99432] covariance = [[7.07075 -2.83024 0.576959][-2.83024 2.01367 -0.322036][0.576959 -0.322036 0.476189]]
weight = 3.63829e-05 mean = [3.09748 2.26513 9.32817] covariance = [[0.323097 0.102527 0.153425][0.102527 0.0892922 0.0995676][0.153425 0.0995676 0.217226]]
weight = 0.0016554 mean = [2.99005 2.99603 8.3338] covariance = [[7.07075 -2.83024 0.576959][-2.83024 2.01367 -0.322036][0.576959 -0.322036 0.476189]]
weight = 0.0328946 mean = [3.3124 1.27195 -3.68531] covariance = [[0.0893309 0.0188131 -0.0827631][0.0188131 0.0842636 -0.124209][-0.0827631 -0.124209 0.244649]]
weight = 1.46127e-06 mean = [2.77706 2.01233 9.35448] covariance = [[0.416274 0.272548 0.526143][0.272548 0.266443 0.449416][0.526143 0.449416 0.86963]]
weight = 6.7525e-05 mean = [3.35577 3.16357 9.16714] covariance = [[0.197378 0.831356 -0.208034][0.831356 3.79141 -0.927281][-0.208034 -0.927281 0.267905]]
weight = 0.802881 mean = [-4.23058 2.31832 -3.26868] covariance = [[5.37167 -3.01099 3.69969][-3.01099 3.93222 -3.04466][3.69969 -3.04466 3.69659]]
weight = 0.00104365 mean = [5.0093 0.165646 -2.38801] covariance = [[0.0241947 -0.00584113 -0.0137425][-0.00584113 0.00244742 0.00331033][-0.0137425 0.00331033 0.0103447]]
weight = 0.0715376 mean = [1.11441 4.42556 1.33988] covariance = [[3.86269 -2.34595 2.42638][-2.34595 3.52044 -0.184484][2.42638 -0.184484 3.33234]]
weight = 0.0882269 mean = [-4.11978 0.509066 -3.98254] covariance = [[0.293084 -0.00639806 -0.00309358][-0.00639806 0.158312 0.0260748][-0.00309358 0.0260748 0.0267692]]
]
2025-05-20 22:30:34 INFO  ren0 [gaussian_mixture_model.h:215] Before splitting
2025-05-20 22:30:34 INFO  ren0 [gaussian_mixture_model.h:216] GMM[
weight = 0.000950063 mean = [-5.07183 3.99427 7.39858] covariance = [[0.931568 -0.0318236 -0.34769][-0.0318236 1.84397 0.88159][-0.34769 0.88159 4.2135]]
weight = 0.000984326 mean = [0.770269 3.79411 8.11172] covariance = [[15.1033 -5.45365 1.41][-5.45365 3.39925 -0.537025][1.41 -0.537025 0.812874]]
weight = 0.133973 mean = [3.62274 0.681559 -2.97755] covariance = [[0.0187722 -0.0157061 0.0147044][-0.0157061 0.448989 -0.569857][0.0147044 -0.569857 0.727857]]
weight = 4.26095e-07 mean = [2.77184 2.0167 9.32466] covariance = [[0.40734 0.262064 0.502698][0.262064 0.258507 0.431839][0.502698 0.431839 0.859258]]
weight = 1.88874e-05 mean = [3.35244 3.1464 9.17118] covariance = [[0.199512 0.842567 -0.209579][0.842567 3.85064 -0.936146][-0.209579 -0.936146 0.268879]]
weight = 0.618767 mean = [-4.40104 2.34093 -3.41949] covariance = [[5.74938 0.234104 2.84614][0.234104 2.97059 -0.917053][2.84614 -0.917053 2.3226]]
weight = 0.000287287 mean = [5.0093 0.165646 -2.38801] covariance = [[0.024195 -0.00584115 -0.0137427][-0.00584115 0.00244743 0.00331033][-0.0137427 0.00331033 0.0103449]]
weight = 0.220395 mean = [0.148124 4.93456 -0.27836] covariance = [[3.0809 -3.8453 0.176309][-3.8453 6.25308 0.833809][0.176309 0.833809 2.22956]]
weight = 0.0246241 mean = [-4.13656 0.490648 -3.98617] covariance = [[0.311494 0.0166211 0.00139863][0.0166211 0.181501 0.0306142][0.00139863 0.0306142 0.0273742]]
]
2025-05-20 22:30:34 INFO  ren0 [gaussian_mixture_model.h:218] Before merging
2025-05-20 22:30:34 INFO  ren0 [gaussian_mixture_model.h:219] GMM[
weight = 0.000475032 mean = [-4.97178 3.66337 6.39116] covariance = [[0.911556 0.034392 -0.146096][0.034392 1.62499 0.214884][-0.146096 0.214884 2.18372]]
weight = 0.000475032 mean = [-5.17188 4.32516 8.406] covariance = [[0.911556 0.034392 -0.146096][0.034392 1.62499 0.214884][-0.146096 0.214884 2.18372]]
weight = 0.000984326 mean = [0.770269 3.79411 8.11172] covariance = [[15.1033 -5.45365 1.41][-5.45365 3.39925 -0.537025][1.41 -0.537025 0.812874]]
weight = 0.133973 mean = [3.62274 0.681559 -2.97755] covariance = [[0.0187722 -0.0157061 0.0147044][-0.0157061 0.448989 -0.569857][0.0147044 -0.569857 0.727857]]
weight = 4.26095e-07 mean = [2.77184 2.0167 9.32466] covariance = [[0.40734 0.262064 0.502698][0.262064 0.258507 0.431839][0.502698 0.431839 0.859258]]
weight = 1.88874e-05 mean = [3.35244 3.1464 9.17118] covariance = [[0.199512 0.842567 -0.209579][0.842567 3.85064 -0.936146][-0.209579 -0.936146 0.268879]]
weight = 0.618767 mean = [-4.40104 2.34093 -3.41949] covariance = [[5.74938 0.234104 2.84614][0.234104 2.97059 -0.917053][2.84614 -0.917053 2.3226]]
weight = 0.000287287 mean = [5.0093 0.165646 -2.38801] covariance = [[0.024195 -0.00584115 -0.0137427][-0.00584115 0.00244743 0.00331033][-0.0137427 0.00331033 0.0103449]]
weight = 0.220395 mean = [0.148124 4.93456 -0.27836] covariance = [[3.0809 -3.8453 0.176309][-3.8453 6.25308 0.833809][0.176309 0.833809 2.22956]]
weight = 0.0246241 mean = [-4.13656 0.490648 -3.98617] covariance = [[0.311494 0.0166211 0.00139863][0.0166211 0.181501 0.0306142][0.00139863 0.0306142 0.0273742]]
]
2025-05-20 22:30:34 INFO  ren0 [gaussian_mixture_model.h:215] Before splitting
2025-05-20 22:30:34 INFO  ren0 [gaussian_mixture_model.h:216] GMM[
