2025-05-16 20:54:40 INFO  main [mitsuba.cpp:274] Mitsuba version 0.6.0 (Linux, 64 bit), Copyright (c) 2017 Wenzel Jakob
2025-05-16 20:54:40 INFO  main [mitsuba.cpp:377] Parsing scene description from "scene/modern-living-room/modern-living-room.xml" ..
2025-05-16 20:54:40 INFO  main [scenehandler.cpp:675] In file "/mitsuba/scene/modern-living-room/modern-living-room.xml" (near line 13): Parsing included file "pmm_focal_recursive.xml" ..
2025-05-16 20:54:40 INFO  main [PluginManager] Loading plugin "plugins/pmm_focal_recursive.so" ..
2025-05-16 20:54:40 INFO  main [octree.h:535] root weight: 8.000e-20 (0.000000)
2025-05-16 20:54:40 INFO  main [octree.h:536] splitting threshold: 8.000e-23 (0.000000)
2025-05-16 20:54:40 INFO  main [octree.h:551] node count: 1 -> 585 -> 585

2025-05-16 20:54:40 INFO  main [octree.h:535] root weight: 8.000e-20 (0.000000)
2025-05-16 20:54:40 INFO  main [octree.h:536] splitting threshold: 8.000e-23 (0.000000)
2025-05-16 20:54:40 INFO  main [octree.h:551] node count: 1 -> 585 -> 585

2025-05-16 20:54:40 INFO  main [MIFocalGuidingPathTracer] budget: 600
2025-05-16 20:54:40 INFO  main [MIFocalGuidingPathTracer] dumpPrimaryRays: false
2025-05-16 20:54:40 INFO  main [MIFocalGuidingPathTracer] dumpScene: false
2025-05-16 20:54:40 INFO  main [MIFocalGuidingPathTracer] gmm.alpha: 0.4
2025-05-16 20:54:40 INFO  main [MIFocalGuidingPathTracer] gmm.initMethod: Random
2025-05-16 20:54:40 INFO  main [MIFocalGuidingPathTracer] gmm.maxNumComp: 10
2025-05-16 20:54:40 INFO  main [MIFocalGuidingPathTracer] gmm.mergingThreshold: 0.65
2025-05-16 20:54:40 INFO  main [MIFocalGuidingPathTracer] gmm.minNumComp: 3
2025-05-16 20:54:40 INFO  main [MIFocalGuidingPathTracer] gmm.splittingThreshold: 100
2025-05-16 20:54:40 INFO  main [MIFocalGuidingPathTracer] iterationBudget: 10
2025-05-16 20:54:40 INFO  main [MIFocalGuidingPathTracer] iterationCount: 15
2025-05-16 20:54:40 INFO  main [MIFocalGuidingPathTracer] maxDepth: 40
2025-05-16 20:54:40 INFO  main [MIFocalGuidingPathTracer] minSamplesToStartFitting: 128
2025-05-16 20:54:40 INFO  main [MIFocalGuidingPathTracer] normalBinning: disabled
2025-05-16 20:54:40 INFO  main [MIFocalGuidingPathTracer] renderMaxSeconds: 36000
2025-05-16 20:54:40 INFO  main [MIFocalGuidingPathTracer] rrDepth: 14
2025-05-16 20:54:40 INFO  main [MIFocalGuidingPathTracer] samplingMode: 2
2025-05-16 20:54:40 INFO  main [MIFocalGuidingPathTracer] strictNormals: true
2025-05-16 20:54:40 INFO  main [MIFocalGuidingPathTracer] trainingSamples: 4
2025-05-16 20:54:40 INFO  main [MIFocalGuidingPathTracer] tree.threshold: 0.001
2025-05-16 20:54:40 INFO  main [MIFocalGuidingPathTracer] unboundedSplatting: true
2025-05-16 20:54:40 INFO  main [PluginManager] Loading plugin "plugins/independent.so" ..
2025-05-16 20:54:40 INFO  main [PluginManager] Loading plugin "plugins/box.so" ..
2025-05-16 20:54:40 INFO  main [PluginManager] Loading plugin "plugins/hdrfilm.so" ..
2025-05-16 20:54:40 INFO  main [PluginManager] Loading plugin "plugins/perspective.so" ..
2025-05-16 20:54:40 INFO  main [PluginManager] Loading plugin "plugins/bitmap.so" ..
2025-05-16 20:54:40 INFO  main [BitmapTexture] Loading texture "Abstract.jpg"
2025-05-16 20:54:40 INFO  main [PluginManager] Loading plugin "plugins/lanczos.so" ..
2025-05-16 20:54:40 INFO  main [PluginManager] Loading plugin "plugins/diffuse.so" ..
2025-05-16 20:54:40 INFO  main [PluginManager] Loading plugin "plugins/twosided.so" ..
2025-05-16 20:54:40 INFO  main [BitmapTexture] Loading texture "WoodFloor.jpg"
2025-05-16 20:54:40 INFO  main [MIPMap] Generating MIP map cache file "/mitsuba/scene/modern-living-room/textures/WoodFloor.mip" ..
2025-05-16 20:54:40 INFO  main [PluginManager] Loading plugin "plugins/roughplastic.so" ..
2025-05-16 20:54:40 INFO  main [PluginManager] Loading plugin "plugins/dielectric.so" ..
2025-05-16 20:54:40 INFO  main [PluginManager] Loading plugin "plugins/roughconductor.so" ..
2025-05-16 20:54:40 INFO  main [spectrum.cpp:599] "Cu.eta.spd": loaded a spectral power distribution with 55 entries (between 302.400421 and 885.601257 nm)
2025-05-16 20:54:40 INFO  main [spectrum.cpp:599] "Cu.k.spd": loaded a spectral power distribution with 55 entries (between 302.400421 and 885.601257 nm)
2025-05-16 20:54:40 INFO  main [BitmapTexture] Loading texture "Fabric.jpg"
2025-05-16 20:54:40 INFO  main [PluginManager] Loading plugin "plugins/obj.so" ..
2025-05-16 20:54:40 INFO  main [WavefrontOBJ] Loading geometry from "Mesh019.obj" ..
2025-05-16 20:54:40 INFO  main [WavefrontOBJ] Mesh019: 22528 triangles, 11268 vertices (merged 56316 vertices).
2025-05-16 20:54:40 INFO  main [WavefrontOBJ] Done with "Mesh019.obj" (took 48 ms)
2025-05-16 20:54:40 INFO  main [WavefrontOBJ] Loading geometry from "Mesh033.obj" ..
2025-05-16 20:54:40 INFO  main [WavefrontOBJ] Mesh033: 22528 triangles, 11268 vertices (merged 56316 vertices).
2025-05-16 20:54:40 INFO  main [WavefrontOBJ] Done with "Mesh033.obj" (took 48 ms)
2025-05-16 20:54:40 INFO  main [WavefrontOBJ] Loading geometry from "Mesh020.obj" ..
2025-05-16 20:54:40 INFO  main [WavefrontOBJ] Mesh020: 6784 triangles, 3425 vertices (merged 16927 vertices).
2025-05-16 20:54:40 INFO  main [WavefrontOBJ] Done with "Mesh020.obj" (took 14 ms)
2025-05-16 20:54:40 INFO  main [WavefrontOBJ] Loading geometry from "Mesh016.obj" ..
2025-05-16 20:54:41 INFO  main [WavefrontOBJ] Mesh016: 18944 triangles, 9537 vertices (merged 47295 vertices).
2025-05-16 20:54:41 INFO  main [WavefrontOBJ] Done with "Mesh016.obj" (took 40 ms)
2025-05-16 20:54:41 INFO  main [WavefrontOBJ] Loading geometry from "Mesh017.obj" ..
2025-05-16 20:54:41 INFO  main [WavefrontOBJ] Mesh017: 4864 triangles, 2434 vertices (merged 12158 vertices).
2025-05-16 20:54:41 INFO  main [WavefrontOBJ] Done with "Mesh017.obj" (took 10 ms)
2025-05-16 20:54:41 INFO  main [WavefrontOBJ] Loading geometry from "Mesh014.obj" ..
2025-05-16 20:54:41 INFO  main [WavefrontOBJ] Mesh014: 4864 triangles, 2434 vertices (merged 12158 vertices).
2025-05-16 20:54:41 INFO  main [WavefrontOBJ] Done with "Mesh014.obj" (took 10 ms)
2025-05-16 20:54:41 INFO  main [WavefrontOBJ] Loading geometry from "Mesh025.obj" ..
2025-05-16 20:54:41 INFO  main [WavefrontOBJ] Mesh025: 19456 triangles, 9730 vertices (merged 48638 vertices).
2025-05-16 20:54:41 INFO  main [WavefrontOBJ] Done with "Mesh025.obj" (took 40 ms)
2025-05-16 20:54:41 INFO  main [WavefrontOBJ] Loading geometry from "Mesh013.obj" ..
2025-05-16 20:54:41 INFO  main [WavefrontOBJ] Mesh013: 35840 triangles, 17922 vertices (merged 89598 vertices).
2025-05-16 20:54:41 INFO  main [WavefrontOBJ] Done with "Mesh013.obj" (took 76 ms)
2025-05-16 20:54:41 INFO  main [WavefrontOBJ] Loading geometry from "Mesh021.obj" ..
2025-05-16 20:54:41 INFO  main [WavefrontOBJ] Mesh021: 35840 triangles, 17922 vertices (merged 89598 vertices).
2025-05-16 20:54:41 INFO  main [WavefrontOBJ] Done with "Mesh021.obj" (took 78 ms)
2025-05-16 20:54:41 INFO  main [WavefrontOBJ] Loading geometry from "Mesh022.obj" ..
2025-05-16 20:54:41 INFO  main [WavefrontOBJ] Mesh022: 18944 triangles, 9537 vertices (merged 47295 vertices).
2025-05-16 20:54:41 INFO  main [WavefrontOBJ] Done with "Mesh022.obj" (took 40 ms)
2025-05-16 20:54:41 INFO  main [WavefrontOBJ] Loading geometry from "Mesh015.obj" ..
2025-05-16 20:54:41 INFO  main [WavefrontOBJ] Mesh015: 63488 triangles, 31752 vertices (merged 158712 vertices).
2025-05-16 20:54:41 INFO  main [WavefrontOBJ] Done with "Mesh015.obj" (took 144 ms)
2025-05-16 20:54:41 INFO  main [WavefrontOBJ] Loading geometry from "Mesh024.obj" ..
2025-05-16 20:54:41 INFO  main [WavefrontOBJ] Mesh024: 6272 triangles, 3169 vertices (merged 15647 vertices).
2025-05-16 20:54:41 INFO  main [WavefrontOBJ] Done with "Mesh024.obj" (took 13 ms)
2025-05-16 20:54:41 INFO  main [WavefrontOBJ] Loading geometry from "Mesh026.obj" ..
2025-05-16 20:54:41 INFO  main [WavefrontOBJ] Mesh026: 25088 triangles, 12609 vertices (merged 62655 vertices).
2025-05-16 20:54:41 INFO  main [WavefrontOBJ] Done with "Mesh026.obj" (took 53 ms)
2025-05-16 20:54:41 INFO  main [WavefrontOBJ] Loading geometry from "Mesh034.obj" ..
2025-05-16 20:54:41 INFO  main [WavefrontOBJ] Mesh034: 20736 triangles, 10704 vertices (merged 51504 vertices).
2025-05-16 20:54:41 INFO  main [WavefrontOBJ] Done with "Mesh034.obj" (took 43 ms)
2025-05-16 20:54:41 INFO  main [WavefrontOBJ] Loading geometry from "Mesh029.obj" ..
2025-05-16 20:54:41 INFO  main [WavefrontOBJ] Mesh029: 4320 triangles, 2178 vertices (merged 10782 vertices).
2025-05-16 20:54:41 INFO  main [WavefrontOBJ] Done with "Mesh029.obj" (took 9 ms)
2025-05-16 20:54:41 INFO  main [WavefrontOBJ] Loading geometry from "Mesh018.obj" ..
2025-05-16 20:54:41 INFO  main [WavefrontOBJ] Mesh018: 53248 triangles, 26624 vertices (merged 133120 vertices).
2025-05-16 20:54:41 INFO  main [WavefrontOBJ] Done with "Mesh018.obj" (took 114 ms)
2025-05-16 20:54:41 INFO  main [WavefrontOBJ] Loading geometry from "Mesh032.obj" ..
2025-05-16 20:54:41 INFO  main [WavefrontOBJ] Mesh032: 30 triangles, 64 vertices (merged 26 vertices).
2025-05-16 20:54:41 INFO  main [WavefrontOBJ] Done with "Mesh032.obj" (took 0 ms)
2025-05-16 20:54:41 INFO  main [WavefrontOBJ] Loading geometry from "Mesh035.obj" ..
2025-05-16 20:54:41 INFO  main [WavefrontOBJ] Mesh035: 13312 triangles, 6656 vertices (merged 33280 vertices).
2025-05-16 20:54:41 INFO  main [WavefrontOBJ] Done with "Mesh035.obj" (took 27 ms)
2025-05-16 20:54:41 INFO  main [WavefrontOBJ] Loading geometry from "Mesh031.obj" ..
2025-05-16 20:54:41 INFO  main [WavefrontOBJ] Mesh031: 792 triangles, 1304 vertices (merged 1072 vertices).
2025-05-16 20:54:41 INFO  main [WavefrontOBJ] Done with "Mesh031.obj" (took 3 ms)
2025-05-16 20:54:41 INFO  main [WavefrontOBJ] Loading geometry from "Mesh012.obj" ..
2025-05-16 20:54:41 INFO  main [WavefrontOBJ] Mesh012: 102 triangles, 162 vertices (merged 144 vertices).
2025-05-16 20:54:41 INFO  main [WavefrontOBJ] Done with "Mesh012.obj" (took 0 ms)
2025-05-16 20:54:41 INFO  main [WavefrontOBJ] Loading geometry from "Mesh011.obj" ..
2025-05-16 20:54:41 INFO  main [WavefrontOBJ] Mesh011: 102 triangles, 162 vertices (merged 144 vertices).
2025-05-16 20:54:41 INFO  main [WavefrontOBJ] Done with "Mesh011.obj" (took 0 ms)
2025-05-16 20:54:41 INFO  main [WavefrontOBJ] Loading geometry from "Mesh010.obj" ..
2025-05-16 20:54:41 INFO  main [WavefrontOBJ] Mesh010: 102 triangles, 166 vertices (merged 140 vertices).
2025-05-16 20:54:41 INFO  main [WavefrontOBJ] Done with "Mesh010.obj" (took 0 ms)
2025-05-16 20:54:41 INFO  main [WavefrontOBJ] Loading geometry from "Mesh028.obj" ..
2025-05-16 20:54:41 INFO  main [WavefrontOBJ] Mesh028: 105472 triangles, 52738 vertices (merged 263678 vertices).
2025-05-16 20:54:41 INFO  main [WavefrontOBJ] Done with "Mesh028.obj" (took 247 ms)
2025-05-16 20:54:41 INFO  main [WavefrontOBJ] Loading geometry from "Mesh009.obj" ..
2025-05-16 20:54:42 INFO  main [WavefrontOBJ] Mesh009: 65472 triangles, 50844 vertices (merged 145572 vertices).
2025-05-16 20:54:42 INFO  main [WavefrontOBJ] Done with "Mesh009.obj" (took 188 ms)
2025-05-16 20:54:42 INFO  main [WavefrontOBJ] Loading geometry from "Mesh007.obj" ..
2025-05-16 20:54:42 INFO  main [WavefrontOBJ] Mesh007: 65472 triangles, 50844 vertices (merged 145572 vertices).
2025-05-16 20:54:42 INFO  main [WavefrontOBJ] Done with "Mesh007.obj" (took 191 ms)
2025-05-16 20:54:42 INFO  main [WavefrontOBJ] Loading geometry from "Mesh006.obj" ..
2025-05-16 20:54:42 INFO  main [WavefrontOBJ] Mesh006: 71680 triangles, 35844 vertices (merged 179196 vertices).
2025-05-16 20:54:42 INFO  main [WavefrontOBJ] Done with "Mesh006.obj" (took 157 ms)
2025-05-16 20:54:42 INFO  main [WavefrontOBJ] Loading geometry from "Mesh030.obj" ..
2025-05-16 20:54:42 INFO  main [WavefrontOBJ] Mesh030: 27136 triangles, 13638 vertices (merged 67770 vertices).
2025-05-16 20:54:42 INFO  main [WavefrontOBJ] Done with "Mesh030.obj" (took 57 ms)
2025-05-16 20:54:42 INFO  main [WavefrontOBJ] Loading geometry from "Mesh005.obj" ..
2025-05-16 20:54:42 INFO  main [WavefrontOBJ] Mesh005: 96 triangles, 192 vertices (merged 96 vertices).
2025-05-16 20:54:42 INFO  main [WavefrontOBJ] Done with "Mesh005.obj" (took 0 ms)
2025-05-16 20:54:42 INFO  main [WavefrontOBJ] Loading geometry from "Mesh004.obj" ..
2025-05-16 20:54:42 INFO  main [WavefrontOBJ] Mesh004: 65472 triangles, 50844 vertices (merged 145572 vertices).
2025-05-16 20:54:42 INFO  main [WavefrontOBJ] Done with "Mesh004.obj" (took 188 ms)
2025-05-16 20:54:42 INFO  main [WavefrontOBJ] Loading geometry from "Mesh023.obj" ..
2025-05-16 20:54:42 INFO  main [WavefrontOBJ] Mesh023: 6912 triangles, 3458 vertices (merged 17278 vertices).
2025-05-16 20:54:42 INFO  main [WavefrontOBJ] Done with "Mesh023.obj" (took 14 ms)
2025-05-16 20:54:42 INFO  main [WavefrontOBJ] Loading geometry from "Mesh002.obj" ..
2025-05-16 20:54:42 INFO  main [WavefrontOBJ] Mesh002: 96 triangles, 192 vertices (merged 96 vertices).
2025-05-16 20:54:42 INFO  main [WavefrontOBJ] Done with "Mesh002.obj" (took 0 ms)
2025-05-16 20:54:42 INFO  main [WavefrontOBJ] Loading geometry from "Mesh008.obj" ..
2025-05-16 20:54:42 INFO  main [WavefrontOBJ] Mesh008: 2 triangles, 4 vertices (merged 2 vertices).
2025-05-16 20:54:42 INFO  main [WavefrontOBJ] Done with "Mesh008.obj" (took 0 ms)
2025-05-16 20:54:42 INFO  main [WavefrontOBJ] Loading geometry from "Mesh027.obj" ..
2025-05-16 20:54:42 INFO  main [WavefrontOBJ] Mesh027: 8 triangles, 16 vertices (merged 8 vertices).
2025-05-16 20:54:42 INFO  main [WavefrontOBJ] Done with "Mesh027.obj" (took 0 ms)
2025-05-16 20:54:42 INFO  main [WavefrontOBJ] Loading geometry from "Mesh003.obj" ..
2025-05-16 20:54:42 INFO  main [WavefrontOBJ] Mesh003: 2 triangles, 4 vertices (merged 2 vertices).
2025-05-16 20:54:42 INFO  main [WavefrontOBJ] Done with "Mesh003.obj" (took 0 ms)
2025-05-16 20:54:42 INFO  main [WavefrontOBJ] Loading geometry from "Mesh001.obj" ..
2025-05-16 20:54:42 INFO  main [WavefrontOBJ] Mesh001: 204 triangles, 398 vertices (merged 214 vertices).
2025-05-16 20:54:42 INFO  main [WavefrontOBJ] Done with "Mesh001.obj" (took 1 ms)
2025-05-16 20:54:42 INFO  main [PluginManager] Loading plugin "plugins/area.so" ..
2025-05-16 20:54:42 INFO  main [PluginManager] Loading plugin "plugins/sphere.so" ..
2025-05-16 20:54:42 INFO  ren0 [KDTreeBase] Constructing a SAH kd-tree (786209 primitives) ..
2025-05-16 20:54:43 INFO  ren0 [KDTreeBase] Finished -- took 723 ms.
2025-05-16 20:54:43 INFO  ren0 [octree.h:535] root weight: 8.000e-20 (0.000000)
2025-05-16 20:54:43 INFO  ren0 [octree.h:536] splitting threshold: 8.000e-23 (0.000000)
2025-05-16 20:54:43 INFO  ren0 [octree.h:551] node count: 1 -> 585 -> 585

2025-05-16 20:54:43 INFO  ren0 [octree.h:535] root weight: 4.096e-17 (0.000000)
2025-05-16 20:54:43 INFO  ren0 [octree.h:536] splitting threshold: 4.096e-20 (0.000000)
2025-05-16 20:54:43 INFO  ren0 [octree.h:551] node count: 585 -> 585 -> 585

2025-05-16 20:54:43 INFO  ren0 [octree.h:535] root weight: 8.000e-20 (0.000000)
2025-05-16 20:54:43 INFO  ren0 [octree.h:536] splitting threshold: 8.000e-23 (0.000000)
2025-05-16 20:54:43 INFO  ren0 [octree.h:551] node count: 1 -> 585 -> 585

2025-05-16 20:54:43 INFO  ren0 [octree.h:535] root weight: 8.000e-20 (0.000000)
2025-05-16 20:54:43 INFO  ren0 [octree.h:536] splitting threshold: 8.000e-23 (0.000000)
2025-05-16 20:54:43 INFO  ren0 [octree.h:551] node count: 1 -> 585 -> 585

2025-05-16 20:54:43 INFO  ren0 [octree.h:535] root weight: 4.096e-17 (0.000000)
2025-05-16 20:54:43 INFO  ren0 [octree.h:536] splitting threshold: 4.096e-20 (0.000000)
2025-05-16 20:54:43 INFO  ren0 [octree.h:551] node count: 585 -> 585 -> 585

2025-05-16 20:54:43 INFO  ren0 [octree.h:535] root weight: 8.000e-20 (0.000000)
2025-05-16 20:54:43 INFO  ren0 [octree.h:536] splitting threshold: 8.000e-23 (0.000000)
2025-05-16 20:54:43 INFO  ren0 [octree.h:551] node count: 1 -> 585 -> 585

2025-05-16 20:54:43 INFO  ren0 [MIFocalGuidingPathTracer] AABB3[min=[-6.02975, -0.00717345, -6.68615], max=[0.32406, 2.72573, 0.00770017]]
2025-05-16 20:54:43 INFO  ren0 [MIFocalGuidingPathTracer] Starting render job (1280x720, 12 cores, SSE2 enabled) ..
2025-05-16 20:54:43 INFO  ren0 [MIFocalGuidingPathTracer] ITERATION 0, until 10.0 seconds
2025-05-16 20:54:57 INFO  ren0 [MIFocalGuidingPathTracer]   13.99 seconds elapsed, passes this iteration: 2, total passes: 2
2025-05-16 20:54:57 INFO  ren0 [MIFocalGuidingPathTracer] Got 314983507 non-zero samples
2025-05-16 20:54:58 INFO  ren0 [gaussian_mixture_model.h:808] Processing mega batch of size 27407551
2025-05-16 20:54:59 INFO  ren0 [gaussian_mixture_model.h:547] Random
2025-05-16 20:55:24 INFO  ren0 [gaussian_mixture_model.h:808] Processing mega batch of size 25842936
2025-05-16 20:55:48 INFO  ren0 [gaussian_mixture_model.h:808] Processing mega batch of size 26043748
2025-05-16 20:56:10 INFO  ren0 [gaussian_mixture_model.h:808] Processing mega batch of size 26864920
2025-05-16 20:56:33 INFO  ren0 [gaussian_mixture_model.h:808] Processing mega batch of size 26337716
2025-05-16 20:56:55 INFO  ren0 [gaussian_mixture_model.h:808] Processing mega batch of size 26138941
2025-05-16 20:57:17 INFO  ren0 [gaussian_mixture_model.h:808] Processing mega batch of size 26761157
2025-05-16 20:57:40 INFO  ren0 [gaussian_mixture_model.h:808] Processing mega batch of size 25618823
2025-05-16 20:58:01 INFO  ren0 [gaussian_mixture_model.h:808] Processing mega batch of size 26793357
2025-05-16 20:58:24 INFO  ren0 [gaussian_mixture_model.h:808] Processing mega batch of size 25284952
2025-05-16 20:58:45 INFO  ren0 [gaussian_mixture_model.h:808] Processing mega batch of size 26172847
2025-05-16 20:59:07 INFO  ren0 [gaussian_mixture_model.h:808] Processing mega batch of size 25716559
2025-05-16 20:59:28 INFO  ren0 [MIFocalGuidingPathTracer] GMM[
weight = 0.00218331 mean = [-2.19089 0.348613 -0.710382] covariance = [[0.0756611 0.000367058 -0.0105841][0.000367058 0.0442746 0.0183141][-0.0105841 0.0183141 0.0787502]]
weight = 0.0150718 mean = [-0.69883 1.7941 -0.148959] covariance = [[0.253829 -0.0143179 -0.0016824][-0.0143179 0.295587 -0.00129421][-0.0016824 -0.00129421 0.0229384]]
weight = 0.103168 mean = [-0.573976 1.25922 -0.189006] covariance = [[0.458681 -0.0654415 0.00531769][-0.0654415 0.504427 -0.0046166][0.00531769 -0.0046166 0.0269638]]
weight = 0.0268406 mean = [-2.77483 0.246828 -0.913452] covariance = [[0.228256 0.0218867 0.00168929][0.0218867 0.0350701 0.0365653][0.00168929 0.0365653 0.171649]]
weight = 0.0331349 mean = [-5.18141 0.456771 -0.103801] covariance = [[0.646389 0.028894 -0.00413031][0.028894 0.185432 -0.00314377][-0.00413031 -0.00314377 0.0117146]]
weight = 0.0150718 mean = [-1.37343 1.58511 -0.142753] covariance = [[0.253829 -0.0143179 -0.0016824][-0.0143179 0.295587 -0.00129421][-0.0016824 -0.00129421 0.0229384]]
weight = 0.80453 mean = [-2.81868 1.53342 -1.95351] covariance = [[4.2254 -0.229672 0.249838][-0.229672 0.764461 -0.0827905][0.249838 -0.0827905 2.18646]]
]
2025-05-16 20:59:28 INFO  ren0 [octree.h:535] root weight: 4.262e+06 (4261789.000000)
2025-05-16 20:59:28 INFO  ren0 [octree.h:536] splitting threshold: 4.262e+03 (4261.789062)
2025-05-16 20:59:28 INFO  ren0 [octree.h:535] root weight: 1.369e+06 (1369322.875000)
2025-05-16 20:59:28 INFO  ren0 [octree.h:536] splitting threshold: 1.369e+03 (1369.322998)
2025-05-16 20:59:28 INFO  ren0 [octree.h:551] node count: 585 -> 677 -> 450

2025-05-16 20:59:28 INFO  ren0 [octree.h:551] node count: 585 -> 609 -> 359

2025-05-16 20:59:28 INFO  ren0 [MIFocalGuidingPathTracer] ITERATION 1, until 20.0 seconds
2025-05-16 21:00:06 INFO  ren0 [MIFocalGuidingPathTracer]   322.72 seconds elapsed, passes this iteration: 1, total passes: 3
2025-05-16 21:00:06 INFO  ren0 [MIFocalGuidingPathTracer] Got 80309530 non-zero samples
2025-05-16 21:00:12 INFO  ren0 [gaussian_mixture_model.h:808] Processing mega batch of size 80309530
2025-05-16 21:01:23 INFO  ren0 [MIFocalGuidingPathTracer] GMM[
weight = 0.0490012 mean = [-3.05559 0.112179 -0.421847] covariance = [[0.116306 -0.0152146 -0.0119354][-0.0152146 0.0102769 -0.00511333][-0.0119354 -0.00511333 0.0379035]]
weight = 0.42401 mean = [-3.54509 1.44291 -1.86705] covariance = [[1.73024 -0.0383566 0.00112673][-0.0383566 0.900876 -0.130231][0.00112673 -0.130231 1.69313]]
weight = 0.0609723 mean = [-0.733208 1.33869 -0.0339648] covariance = [[0.444741 -0.156602 0.0037827][-0.156602 0.277379 0.000389188][0.0037827 0.000389188 0.00135503]]
weight = 0.0113928 mean = [-2.38674 1.30615 -0.0502023] covariance = [[0.589732 0.267681 -0.0255972][0.267681 0.770928 -0.0206462][-0.0255972 -0.0206462 0.00325612]]
weight = 0.0236374 mean = [-5.64979 1.64066 -0.213657] covariance = [[0.0863881 -0.0263396 -0.00355121][-0.0263396 0.759547 0.0110605][-0.00355121 0.0110605 0.0426345]]
weight = 0.00697722 mean = [-3.79041 0.19809 -0.245014] covariance = [[0.450139 -0.0199426 -0.0709445][-0.0199426 0.0389889 -0.00631511][-0.0709445 -0.00631511 0.053884]]
weight = 0.42401 mean = [-1.78938 1.2689 -1.27036] covariance = [[1.73024 -0.0383566 0.00112673][-0.0383566 0.900876 -0.130231][0.00112673 -0.130231 1.69313]]
]
2025-05-16 21:01:23 INFO  ren0 [octree.h:535] root weight: 1.992e+07 (19924800.000000)
2025-05-16 21:01:23 INFO  ren0 [octree.h:536] splitting threshold: 1.992e+04 (19924.800781)
2025-05-16 21:01:23 INFO  ren0 [octree.h:535] root weight: 6.495e+06 (6495154.000000)
2025-05-16 21:01:23 INFO  ren0 [octree.h:536] splitting threshold: 6.495e+03 (6495.154297)
2025-05-16 21:01:23 INFO  ren0 [octree.h:551] node count: 450 -> 467 -> 426

2025-05-16 21:01:23 INFO  ren0 [octree.h:551] node count: 359 -> 370 -> 353

2025-05-16 21:01:23 INFO  ren0 [MIFocalGuidingPathTracer] ITERATION 2, until 30.0 seconds
2025-05-16 21:01:59 INFO  ren0 [MIFocalGuidingPathTracer]   435.52 seconds elapsed, passes this iteration: 1, total passes: 4
2025-05-16 21:01:59 INFO  ren0 [MIFocalGuidingPathTracer] Got 77848593 non-zero samples
2025-05-16 21:02:03 INFO  ren0 [gaussian_mixture_model.h:808] Processing mega batch of size 77848593
2025-05-16 21:03:11 INFO  ren0 [MIFocalGuidingPathTracer] GMM[
weight = 0.00947771 mean = [-5.61901 2.23181 -0.216646] covariance = [[0.256304 0.0320694 -0.0573606][0.0320694 0.0400941 -0.0501114][-0.0573606 -0.0501114 0.236229]]
weight = 0.00947771 mean = [-5.03738 2.3933 -0.734502] covariance = [[0.256304 0.0320694 -0.0573606][0.0320694 0.0400941 -0.0501114][-0.0573606 -0.0501114 0.236229]]
weight = 0.00703587 mean = [-4.62139 2.61454 -4.58256] covariance = [[0.265543 0.0185228 0.0395076][0.0185228 0.261117 -0.0114758][0.0395076 -0.0114758 0.362718]]
weight = 0.123754 mean = [-2.3664 1.17762 -0.615326] covariance = [[0.774349 0.00920754 0.00323726][0.00920754 0.40777 -0.12606][0.00323726 -0.12606 0.730898]]
weight = 0.123754 mean = [-3.58718 1.2285 -0.852555] covariance = [[0.774349 0.00920754 0.00323726][0.00920754 0.40777 -0.12606][0.00323726 -0.12606 0.730898]]
weight = 0.04073 mean = [-4.38441 2.50628 -0.797384] covariance = [[0.825636 0.0879124 0.0402364][0.0879124 0.0477915 -0.0435652][0.0402364 -0.0435652 0.386082]]
weight = 0.0651274 mean = [-5.20589 1.88436 -3.99298] covariance = [[0.363219 -0.0640097 -0.188818][-0.0640097 0.773821 0.00749741][-0.188818 0.00749741 1.0337]]
weight = 0.620643 mean = [-1.91171 1.38011 -1.09953] covariance = [[2.23759 0.112747 -0.111543][0.112747 0.65663 -0.168492][-0.111543 -0.168492 1.28386]]
]
2025-05-16 21:03:11 INFO  ren0 [octree.h:535] root weight: 2.465e+07 (24651626.000000)
2025-05-16 21:03:11 INFO  ren0 [octree.h:536] splitting threshold: 2.465e+04 (24651.626953)
2025-05-16 21:03:11 INFO  ren0 [octree.h:535] root weight: 8.221e+06 (8220795.000000)
2025-05-16 21:03:11 INFO  ren0 [octree.h:536] splitting threshold: 8.221e+03 (8220.794922)
2025-05-16 21:03:11 INFO  ren0 [octree.h:551] node count: 426 -> 453 -> 430

2025-05-16 21:03:11 INFO  ren0 [octree.h:551] node count: 353 -> 362 -> 351

2025-05-16 21:03:11 INFO  ren0 [MIFocalGuidingPathTracer] ITERATION 3, until 40.0 seconds
2025-05-16 21:03:53 INFO  ren0 [MIFocalGuidingPathTracer]   549.68 seconds elapsed, passes this iteration: 1, total passes: 5
2025-05-16 21:03:53 INFO  ren0 [MIFocalGuidingPathTracer] Got 84710303 non-zero samples
2025-05-16 21:03:57 INFO  ren0 [gaussian_mixture_model.h:808] Processing mega batch of size 84710303
2025-05-16 21:05:13 INFO  ren0 [MIFocalGuidingPathTracer] GMM[
weight = 0.0311838 mean = [-5.81579 1.64887 -5.29505] covariance = [[0.0479296 -0.078653 0.0504842][-0.078653 0.766552 0.0076392][0.0504842 0.0076392 0.790377]]
weight = 0.0347835 mean = [-3.29957 1.32781 -4.16167] covariance = [[1.56371 0.100162 0.299904][0.100162 0.798161 0.0370727][0.299904 0.0370727 1.16952]]
weight = 0.00131396 mean = [-6.02323 1.86211 -3.67989] covariance = [[8.67767e-05 -0.000228036 0.000326896][-0.000228036 0.0100832 -0.00727257][0.000326896 -0.00727257 0.00691539]]
weight = 0.0195022 mean = [-5.19976 0.487366 -0.912627] covariance = [[0.414629 -0.0963796 -0.0636075][-0.0963796 0.108033 0.0395878][-0.0636075 0.0395878 0.732159]]
weight = 0.00625118 mean = [-5.97049 0.381884 -1.93033] covariance = [[0.00461715 0.00175039 -0.00637545][0.00175039 0.133808 -0.209029][-0.00637545 -0.209029 1.19946]]
weight = 0.0311838 mean = [-5.74714 1.79944 -4.04575] covariance = [[0.0479296 -0.078653 0.0504842][-0.078653 0.766552 0.0076392][0.0504842 0.0076392 0.790377]]
weight = 0.0347835 mean = [-1.66725 1.53644 -3.28601] covariance = [[1.56371 0.100162 0.299904][0.100162 0.798161 0.0370727][0.299904 0.0370727 1.16952]]
weight = 0.0195022 mean = [-4.94123 0.375017 -2.10422] covariance = [[0.414629 -0.0963796 -0.0636075][-0.0963796 0.108033 0.0395878][-0.0636075 0.0395878 0.732159]]
weight = 0.821496 mean = [-2.36296 1.42212 -0.79004] covariance = [[3.32975 -0.50716 0.443034][-0.50716 0.61079 -0.0880512][0.443034 -0.0880512 0.661903]]
]
2025-05-16 21:05:13 INFO  ren0 [octree.h:535] root weight: 3.221e+07 (32206096.000000)
2025-05-16 21:05:13 INFO  ren0 [octree.h:536] splitting threshold: 3.221e+04 (32206.097656)
2025-05-16 21:05:13 INFO  ren0 [octree.h:535] root weight: 1.239e+07 (12385646.000000)
2025-05-16 21:05:13 INFO  ren0 [octree.h:536] splitting threshold: 1.239e+04 (12385.646484)
2025-05-16 21:05:13 INFO  ren0 [octree.h:551] node count: 430 -> 471 -> 400

2025-05-16 21:05:13 INFO  ren0 [octree.h:551] node count: 351 -> 383 -> 366

2025-05-16 21:05:13 INFO  ren0 [MIFocalGuidingPathTracer] ITERATION 4, until 50.0 seconds
2025-05-16 21:05:56 INFO  ren0 [MIFocalGuidingPathTracer]   673.31 seconds elapsed, passes this iteration: 1, total passes: 6
2025-05-16 21:05:56 INFO  ren0 [RenderJob] Render time: 11.2353m
2025-05-16 21:05:56 INFO  ren0 [HDRFilm] Writing image to "/mitsuba/scene/modern-living-room/modern-living-room.exr" ..
2025-05-16 21:05:56 INFO  main [statistics.cpp:142] Statistics:
------------------------------------------------------------
 * Loaded plugins :
    -  plugins/area.so [Area light]
    -  plugins/bitmap.so [Bitmap texture]
    -  plugins/box.so [Box filter]
    -  plugins/dielectric.so [Smooth dielectric BSDF]
    -  plugins/diffuse.so [Smooth diffuse BRDF]
    -  plugins/hdrfilm.so [High dynamic range film]
    -  plugins/independent.so [Independent sampler]
    -  plugins/lanczos.so [Lanczos Sinc filter]
    -  plugins/obj.so [OBJ triangle mesh loader]
    -  plugins/perspective.so [Perspective camera]
    -  plugins/pmm_focal_recursive.so [MI focal guiding path tracer]
    -  plugins/roughconductor.so [Rough conductor BRDF]
    -  plugins/roughplastic.so [Rough plastic BRDF]
    -  plugins/sphere.so [Sphere intersection primitive]
    -  plugins/twosided.so [Two-sided BRDF adapter]

  * General :
    -  Normal rays traced : 52.899 M
    -  Shadow rays traced : 47.952 M

  * PathGuiding :
    -  Average path length : 9.04 (49.98 M / 5.53 M)

  * Texture system :
    -  Cumulative MIP map memory allocations : 76.918 MiB
    -  Filtered texture lookups : 0.00 % (0.00 of 16.63 M)
------------------------------------------------------------
