2025-05-21 18:43:31 INFO  main [mitsuba.cpp:274] Mitsuba version 0.6.0 (Linux, 64 bit), Copyright (c) 2017 Wenzel Jakob
2025-05-21 18:43:31 INFO  main [mitsuba.cpp:377] Parsing scene description from "scene/dining-room/dining-room.xml" ..
2025-05-21 18:43:31 INFO  main [scenehandler.cpp:675] In file "/mitsuba/scene/dining-room/dining-room.xml" (near line 18): Parsing included file "pmm_focal_recursive.xml" ..
2025-05-21 18:43:31 INFO  main [PluginManager] Loading plugin "plugins/pmm_focal_recursive.so" ..
2025-05-21 18:43:31 INFO  main [octree.h:534] root weight: 8.000e-20 (0.000000)
2025-05-21 18:43:31 INFO  main [octree.h:535] splitting threshold: 8.000e-23 (0.000000)
2025-05-21 18:43:31 INFO  main [octree.h:550] node count: 1 -> 585 -> 585

2025-05-21 18:43:31 INFO  main [octree.h:534] root weight: 8.000e-20 (0.000000)
2025-05-21 18:43:31 INFO  main [octree.h:535] splitting threshold: 8.000e-23 (0.000000)
2025-05-21 18:43:31 INFO  main [octree.h:550] node count: 1 -> 585 -> 585

2025-05-21 18:43:31 INFO  main [MIFocalGuidingPathTracer] Final render will have 32 spp, m_budget will not be taken into account.
2025-05-21 18:43:31 INFO  main [MIFocalGuidingPathTracer] budget: 1800
2025-05-21 18:43:31 INFO  main [MIFocalGuidingPathTracer] dumpPrimaryRays: false
2025-05-21 18:43:31 INFO  main [MIFocalGuidingPathTracer] dumpScene: false
2025-05-21 18:43:31 INFO  main [MIFocalGuidingPathTracer] finalSpp: 32
2025-05-21 18:43:31 INFO  main [MIFocalGuidingPathTracer] gmm.alpha: 0.4
2025-05-21 18:43:31 INFO  main [MIFocalGuidingPathTracer] gmm.initMethod: Random
2025-05-21 18:43:31 INFO  main [MIFocalGuidingPathTracer] gmm.maxNumComp: 10
2025-05-21 18:43:31 INFO  main [MIFocalGuidingPathTracer] gmm.mergingThreshold: 0.65
2025-05-21 18:43:31 INFO  main [MIFocalGuidingPathTracer] gmm.minNumComp: 3
2025-05-21 18:43:31 INFO  main [MIFocalGuidingPathTracer] gmm.splittingThreshold: 100
2025-05-21 18:43:31 INFO  main [MIFocalGuidingPathTracer] iterationBudget: 10
2025-05-21 18:43:31 INFO  main [MIFocalGuidingPathTracer] iterationCount: 15
2025-05-21 18:43:31 INFO  main [MIFocalGuidingPathTracer] maxDepth: 40
2025-05-21 18:43:31 INFO  main [MIFocalGuidingPathTracer] minSamplesToStartFitting: 10
2025-05-21 18:43:31 INFO  main [MIFocalGuidingPathTracer] normalBinning: disabled
2025-05-21 18:43:31 INFO  main [MIFocalGuidingPathTracer] renderMaxSeconds: 36000
2025-05-21 18:43:31 INFO  main [MIFocalGuidingPathTracer] rrDepth: 14
2025-05-21 18:43:31 INFO  main [MIFocalGuidingPathTracer] samplingMode: 2
2025-05-21 18:43:31 INFO  main [MIFocalGuidingPathTracer] shouldPretrain: false
2025-05-21 18:43:31 INFO  main [MIFocalGuidingPathTracer] strictNormals: true
2025-05-21 18:43:31 INFO  main [MIFocalGuidingPathTracer] trainingSamples: 4
2025-05-21 18:43:31 INFO  main [MIFocalGuidingPathTracer] tree.threshold: 0.001
2025-05-21 18:43:31 INFO  main [MIFocalGuidingPathTracer] unboundedSplatting: true
2025-05-21 18:43:31 INFO  main [PluginManager] Loading plugin "plugins/independent.so" ..
2025-05-21 18:43:31 INFO  main [PluginManager] Loading plugin "plugins/box.so" ..
2025-05-21 18:43:31 INFO  main [PluginManager] Loading plugin "plugins/hdrfilm.so" ..
2025-05-21 18:43:31 INFO  main [PluginManager] Loading plugin "plugins/perspective.so" ..
2025-05-21 18:43:31 INFO  main [PluginManager] Loading plugin "plugins/roughplastic.so" ..
2025-05-21 18:43:31 INFO  main [PluginManager] Loading plugin "plugins/twosided.so" ..
2025-05-21 18:43:31 INFO  main [PluginManager] Loading plugin "plugins/roughconductor.so" ..
2025-05-21 18:43:31 INFO  main [spectrum.cpp:599] "Cu.eta.spd": loaded a spectral power distribution with 55 entries (between 302.400421 and 885.601257 nm)
2025-05-21 18:43:31 INFO  main [spectrum.cpp:599] "Cu.k.spd": loaded a spectral power distribution with 55 entries (between 302.400421 and 885.601257 nm)
2025-05-21 18:43:31 INFO  main [PluginManager] Loading plugin "plugins/diffuse.so" ..
2025-05-21 18:43:31 INFO  main [PluginManager] Loading plugin "plugins/bitmap.so" ..
2025-05-21 18:43:31 INFO  main [BitmapTexture] Loading texture "picture3.jpg"
2025-05-21 18:43:31 INFO  main [PluginManager] Loading plugin "plugins/lanczos.so" ..
2025-05-21 18:43:31 INFO  main [MIPMap] Generating MIP map cache file "/mitsuba/scene/dining-room/textures/picture3.mip" ..
2025-05-21 18:43:31 INFO  main [BitmapTexture] Loading texture "Tiles.jpg"
2025-05-21 18:43:31 INFO  main [spectrum.cpp:599] "Cu.eta.spd": loaded a spectral power distribution with 55 entries (between 302.400421 and 885.601257 nm)
2025-05-21 18:43:31 INFO  main [spectrum.cpp:599] "Cu.k.spd": loaded a spectral power distribution with 55 entries (between 302.400421 and 885.601257 nm)
2025-05-21 18:43:31 INFO  main [PluginManager] Loading plugin "plugins/conductor.so" ..
2025-05-21 18:43:31 INFO  main [spectrum.cpp:599] "Ir.eta.spd": loaded a spectral power distribution with 28 entries (between 302.389984 and 885.570984 nm)
2025-05-21 18:43:31 INFO  main [spectrum.cpp:599] "Ir.k.spd": loaded a spectral power distribution with 28 entries (between 302.389984 and 885.570984 nm)
2025-05-21 18:43:31 INFO  main [spectrum.cpp:599] "Cu.eta.spd": loaded a spectral power distribution with 55 entries (between 302.400421 and 885.601257 nm)
2025-05-21 18:43:31 INFO  main [spectrum.cpp:599] "Cu.k.spd": loaded a spectral power distribution with 55 entries (between 302.400421 and 885.601257 nm)
2025-05-21 18:43:31 INFO  main [BitmapTexture] Loading texture "Teacup.png"
2025-05-21 18:43:31 INFO  main [spectrum.cpp:599] "Cu.eta.spd": loaded a spectral power distribution with 55 entries (between 302.400421 and 885.601257 nm)
2025-05-21 18:43:31 INFO  main [spectrum.cpp:599] "Cu.k.spd": loaded a spectral power distribution with 55 entries (between 302.400421 and 885.601257 nm)
2025-05-21 18:43:31 INFO  main [PluginManager] Loading plugin "plugins/area.so" ..
2025-05-21 18:43:31 INFO  main [PluginManager] Loading plugin "plugins/disk.so" ..
2025-05-21 18:43:31 INFO  main [PluginManager] Loading plugin "plugins/ply.so" ..
2025-05-21 18:43:31 INFO  main [PLYLoader] Loading geometry from "parabol1.ply" ..
2025-05-21 18:43:31 INFO  main [PLYLoader] "parabol1": Loaded 25856 triangles, 13057 vertices (456.0 KiB in 4 ms).
2025-05-21 18:43:31 INFO  main [PLYLoader] Loading geometry from "parabol2.ply" ..
2025-05-21 18:43:31 INFO  main [PLYLoader] "parabol2": Loaded 25856 triangles, 13057 vertices (456.0 KiB in 3 ms).
2025-05-21 18:43:31 INFO  main [PluginManager] Loading plugin "plugins/obj.so" ..
2025-05-21 18:43:31 INFO  main [WavefrontOBJ] Loading geometry from "Mesh013.obj" ..
2025-05-21 18:43:31 INFO  main [WavefrontOBJ] Mesh013: 1056 triangles, 577 vertices (merged 2591 vertices).
2025-05-21 18:43:31 INFO  main [WavefrontOBJ] Done with "Mesh013.obj" (took 2 ms)
2025-05-21 18:43:31 INFO  main [WavefrontOBJ] Loading geometry from "Mesh016.obj" ..
2025-05-21 18:43:31 INFO  main [WavefrontOBJ] Mesh016: 384 triangles, 768 vertices (merged 384 vertices).
2025-05-21 18:43:31 INFO  main [WavefrontOBJ] Done with "Mesh016.obj" (took 2 ms)
2025-05-21 18:43:31 INFO  main [WavefrontOBJ] Loading geometry from "Mesh015.obj" ..
2025-05-21 18:43:31 INFO  main [WavefrontOBJ] Mesh015: 3136 triangles, 1680 vertices (merged 7728 vertices).
2025-05-21 18:43:31 INFO  main [WavefrontOBJ] Done with "Mesh015.obj" (took 7 ms)
2025-05-21 18:43:31 INFO  main [WavefrontOBJ] Loading geometry from "Mesh023.obj" ..
2025-05-21 18:43:31 INFO  main [WavefrontOBJ] Mesh023: 1056 triangles, 577 vertices (merged 2591 vertices).
2025-05-21 18:43:31 INFO  main [WavefrontOBJ] Done with "Mesh023.obj" (took 2 ms)
2025-05-21 18:43:31 INFO  main [WavefrontOBJ] Loading geometry from "Mesh020.obj" ..
2025-05-21 18:43:31 INFO  main [WavefrontOBJ] Mesh020: 384 triangles, 768 vertices (merged 384 vertices).
2025-05-21 18:43:31 INFO  main [WavefrontOBJ] Done with "Mesh020.obj" (took 2 ms)
2025-05-21 18:43:31 INFO  main [WavefrontOBJ] Loading geometry from "Mesh017.obj" ..
2025-05-21 18:43:31 INFO  main [WavefrontOBJ] Mesh017: 3136 triangles, 1680 vertices (merged 7728 vertices).
2025-05-21 18:43:31 INFO  main [WavefrontOBJ] Done with "Mesh017.obj" (took 9 ms)
2025-05-21 18:43:31 INFO  main [WavefrontOBJ] Loading geometry from "Mesh024.obj" ..
2025-05-21 18:43:31 INFO  main [WavefrontOBJ] Mesh024: 34 triangles, 68 vertices (merged 34 vertices).
2025-05-21 18:43:31 INFO  main [WavefrontOBJ] Done with "Mesh024.obj" (took 0 ms)
2025-05-21 18:43:31 INFO  main [WavefrontOBJ] Loading geometry from "Mesh041.obj" ..
2025-05-21 18:43:31 INFO  main [WavefrontOBJ] Mesh041: 8 triangles, 16 vertices (merged 8 vertices).
2025-05-21 18:43:31 INFO  main [WavefrontOBJ] Done with "Mesh041.obj" (took 0 ms)
2025-05-21 18:43:31 INFO  main [WavefrontOBJ] Loading geometry from "Mesh011.obj" ..
2025-05-21 18:43:31 INFO  main [WavefrontOBJ] Mesh011: 8992 triangles, 4544 vertices (merged 22432 vertices).
2025-05-21 18:43:31 INFO  main [WavefrontOBJ] Done with "Mesh011.obj" (took 21 ms)
2025-05-21 18:43:31 INFO  main [WavefrontOBJ] Loading geometry from "Mesh026.obj" ..
2025-05-21 18:43:31 INFO  main [WavefrontOBJ] Mesh026: 7624 triangles, 4070 vertices (merged 18802 vertices).
2025-05-21 18:43:31 INFO  main [WavefrontOBJ] Done with "Mesh026.obj" (took 19 ms)
2025-05-21 18:43:31 INFO  main [WavefrontOBJ] Loading geometry from "Mesh018.obj" ..
2025-05-21 18:43:31 INFO  main [WavefrontOBJ] Mesh018: 2016 triangles, 1260 vertices (merged 4788 vertices).
2025-05-21 18:43:31 INFO  main [WavefrontOBJ] Done with "Mesh018.obj" (took 5 ms)
2025-05-21 18:43:31 INFO  main [WavefrontOBJ] Loading geometry from "Mesh007.obj" ..
2025-05-21 18:43:31 INFO  main [WavefrontOBJ] Mesh007: 4352 triangles, 2178 vertices (merged 10878 vertices).
2025-05-21 18:43:31 INFO  main [WavefrontOBJ] Done with "Mesh007.obj" (took 10 ms)
2025-05-21 18:43:31 INFO  main [WavefrontOBJ] Loading geometry from "Mesh005.obj" ..
2025-05-21 18:43:31 INFO  main [WavefrontOBJ] Mesh005: 160 triangles, 144 vertices (merged 336 vertices).
2025-05-21 18:43:31 INFO  main [WavefrontOBJ] Done with "Mesh005.obj" (took 0 ms)
2025-05-21 18:43:31 INFO  main [WavefrontOBJ] Loading geometry from "Mesh019.obj" ..
2025-05-21 18:43:31 INFO  main [WavefrontOBJ] Mesh019: 560 triangles, 400 vertices (merged 1280 vertices).
2025-05-21 18:43:31 INFO  main [WavefrontOBJ] Done with "Mesh019.obj" (took 1 ms)
2025-05-21 18:43:31 INFO  main [WavefrontOBJ] Loading geometry from "Mesh021.obj" ..
2025-05-21 18:43:31 INFO  main [WavefrontOBJ] Mesh021: 720 triangles, 482 vertices (merged 1678 vertices).
2025-05-21 18:43:31 INFO  main [WavefrontOBJ] Done with "Mesh021.obj" (took 2 ms)
2025-05-21 18:43:31 INFO  main [WavefrontOBJ] Loading geometry from "Mesh037.obj" ..
2025-05-21 18:43:31 INFO  main [WavefrontOBJ] Mesh037: 7624 triangles, 4070 vertices (merged 18802 vertices).
2025-05-21 18:43:31 INFO  main [WavefrontOBJ] Done with "Mesh037.obj" (took 17 ms)
2025-05-21 18:43:31 INFO  main [WavefrontOBJ] Loading geometry from "Mesh004.obj" ..
2025-05-21 18:43:31 INFO  main [WavefrontOBJ] Mesh004: 2016 triangles, 1260 vertices (merged 4788 vertices).
2025-05-21 18:43:31 INFO  main [WavefrontOBJ] Done with "Mesh004.obj" (took 5 ms)
2025-05-21 18:43:31 INFO  main [WavefrontOBJ] Loading geometry from "Mesh014.obj" ..
2025-05-21 18:43:31 INFO  main [WavefrontOBJ] Mesh014: 160 triangles, 144 vertices (merged 336 vertices).
2025-05-21 18:43:31 INFO  main [WavefrontOBJ] Done with "Mesh014.obj" (took 0 ms)
2025-05-21 18:43:31 INFO  main [WavefrontOBJ] Loading geometry from "Mesh012.obj" ..
2025-05-21 18:43:31 INFO  main [WavefrontOBJ] Mesh012: 560 triangles, 400 vertices (merged 1280 vertices).
2025-05-21 18:43:31 INFO  main [WavefrontOBJ] Done with "Mesh012.obj" (took 2 ms)
2025-05-21 18:43:31 INFO  main [WavefrontOBJ] Loading geometry from "Mesh028.obj" ..
2025-05-21 18:43:31 INFO  main [WavefrontOBJ] Mesh028: 720 triangles, 482 vertices (merged 1678 vertices).
2025-05-21 18:43:31 INFO  main [WavefrontOBJ] Done with "Mesh028.obj" (took 1 ms)
2025-05-21 18:43:31 INFO  main [WavefrontOBJ] Loading geometry from "Mesh025.obj" ..
2025-05-21 18:43:31 INFO  main [WavefrontOBJ] Mesh025: 4352 triangles, 2178 vertices (merged 10878 vertices).
2025-05-21 18:43:31 INFO  main [WavefrontOBJ] Done with "Mesh025.obj" (took 10 ms)
2025-05-21 18:43:31 INFO  main [WavefrontOBJ] Loading geometry from "Mesh008.obj" ..
2025-05-21 18:43:31 INFO  main [WavefrontOBJ] Mesh008: 6320 triangles, 3270 vertices (merged 15690 vertices).
2025-05-21 18:43:31 INFO  main [WavefrontOBJ] Done with "Mesh008.obj" (took 16 ms)
2025-05-21 18:43:31 INFO  main [WavefrontOBJ] Loading geometry from "Mesh032.obj" ..
2025-05-21 18:43:31 INFO  main [WavefrontOBJ] Mesh032: 13248 triangles, 6686 vertices (merged 33058 vertices).
2025-05-21 18:43:31 INFO  main [WavefrontOBJ] Done with "Mesh032.obj" (took 36 ms)
2025-05-21 18:43:31 INFO  main [WavefrontOBJ] Loading geometry from "Mesh035.obj" ..
2025-05-21 18:43:31 INFO  main [WavefrontOBJ] Mesh035: 14480 triangles, 7404 vertices (merged 36036 vertices).
2025-05-21 18:43:31 INFO  main [WavefrontOBJ] Done with "Mesh035.obj" (took 34 ms)
2025-05-21 18:43:31 INFO  main [WavefrontOBJ] Loading geometry from "Mesh042.obj" ..
2025-05-21 18:43:31 INFO  main [WavefrontOBJ] Mesh042: 2320 triangles, 1492 vertices (merged 5468 vertices).
2025-05-21 18:43:31 INFO  main [WavefrontOBJ] Done with "Mesh042.obj" (took 6 ms)
2025-05-21 18:43:31 INFO  main [WavefrontOBJ] Loading geometry from "Mesh010.obj" ..
2025-05-21 18:43:31 INFO  main [WavefrontOBJ] Mesh010: 13248 triangles, 6686 vertices (merged 33058 vertices).
2025-05-21 18:43:31 INFO  main [WavefrontOBJ] Done with "Mesh010.obj" (took 30 ms)
2025-05-21 18:43:31 INFO  main [WavefrontOBJ] Loading geometry from "Mesh036.obj" ..
2025-05-21 18:43:31 INFO  main [WavefrontOBJ] Mesh036: 14480 triangles, 7404 vertices (merged 36036 vertices).
2025-05-21 18:43:31 INFO  main [WavefrontOBJ] Done with "Mesh036.obj" (took 33 ms)
2025-05-21 18:43:31 INFO  main [WavefrontOBJ] Loading geometry from "Mesh027.obj" ..
2025-05-21 18:43:31 INFO  main [WavefrontOBJ] Mesh027: 2320 triangles, 1492 vertices (merged 5468 vertices).
2025-05-21 18:43:31 INFO  main [WavefrontOBJ] Done with "Mesh027.obj" (took 6 ms)
2025-05-21 18:43:31 INFO  main [WavefrontOBJ] Loading geometry from "Mesh043.obj" ..
2025-05-21 18:43:31 INFO  main [WavefrontOBJ] Mesh043: 13248 triangles, 6686 vertices (merged 33058 vertices).
2025-05-21 18:43:31 INFO  main [WavefrontOBJ] Done with "Mesh043.obj" (took 29 ms)
2025-05-21 18:43:31 INFO  main [WavefrontOBJ] Loading geometry from "Mesh044.obj" ..
2025-05-21 18:43:31 INFO  main [WavefrontOBJ] Mesh044: 14480 triangles, 7404 vertices (merged 36036 vertices).
2025-05-21 18:43:31 INFO  main [WavefrontOBJ] Done with "Mesh044.obj" (took 32 ms)
2025-05-21 18:43:31 INFO  main [WavefrontOBJ] Loading geometry from "Mesh031.obj" ..
2025-05-21 18:43:31 INFO  main [WavefrontOBJ] Mesh031: 2320 triangles, 1492 vertices (merged 5468 vertices).
2025-05-21 18:43:31 INFO  main [WavefrontOBJ] Done with "Mesh031.obj" (took 6 ms)
2025-05-21 18:43:31 INFO  main [WavefrontOBJ] Loading geometry from "Mesh022.obj" ..
2025-05-21 18:43:31 INFO  main [WavefrontOBJ] Mesh022: 13248 triangles, 6686 vertices (merged 33058 vertices).
2025-05-21 18:43:31 INFO  main [WavefrontOBJ] Done with "Mesh022.obj" (took 29 ms)
2025-05-21 18:43:31 INFO  main [WavefrontOBJ] Loading geometry from "Mesh038.obj" ..
2025-05-21 18:43:31 INFO  main [WavefrontOBJ] Mesh038: 14480 triangles, 7404 vertices (merged 36036 vertices).
2025-05-21 18:43:31 INFO  main [WavefrontOBJ] Done with "Mesh038.obj" (took 32 ms)
2025-05-21 18:43:31 INFO  main [WavefrontOBJ] Loading geometry from "Mesh030.obj" ..
2025-05-21 18:43:31 INFO  main [WavefrontOBJ] Mesh030: 2320 triangles, 1492 vertices (merged 5468 vertices).
2025-05-21 18:43:31 INFO  main [WavefrontOBJ] Done with "Mesh030.obj" (took 5 ms)
2025-05-21 18:43:31 INFO  main [WavefrontOBJ] Loading geometry from "Mesh046.obj" ..
2025-05-21 18:43:31 INFO  main [WavefrontOBJ] Mesh046: 13248 triangles, 6686 vertices (merged 33058 vertices).
2025-05-21 18:43:31 INFO  main [WavefrontOBJ] Done with "Mesh046.obj" (took 28 ms)
2025-05-21 18:43:31 INFO  main [WavefrontOBJ] Loading geometry from "Mesh047.obj" ..
2025-05-21 18:43:31 INFO  main [WavefrontOBJ] Mesh047: 14480 triangles, 7404 vertices (merged 36036 vertices).
2025-05-21 18:43:31 INFO  main [WavefrontOBJ] Done with "Mesh047.obj" (took 32 ms)
2025-05-21 18:43:31 INFO  main [WavefrontOBJ] Loading geometry from "Mesh034.obj" ..
2025-05-21 18:43:31 INFO  main [WavefrontOBJ] Mesh034: 2320 triangles, 1492 vertices (merged 5468 vertices).
2025-05-21 18:43:31 INFO  main [WavefrontOBJ] Done with "Mesh034.obj" (took 6 ms)
2025-05-21 18:43:31 INFO  main [WavefrontOBJ] Loading geometry from "Mesh033.obj" ..
2025-05-21 18:43:31 INFO  main [WavefrontOBJ] Mesh033: 44 triangles, 96 vertices (merged 36 vertices).
2025-05-21 18:43:31 INFO  main [WavefrontOBJ] Done with "Mesh033.obj" (took 0 ms)
2025-05-21 18:43:31 INFO  main [WavefrontOBJ] Loading geometry from "Mesh006.obj" ..
2025-05-21 18:43:31 INFO  main [WavefrontOBJ] Mesh006: 4 triangles, 6 vertices (merged 6 vertices).
2025-05-21 18:43:31 INFO  main [WavefrontOBJ] Done with "Mesh006.obj" (took 0 ms)
2025-05-21 18:43:31 INFO  main [WavefrontOBJ] Loading geometry from "Mesh048.obj" ..
2025-05-21 18:43:31 INFO  main [WavefrontOBJ] Mesh048: 30 triangles, 38 vertices (merged 52 vertices).
2025-05-21 18:43:31 INFO  main [WavefrontOBJ] Done with "Mesh048.obj" (took 0 ms)
2025-05-21 18:43:31 INFO  main [WavefrontOBJ] Loading geometry from "Mesh049.obj" ..
2025-05-21 18:43:31 INFO  main [WavefrontOBJ] Mesh049: 13248 triangles, 6686 vertices (merged 33058 vertices).
2025-05-21 18:43:31 INFO  main [WavefrontOBJ] Done with "Mesh049.obj" (took 29 ms)
2025-05-21 18:43:31 INFO  main [WavefrontOBJ] Loading geometry from "Mesh051.obj" ..
2025-05-21 18:43:31 INFO  main [WavefrontOBJ] Mesh051: 14480 triangles, 7404 vertices (merged 36036 vertices).
2025-05-21 18:43:31 INFO  main [WavefrontOBJ] Done with "Mesh051.obj" (took 31 ms)
2025-05-21 18:43:31 INFO  main [WavefrontOBJ] Loading geometry from "Mesh040.obj" ..
2025-05-21 18:43:31 INFO  main [WavefrontOBJ] Mesh040: 2320 triangles, 1492 vertices (merged 5468 vertices).
2025-05-21 18:43:31 INFO  main [WavefrontOBJ] Done with "Mesh040.obj" (took 5 ms)
2025-05-21 18:43:31 INFO  main [WavefrontOBJ] Loading geometry from "Mesh003.obj" ..
2025-05-21 18:43:31 INFO  main [WavefrontOBJ] Mesh003: 18176 triangles, 9150 vertices (merged 45378 vertices).
2025-05-21 18:43:31 INFO  main [WavefrontOBJ] Done with "Mesh003.obj" (took 40 ms)
2025-05-21 18:43:31 INFO  main [WavefrontOBJ] Loading geometry from "Mesh002.obj" ..
2025-05-21 18:43:31 INFO  main [WavefrontOBJ] Mesh002: 7624 triangles, 4070 vertices (merged 18802 vertices).
2025-05-21 18:43:31 INFO  main [WavefrontOBJ] Done with "Mesh002.obj" (took 16 ms)
2025-05-21 18:43:31 INFO  main [WavefrontOBJ] Loading geometry from "Mesh009.obj" ..
2025-05-21 18:43:31 INFO  main [WavefrontOBJ] Mesh009: 2016 triangles, 1260 vertices (merged 4788 vertices).
2025-05-21 18:43:31 INFO  main [WavefrontOBJ] Done with "Mesh009.obj" (took 4 ms)
2025-05-21 18:43:31 INFO  main [WavefrontOBJ] Loading geometry from "Mesh045.obj" ..
2025-05-21 18:43:31 INFO  main [WavefrontOBJ] Mesh045: 4352 triangles, 2178 vertices (merged 10878 vertices).
2025-05-21 18:43:31 INFO  main [WavefrontOBJ] Done with "Mesh045.obj" (took 9 ms)
2025-05-21 18:43:31 INFO  main [WavefrontOBJ] Loading geometry from "Mesh029.obj" ..
2025-05-21 18:43:31 INFO  main [WavefrontOBJ] Mesh029: 160 triangles, 144 vertices (merged 336 vertices).
2025-05-21 18:43:31 INFO  main [WavefrontOBJ] Done with "Mesh029.obj" (took 0 ms)
2025-05-21 18:43:31 INFO  main [WavefrontOBJ] Loading geometry from "Mesh039.obj" ..
2025-05-21 18:43:31 INFO  main [WavefrontOBJ] Mesh039: 560 triangles, 400 vertices (merged 1280 vertices).
2025-05-21 18:43:31 INFO  main [WavefrontOBJ] Done with "Mesh039.obj" (took 1 ms)
2025-05-21 18:43:31 INFO  main [WavefrontOBJ] Loading geometry from "Mesh050.obj" ..
2025-05-21 18:43:31 INFO  main [WavefrontOBJ] Mesh050: 720 triangles, 482 vertices (merged 1678 vertices).
2025-05-21 18:43:31 INFO  main [WavefrontOBJ] Done with "Mesh050.obj" (took 2 ms)
2025-05-21 18:43:31 INFO  main [WavefrontOBJ] Loading geometry from "Mesh001.obj" ..
2025-05-21 18:43:31 INFO  main [WavefrontOBJ] Mesh001: 170 triangles, 340 vertices (merged 170 vertices).
2025-05-21 18:43:31 INFO  main [WavefrontOBJ] Done with "Mesh001.obj" (took 1 ms)
2025-05-21 18:43:31 INFO  main [WavefrontOBJ] Loading geometry from "Mesh000.obj" ..
2025-05-21 18:43:31 INFO  main [WavefrontOBJ] Mesh000: 22 triangles, 44 vertices (merged 22 vertices).
2025-05-21 18:43:31 INFO  main [WavefrontOBJ] Done with "Mesh000.obj" (took 0 ms)
2025-05-21 18:43:31 INFO  main [PluginManager] Loading plugin "plugins/rectangle.so" ..
2025-05-21 18:43:31 INFO  ren0 [KDTreeBase] Constructing a SAH kd-tree (321251 primitives) ..
2025-05-21 18:43:32 INFO  ren0 [KDTreeBase] Finished -- took 673 ms.
2025-05-21 18:43:32 INFO  ren0 [octree.h:534] root weight: 8.000e-20 (0.000000)
2025-05-21 18:43:32 INFO  ren0 [octree.h:535] splitting threshold: 8.000e-23 (0.000000)
2025-05-21 18:43:32 INFO  ren0 [octree.h:550] node count: 1 -> 585 -> 585

2025-05-21 18:43:32 INFO  ren0 [octree.h:534] root weight: 4.096e-17 (0.000000)
2025-05-21 18:43:32 INFO  ren0 [octree.h:535] splitting threshold: 4.096e-20 (0.000000)
2025-05-21 18:43:32 INFO  ren0 [octree.h:550] node count: 585 -> 585 -> 585

2025-05-21 18:43:32 INFO  ren0 [octree.h:534] root weight: 8.000e-20 (0.000000)
2025-05-21 18:43:32 INFO  ren0 [octree.h:535] splitting threshold: 8.000e-23 (0.000000)
2025-05-21 18:43:32 INFO  ren0 [octree.h:550] node count: 1 -> 585 -> 585

2025-05-21 18:43:32 INFO  ren0 [octree.h:534] root weight: 8.000e-20 (0.000000)
2025-05-21 18:43:32 INFO  ren0 [octree.h:535] splitting threshold: 8.000e-23 (0.000000)
2025-05-21 18:43:32 INFO  ren0 [octree.h:550] node count: 1 -> 585 -> 585

2025-05-21 18:43:32 INFO  ren0 [octree.h:534] root weight: 4.096e-17 (0.000000)
2025-05-21 18:43:32 INFO  ren0 [octree.h:535] splitting threshold: 4.096e-20 (0.000000)
2025-05-21 18:43:32 INFO  ren0 [octree.h:550] node count: 585 -> 585 -> 585

2025-05-21 18:43:32 INFO  ren0 [octree.h:534] root weight: 8.000e-20 (0.000000)
2025-05-21 18:43:32 INFO  ren0 [octree.h:535] splitting threshold: 8.000e-23 (0.000000)
2025-05-21 18:43:32 INFO  ren0 [octree.h:550] node count: 1 -> 585 -> 585

2025-05-21 18:43:32 INFO  ren0 [MIFocalGuidingPathTracer] AABB3[min=[-6.3658, -1.5274, -4.73046], max=[5.27597, 8.04131, 10.0598]]
2025-05-21 18:43:32 INFO  ren0 [MIFocalGuidingPathTracer] Starting render job (1280x720, 12 cores, SSE2 enabled) ..
2025-05-21 18:43:32 INFO  ren0 [MIFocalGuidingPathTracer] ITERATION 0, until 10.0 seconds
2025-05-21 18:43:44 INFO  ren0 [MIFocalGuidingPathTracer]   11.60 seconds elapsed, passes this iteration: 5, total passes: 5
2025-05-21 18:43:44 INFO  ren0 [MIFocalGuidingPathTracer] Got 1624970 non-zero samples
2025-05-21 18:43:44 INFO  ren0 [gaussian_mixture_model.h:821] Processing mega batch of size 1624970
2025-05-21 18:43:44 INFO  ren0 [gaussian_mixture_model.h:557] Random
2025-05-21 18:43:44 INFO  ren0 [gaussian_mixture_model.h:571] GMM[
weight = 0.1 mean = [4.28356 4.85104 2.95406] covariance = [[1.00001 0 0][0 1.00001 0][0 0 1.00001]]
weight = 0.1 mean = [-4.14238 -0.0345619 -2.02079] covariance = [[1.00001 0 0][0 1.00001 0][0 0 1.00001]]
weight = 0.1 mean = [-3.16754 0.0962692 1.54644] covariance = [[1.00001 0 0][0 1.00001 0][0 0 1.00001]]
weight = 0.1 mean = [-1.59348 7.43646 6.4087] covariance = [[1.00001 0 0][0 1.00001 0][0 0 1.00001]]
weight = 0.1 mean = [-5.5267 -0.766148 -0.903572] covariance = [[1.00001 0 0][0 1.00001 0][0 0 1.00001]]
weight = 0.1 mean = [4.0232 5.76647 9.38262] covariance = [[1.00001 0 0][0 1.00001 0][0 0 1.00001]]
weight = 0.1 mean = [-6.24063 7.36436 -4.21255] covariance = [[1.00001 0 0][0 1.00001 0][0 0 1.00001]]
weight = 0.1 mean = [-2.69364 7.84624 4.98498] covariance = [[1.00001 0 0][0 1.00001 0][0 0 1.00001]]
weight = 0.1 mean = [-3.54049 3.41541 -0.258962] covariance = [[1.00001 0 0][0 1.00001 0][0 0 1.00001]]
weight = 0.1 mean = [-0.42007 5.70217 5.62011] covariance = [[1.00001 0 0][0 1.00001 0][0 0 1.00001]]
]
2025-05-21 18:43:44 INFO  ren0 [gaussian_mixture_model.h:215] Before splitting
2025-05-21 18:43:44 INFO  ren0 [gaussian_mixture_model.h:216] GMM[
weight = 0.00746739 mean = [3.15788 3.67701 0.397334] covariance = [[0.619887 -0.3302 0.447625][-0.3302 1.19553 0.11801][0.447625 0.11801 5.4564]]
weight = 0.333486 mean = [-2.37065 1.04493 -2.11123] covariance = [[0.309825 -0.0313519 0.0531059][-0.0313519 0.239747 -3.23651e-05][0.0531059 -3.23651e-05 0.0795525]]
weight = 0.00322337 mean = [-2.38915 1.00169 -0.455141] covariance = [[1.53162 0.0290778 -1.23461][0.0290778 1.03334 -1.25491][-1.23461 -1.25491 7.86055]]
weight = 0.000298017 mean = [-2.48335 5.07027 8.21354] covariance = [[4.06356 1.70632 1.20981][1.70632 1.55963 0.251857][1.20981 0.251857 2.60141]]
weight = 0.00429844 mean = [-4.35177 0.910566 -2.14147] covariance = [[3.01746 0.0357544 0.0718698][0.0357544 0.163232 0.0917858][0.0718698 0.0917858 0.677025]]
weight = 0.0552039 mean = [4.98949 7.51826 8.34826] covariance = [[0.0747575 0.256859 -0.0785632][0.256859 0.977023 -0.304987][-0.0785632 -0.304987 0.10041]]
weight = 0.000208018 mean = [-4.47287 5.52343 -3.38798] covariance = [[2.49532 1.05378 -0.341804][1.05378 2.6068 0.663394][-0.341804 0.663394 1.07284]]
weight = 0.000279004 mean = [-4.63722 5.23605 5.42666] covariance = [[2.4125 1.69147 -1.65468][1.69147 2.60707 -1.71707][-1.65468 -1.71707 2.39313]]
weight = 0.594573 mean = [-2.22211 3.26688 -1.95046] covariance = [[0.120432 -0.0333842 -0.0239825][-0.0333842 0.865252 -0.136383][-0.0239825 -0.136383 0.0741237]]
weight = 0.000962393 mean = [-0.95251 3.96278 6.25256] covariance = [[2.98867 0.456921 -0.893863][0.456921 2.58016 -1.12802][-0.893863 -1.12802 3.80746]]
]
2025-05-21 18:43:44 INFO  ren0 [gaussian_mixture_model.h:218] Before merging
2025-05-21 18:43:44 INFO  ren0 [gaussian_mixture_model.h:219] GMM[
weight = 0.00746739 mean = [3.15788 3.67701 0.397334] covariance = [[0.619887 -0.3302 0.447625][-0.3302 1.19553 0.11801][0.447625 0.11801 5.4564]]
weight = 0.333486 mean = [-2.37065 1.04493 -2.11123] covariance = [[0.309825 -0.0313519 0.0531059][-0.0313519 0.239747 -3.23651e-05][0.0531059 -3.23651e-05 0.0795525]]
weight = 0.00322337 mean = [-2.38915 1.00169 -0.455141] covariance = [[1.53162 0.0290778 -1.23461][0.0290778 1.03334 -1.25491][-1.23461 -1.25491 7.86055]]
weight = 0.000298017 mean = [-2.48335 5.07027 8.21354] covariance = [[4.06356 1.70632 1.20981][1.70632 1.55963 0.251857][1.20981 0.251857 2.60141]]
weight = 0.00429844 mean = [-4.35177 0.910566 -2.14147] covariance = [[3.01746 0.0357544 0.0718698][0.0357544 0.163232 0.0917858][0.0718698 0.0917858 0.677025]]
weight = 0.0552039 mean = [4.98949 7.51826 8.34826] covariance = [[0.0747575 0.256859 -0.0785632][0.256859 0.977023 -0.304987][-0.0785632 -0.304987 0.10041]]
weight = 0.000208018 mean = [-4.47287 5.52343 -3.38798] covariance = [[2.49532 1.05378 -0.341804][1.05378 2.6068 0.663394][-0.341804 0.663394 1.07284]]
weight = 0.000279004 mean = [-4.63722 5.23605 5.42666] covariance = [[2.4125 1.69147 -1.65468][1.69147 2.60707 -1.71707][-1.65468 -1.71707 2.39313]]
weight = 0.594573 mean = [-2.22211 3.26688 -1.95046] covariance = [[0.120432 -0.0333842 -0.0239825][-0.0333842 0.865252 -0.136383][-0.0239825 -0.136383 0.0741237]]
weight = 0.000962393 mean = [-0.95251 3.96278 6.25256] covariance = [[2.98867 0.456921 -0.893863][0.456921 2.58016 -1.12802][-0.893863 -1.12802 3.80746]]
]
2025-05-21 18:43:44 INFO  ren0 [gaussian_mixture_model.h:215] Before splitting
2025-05-21 18:43:44 INFO  ren0 [gaussian_mixture_model.h:216] GMM[
weight = 0.00328315 mean = [2.65625 3.47305 -1.47902] covariance = [[1.63372 -1.08022 0.229686][-1.08022 2.54111 0.837558][0.229686 0.837558 5.54626]]
weight = 0.0612692 mean = [-2.26688 0.994654 -1.91566] covariance = [[0.234065 -0.0334739 0.0795378][-0.0334739 0.168779 -0.0215467][0.0795378 -0.0215467 0.13456]]
weight = 0.672685 mean = [-2.93536 4.09991 -0.600596] covariance = [[0.0241669 -0.00738665 -0.000974014][-0.00738665 0.21888 0.00610676][-0.000974014 0.00610676 0.0210987]]
weight = 0.00158857 mean = [-3.90824 0.31351 -1.7955] covariance = [[2.26648 0.201334 0.533728][0.201334 0.506452 0.0405541][0.533728 0.0405541 1.30585]]
weight = 0.00685055 mean = [4.98948 7.51824 8.34827] covariance = [[0.0747595 0.256864 -0.0785644][0.256864 0.977037 -0.304991][-0.0785644 -0.304991 0.100413]]
weight = 0.146917 mean = [-1.9949 7.22757 -1.65085] covariance = [[0.0148321 0.0205306 0.00290137][0.0205306 0.0437287 0.00131115][0.00290137 0.00131115 0.00775733]]
weight = 0.000370809 mean = [-3.60341 6.28448 3.69339] covariance = [[1.37486 0.643873 -1.89349][0.643873 1.46276 -0.793371][-1.89349 -0.793371 4.30965]]
weight = 0.088552 mean = [-2.20006 2.92594 -1.87161] covariance = [[0.111285 -0.0840772 -0.017724][-0.0840772 1.52556 -0.235276][-0.017724 -0.235276 0.100814]]
weight = 0.0184832 mean = [-2.78992 4.21085 -0.129327] covariance = [[0.511777 -0.0153042 0.459549][-0.0153042 0.438768 -0.218922][0.459549 -0.218922 3.40202]]
]
2025-05-21 18:43:44 INFO  ren0 [gaussian_mixture_model.h:218] Before merging
2025-05-21 18:43:44 INFO  ren0 [gaussian_mixture_model.h:219] GMM[
weight = 0.00164157 mean = [2.64055 3.77984 -0.318517] covariance = [[1.63324 -1.07059 0.266128][-1.07059 2.35287 0.125478][0.266128 0.125478 2.85272]]
weight = 0.0612692 mean = [-2.26688 0.994654 -1.91566] covariance = [[0.234065 -0.0334739 0.0795378][-0.0334739 0.168779 -0.0215467][0.0795378 -0.0215467 0.13456]]
weight = 0.672685 mean = [-2.93536 4.09991 -0.600596] covariance = [[0.0241669 -0.00738665 -0.000974014][-0.00738665 0.21888 0.00610676][-0.000974014 0.00610676 0.0210987]]
weight = 0.00164157 mean = [2.67195 3.16625 -2.63953] covariance = [[1.63324 -1.07059 0.266128][-1.07059 2.35287 0.125478][0.266128 0.125478 2.85272]]
weight = 0.00158857 mean = [-3.90824 0.31351 -1.7955] covariance = [[2.26648 0.201334 0.533728][0.201334 0.506452 0.0405541][0.533728 0.0405541 1.30585]]
weight = 0.00685055 mean = [4.98948 7.51824 8.34827] covariance = [[0.0747595 0.256864 -0.0785644][0.256864 0.977037 -0.304991][-0.0785644 -0.304991 0.100413]]
weight = 0.146917 mean = [-1.9949 7.22757 -1.65085] covariance = [[0.0148321 0.0205306 0.00290137][0.0205306 0.0437287 0.00131115][0.00290137 0.00131115 0.00775733]]
weight = 0.000370809 mean = [-3.60341 6.28448 3.69339] covariance = [[1.37486 0.643873 -1.89349][0.643873 1.46276 -0.793371][-1.89349 -0.793371 4.30965]]
weight = 0.088552 mean = [-2.20006 2.92594 -1.87161] covariance = [[0.111285 -0.0840772 -0.017724][-0.0840772 1.52556 -0.235276][-0.017724 -0.235276 0.100814]]
weight = 0.0184832 mean = [-2.78992 4.21085 -0.129327] covariance = [[0.511777 -0.0153042 0.459549][-0.0153042 0.438768 -0.218922][0.459549 -0.218922 3.40202]]
]
2025-05-21 18:43:44 INFO  ren0 [gaussian_mixture_model.h:215] Before splitting
2025-05-21 18:43:44 INFO  ren0 [gaussian_mixture_model.h:216] GMM[
weight = 0.0227421 mean = [-0.411681 3.52325 -2.99763] covariance = [[1.44974 -0.0028553 2.10675][-0.0028553 0.384781 0.213825][2.10675 0.213825 4.70805]]
weight = 0.123946 mean = [-2.93643 4.09346 -0.598614] covariance = [[0.0242752 -0.00599129 -0.00138525][-0.00599129 0.225903 0.00357722][-0.00138525 0.00357722 0.0217646]]
weight = 0.11085 mean = [-0.766678 3.46643 -3.62572] covariance = [[0.0834462 -0.0145698 0.0161998][-0.0145698 0.0353981 0.00107825][0.0161998 0.00107825 0.0286285]]
weight = 0.000899464 mean = [-4.82477 0.818975 -2.5023] covariance = [[2.04222 -0.246058 0.631874][-0.246058 1.13543 0.082254][0.631874 0.082254 0.952165]]
weight = 0.00125625 mean = [4.98928 7.51732 8.34853] covariance = [[0.0748687 0.25731 -0.0786864][0.25731 0.979372 -0.305661][-0.0786864 -0.305661 0.100615]]
weight = 0.184522 mean = [-2.0036 6.98192 -1.66888] covariance = [[0.00218634 0.00336174 0.000450291][0.00336174 0.0167037 0.000948033][0.000450291 0.000948033 0.00119634]]
weight = 0.000929041 mean = [-3.18602 6.76539 3.49533] covariance = [[1.71322 1.85921 -1.95374][1.85921 4.27023 -2.1468][-1.95374 -2.1468 5.24522]]
weight = 0.51979 mean = [-2.25682 3.97682 -2.09245] covariance = [[0.0168763 -0.218881 0.0380301][-0.218881 3.56533 -0.634146][0.0380301 -0.634146 0.115125]]
weight = 0.0350655 mean = [-1.48809 3.62852 -2.70972] covariance = [[2.29111 -0.345453 -1.57871][-0.345453 0.263204 0.513855][-1.57871 0.513855 3.41419]]
]
2025-05-21 18:43:44 INFO  ren0 [gaussian_mixture_model.h:218] Before merging
2025-05-21 18:43:44 INFO  ren0 [gaussian_mixture_model.h:219] GMM[
weight = 0.0113711 mean = [0.115506 3.56585 -1.92177] covariance = [[0.893896 -0.0477776 0.972388][-0.0477776 0.381161 0.122149][0.972388 0.122149 2.39312]]
weight = 0.0113711 mean = [-0.938868 3.48064 -4.07349] covariance = [[0.893896 -0.0477776 0.972388][-0.0477776 0.381161 0.122149][0.972388 0.122149 2.39312]]
weight = 0.123946 mean = [-2.93643 4.09346 -0.598614] covariance = [[0.0242752 -0.00599129 -0.00138525][-0.00599129 0.225903 0.00357722][-0.00138525 0.00357722 0.0217646]]
weight = 0.11085 mean = [-0.766678 3.46643 -3.62572] covariance = [[0.0834462 -0.0145698 0.0161998][-0.0145698 0.0353981 0.00107825][0.0161998 0.00107825 0.0286285]]
weight = 0.000899464 mean = [-4.82477 0.818975 -2.5023] covariance = [[2.04222 -0.246058 0.631874][-0.246058 1.13543 0.082254][0.631874 0.082254 0.952165]]
weight = 0.00125625 mean = [4.98928 7.51732 8.34853] covariance = [[0.0748687 0.25731 -0.0786864][0.25731 0.979372 -0.305661][-0.0786864 -0.305661 0.100615]]
weight = 0.184522 mean = [-2.0036 6.98192 -1.66888] covariance = [[0.00218634 0.00336174 0.000450291][0.00336174 0.0167037 0.000948033][0.000450291 0.000948033 0.00119634]]
weight = 0.000929041 mean = [-3.18602 6.76539 3.49533] covariance = [[1.71322 1.85921 -1.95374][1.85921 4.27023 -2.1468][-1.95374 -2.1468 5.24522]]
weight = 0.51979 mean = [-2.25682 3.97682 -2.09245] covariance = [[0.0168763 -0.218881 0.0380301][-0.218881 3.56533 -0.634146][0.0380301 -0.634146 0.115125]]
weight = 0.0350655 mean = [-1.48809 3.62852 -2.70972] covariance = [[2.29111 -0.345453 -1.57871][-0.345453 0.263204 0.513855][-1.57871 0.513855 3.41419]]
]
2025-05-21 18:43:44 INFO  ren0 [gaussian_mixture_model.h:215] Before splitting
2025-05-21 18:43:44 INFO  ren0 [gaussian_mixture_model.h:216] GMM[
weight = 0.0161897 mean = [-1.082 2.41798 -2.19766] covariance = [[1.3619 0.639511 1.69083][0.639511 0.850617 0.503522][1.69083 0.503522 3.51782]]
weight = 0.0146874 mean = [-1.37572 2.27031 -2.63722] covariance = [[0.0988762 0.176865 -0.140887][0.176865 0.362441 -0.289077][-0.140887 -0.289077 0.249236]]
weight = 0.0105672 mean = [-2.93642 4.09343 -0.598634] covariance = [[0.0242847 -0.00598606 -0.00138253][-0.00598606 0.225984 0.00360328][-0.00138253 0.00360328 0.0217823]]
weight = 0.551799 mean = [-2.32393 -0.374252 -2.20873] covariance = [[0.0678055 0.164391 0.000949725][0.164391 0.54698 -0.00275314][0.000949725 -0.00275314 0.00273467]]
weight = 0.000107133 mean = [4.98909 7.51669 8.34874] covariance = [[0.0750229 0.257748 -0.0788252][0.257748 0.980766 -0.306114][-0.0788252 -0.306114 0.100768]]
weight = 0.184636 mean = [-2.02378 6.58332 -1.69718] covariance = [[0.0002331 0.00103626 9.13633e-05][0.00103626 0.0162258 0.00113218][9.13633e-05 0.00113218 0.000185526]]
weight = 0.000194431 mean = [-3.12059 5.10777 3.7368] covariance = [[2.6702 2.29055 -0.986329][2.29055 8.09893 -3.34977][-0.986329 -3.34977 8.38073]]
weight = 0.154152 mean = [-2.01089 0.267962 -1.39793] covariance = [[0.0292572 -0.430902 0.0798396][-0.430902 6.5745 -1.22152][0.0798396 -1.22152 0.227706]]
weight = 0.0676675 mean = [-1.05275 2.98877 -3.18864] covariance = [[0.135454 -0.0262882 -0.089749][-0.0262882 0.0311532 0.0364137][-0.089749 0.0364137 0.16671]]
]
2025-05-21 18:43:44 INFO  ren0 [gaussian_mixture_model.h:218] Before merging
2025-05-21 18:43:44 INFO  ren0 [gaussian_mixture_model.h:219] GMM[
weight = 0.00809483 mean = [-0.562578 2.62949 -1.28419] covariance = [[0.822315 0.419793 0.741873][0.419793 0.76116 0.117118][0.741873 0.117118 1.84897]]
weight = 0.0146874 mean = [-1.37572 2.27031 -2.63722] covariance = [[0.0988762 0.176865 -0.140887][0.176865 0.362441 -0.289077][-0.140887 -0.289077 0.249236]]
weight = 0.0105672 mean = [-2.93642 4.09343 -0.598634] covariance = [[0.0242847 -0.00598606 -0.00138253][-0.00598606 0.225984 0.00360328][-0.00138253 0.00360328 0.0217823]]
weight = 0.00809483 mean = [-1.60142 2.20648 -3.11113] covariance = [[0.822315 0.419793 0.741873][0.419793 0.76116 0.117118][0.741873 0.117118 1.84897]]
weight = 0.551799 mean = [-2.32393 -0.374252 -2.20873] covariance = [[0.0678055 0.164391 0.000949725][0.164391 0.54698 -0.00275314][0.000949725 -0.00275314 0.00273467]]
weight = 0.000107133 mean = [4.98909 7.51669 8.34874] covariance = [[0.0750229 0.257748 -0.0788252][0.257748 0.980766 -0.306114][-0.0788252 -0.306114 0.100768]]
weight = 0.184636 mean = [-2.02378 6.58332 -1.69718] covariance = [[0.0002331 0.00103626 9.13633e-05][0.00103626 0.0162258 0.00113218][9.13633e-05 0.00113218 0.000185526]]
weight = 0.000194431 mean = [-3.12059 5.10777 3.7368] covariance = [[2.6702 2.29055 -0.986329][2.29055 8.09893 -3.34977][-0.986329 -3.34977 8.38073]]
weight = 0.154152 mean = [-2.01089 0.267962 -1.39793] covariance = [[0.0292572 -0.430902 0.0798396][-0.430902 6.5745 -1.22152][0.0798396 -1.22152 0.227706]]
weight = 0.0676675 mean = [-1.05275 2.98877 -3.18864] covariance = [[0.135454 -0.0262882 -0.089749][-0.0262882 0.0311532 0.0364137][-0.089749 0.0364137 0.16671]]
]
2025-05-21 18:43:44 INFO  ren0 [gaussian_mixture_model.h:215] Before splitting
2025-05-21 18:43:44 INFO  ren0 [gaussian_mixture_model.h:216] GMM[
weight = 0.0344086 mean = [-2.37253 1.36907 -2.11367] covariance = [[1.20946 0.77518 0.589958][0.77518 0.836844 0.129531][0.589958 0.129531 1.06335]]
weight = 0.00417576 mean = [-2.93643 4.09333 -0.59868] covariance = [[0.0243463 -0.0059552 -0.0013867][-0.0059552 0.226472 0.00361003][-0.0013867 0.00361003 0.02185]]
weight = 0.0746244 mean = [-2.81414 0.985905 -2.15934] covariance = [[0.0948167 0.11258 -0.0175771][0.11258 0.221887 -0.0229575][-0.0175771 -0.0229575 0.0270445]]
weight = 0.217871 mean = [-2.32393 -0.374248 -2.20873] covariance = [[0.0678065 0.164392 0.000949789][0.164392 0.546984 -0.00275327][0.000949789 -0.00275327 0.00273483]]
weight = 0.00224583 mean = [3.9954 2.82752 9.69938] covariance = [[0.0203863 0.0943521 -0.0272723][0.0943521 0.440877 -0.12744][-0.0272723 -0.12744 0.0369336]]
weight = 0.340816 mean = [-2.04982 6.08402 -1.73252] covariance = [[0.0002422 0.00375989 0.000269923][0.00375989 0.0713142 0.00504376][0.000269923 0.00504376 0.000387354]]
weight = 0.00203778 mean = [-1.62709 4.0202 0.8814] covariance = [[9.43085 1.62883 -1.47029][1.62883 3.20371 -1.47005][-1.47029 -1.47005 10.8552]]
weight = 0.134033 mean = [-2.20988 3.30594 -1.96343] covariance = [[0.0492198 -0.758134 0.138999][-0.758134 11.8501 -2.16585][0.138999 -2.16585 0.397343]]
weight = 0.189787 mean = [-1.69252 2.59187 -2.42925] covariance = [[0.239844 -0.0547256 -0.214786][-0.0547256 0.0863231 0.0296282][-0.214786 0.0296282 0.215641]]
]
2025-05-21 18:43:44 INFO  ren0 [gaussian_mixture_model.h:218] Before merging
2025-05-21 18:43:44 INFO  ren0 [gaussian_mixture_model.h:219] GMM[
weight = 0.0172043 mean = [-1.84115 1.72687 -1.77062] covariance = [[0.644737 0.394924 0.225376][0.394924 0.580813 -0.115956][0.225376 -0.115956 0.82799]]
weight = 0.0172043 mean = [-2.90391 1.01127 -2.45673] covariance = [[0.644737 0.394924 0.225376][0.394924 0.580813 -0.115956][0.225376 -0.115956 0.82799]]
