2025-05-17 08:18:51 INFO  main [mitsuba.cpp:274] Mitsuba version 0.6.0 (Linux, 64 bit), Copyright (c) 2017 Wenzel Jakob
2025-05-17 08:18:51 INFO  main [mitsuba.cpp:377] Parsing scene description from "scene/modern-living-room/modern-living-room.xml" ..
2025-05-17 08:18:51 INFO  main [scenehandler.cpp:675] In file "/mitsuba/scene/modern-living-room/modern-living-room.xml" (near line 13): Parsing included file "pmm_focal_recursive.xml" ..
2025-05-17 08:18:51 INFO  main [PluginManager] Loading plugin "plugins/pmm_focal_recursive.so" ..
2025-05-17 08:18:51 INFO  main [octree.h:535] root weight: 8.000e-20 (0.000000)
2025-05-17 08:18:51 INFO  main [octree.h:536] splitting threshold: 8.000e-23 (0.000000)
2025-05-17 08:18:51 INFO  main [octree.h:551] node count: 1 -> 585 -> 585

2025-05-17 08:18:51 INFO  main [octree.h:535] root weight: 8.000e-20 (0.000000)
2025-05-17 08:18:51 INFO  main [octree.h:536] splitting threshold: 8.000e-23 (0.000000)
2025-05-17 08:18:51 INFO  main [octree.h:551] node count: 1 -> 585 -> 585

2025-05-17 08:18:51 INFO  main [MIFocalGuidingPathTracer] budget: 600
2025-05-17 08:18:51 INFO  main [MIFocalGuidingPathTracer] dumpPrimaryRays: false
2025-05-17 08:18:51 INFO  main [MIFocalGuidingPathTracer] dumpScene: false
2025-05-17 08:18:51 INFO  main [MIFocalGuidingPathTracer] gmm.alpha: 0.4
2025-05-17 08:18:51 INFO  main [MIFocalGuidingPathTracer] gmm.initMethod: Uniform
2025-05-17 08:18:51 INFO  main [MIFocalGuidingPathTracer] gmm.maxNumComp: 10
2025-05-17 08:18:51 INFO  main [MIFocalGuidingPathTracer] gmm.mergingThreshold: 0.65
2025-05-17 08:18:51 INFO  main [MIFocalGuidingPathTracer] gmm.minNumComp: 3
2025-05-17 08:18:51 INFO  main [MIFocalGuidingPathTracer] gmm.splittingThreshold: 100
2025-05-17 08:18:51 INFO  main [MIFocalGuidingPathTracer] iterationBudget: 10
2025-05-17 08:18:51 INFO  main [MIFocalGuidingPathTracer] iterationCount: 15
2025-05-17 08:18:51 INFO  main [MIFocalGuidingPathTracer] maxDepth: 40
2025-05-17 08:18:51 INFO  main [MIFocalGuidingPathTracer] minSamplesToStartFitting: 128
2025-05-17 08:18:51 INFO  main [MIFocalGuidingPathTracer] normalBinning: disabled
2025-05-17 08:18:51 INFO  main [MIFocalGuidingPathTracer] renderMaxSeconds: 36000
2025-05-17 08:18:51 INFO  main [MIFocalGuidingPathTracer] rrDepth: 14
2025-05-17 08:18:51 INFO  main [MIFocalGuidingPathTracer] samplingMode: 2
2025-05-17 08:18:51 INFO  main [MIFocalGuidingPathTracer] strictNormals: true
2025-05-17 08:18:51 INFO  main [MIFocalGuidingPathTracer] trainingSamples: 4
2025-05-17 08:18:51 INFO  main [MIFocalGuidingPathTracer] tree.threshold: 0.001
2025-05-17 08:18:51 INFO  main [MIFocalGuidingPathTracer] unboundedSplatting: true
2025-05-17 08:18:51 INFO  main [PluginManager] Loading plugin "plugins/independent.so" ..
2025-05-17 08:18:51 INFO  main [PluginManager] Loading plugin "plugins/box.so" ..
2025-05-17 08:18:51 INFO  main [PluginManager] Loading plugin "plugins/hdrfilm.so" ..
2025-05-17 08:18:51 INFO  main [PluginManager] Loading plugin "plugins/perspective.so" ..
2025-05-17 08:18:51 INFO  main [PluginManager] Loading plugin "plugins/bitmap.so" ..
2025-05-17 08:18:51 INFO  main [BitmapTexture] Loading texture "Abstract.jpg"
2025-05-17 08:18:51 INFO  main [PluginManager] Loading plugin "plugins/lanczos.so" ..
2025-05-17 08:18:51 INFO  main [PluginManager] Loading plugin "plugins/diffuse.so" ..
2025-05-17 08:18:51 INFO  main [PluginManager] Loading plugin "plugins/twosided.so" ..
2025-05-17 08:18:51 INFO  main [BitmapTexture] Loading texture "WoodFloor.jpg"
2025-05-17 08:18:51 INFO  main [MIPMap] Generating MIP map cache file "/mitsuba/scene/modern-living-room/textures/WoodFloor.mip" ..
2025-05-17 08:18:52 INFO  main [PluginManager] Loading plugin "plugins/roughplastic.so" ..
2025-05-17 08:18:52 INFO  main [PluginManager] Loading plugin "plugins/dielectric.so" ..
2025-05-17 08:18:52 INFO  main [PluginManager] Loading plugin "plugins/roughconductor.so" ..
2025-05-17 08:18:52 INFO  main [spectrum.cpp:599] "Cu.eta.spd": loaded a spectral power distribution with 55 entries (between 302.400421 and 885.601257 nm)
2025-05-17 08:18:52 INFO  main [spectrum.cpp:599] "Cu.k.spd": loaded a spectral power distribution with 55 entries (between 302.400421 and 885.601257 nm)
2025-05-17 08:18:52 INFO  main [BitmapTexture] Loading texture "Fabric.jpg"
2025-05-17 08:18:52 INFO  main [PluginManager] Loading plugin "plugins/obj.so" ..
2025-05-17 08:18:52 INFO  main [WavefrontOBJ] Loading geometry from "Mesh019.obj" ..
2025-05-17 08:18:52 INFO  main [WavefrontOBJ] Mesh019: 22528 triangles, 11268 vertices (merged 56316 vertices).
2025-05-17 08:18:52 INFO  main [WavefrontOBJ] Done with "Mesh019.obj" (took 52 ms)
2025-05-17 08:18:52 INFO  main [WavefrontOBJ] Loading geometry from "Mesh033.obj" ..
2025-05-17 08:18:52 INFO  main [WavefrontOBJ] Mesh033: 22528 triangles, 11268 vertices (merged 56316 vertices).
2025-05-17 08:18:52 INFO  main [WavefrontOBJ] Done with "Mesh033.obj" (took 48 ms)
2025-05-17 08:18:52 INFO  main [WavefrontOBJ] Loading geometry from "Mesh020.obj" ..
2025-05-17 08:18:52 INFO  main [WavefrontOBJ] Mesh020: 6784 triangles, 3425 vertices (merged 16927 vertices).
2025-05-17 08:18:52 INFO  main [WavefrontOBJ] Done with "Mesh020.obj" (took 14 ms)
2025-05-17 08:18:52 INFO  main [WavefrontOBJ] Loading geometry from "Mesh016.obj" ..
2025-05-17 08:18:52 INFO  main [WavefrontOBJ] Mesh016: 18944 triangles, 9537 vertices (merged 47295 vertices).
2025-05-17 08:18:52 INFO  main [WavefrontOBJ] Done with "Mesh016.obj" (took 41 ms)
2025-05-17 08:18:52 INFO  main [WavefrontOBJ] Loading geometry from "Mesh017.obj" ..
2025-05-17 08:18:52 INFO  main [WavefrontOBJ] Mesh017: 4864 triangles, 2434 vertices (merged 12158 vertices).
2025-05-17 08:18:52 INFO  main [WavefrontOBJ] Done with "Mesh017.obj" (took 11 ms)
2025-05-17 08:18:52 INFO  main [WavefrontOBJ] Loading geometry from "Mesh014.obj" ..
2025-05-17 08:18:52 INFO  main [WavefrontOBJ] Mesh014: 4864 triangles, 2434 vertices (merged 12158 vertices).
2025-05-17 08:18:52 INFO  main [WavefrontOBJ] Done with "Mesh014.obj" (took 10 ms)
2025-05-17 08:18:52 INFO  main [WavefrontOBJ] Loading geometry from "Mesh025.obj" ..
2025-05-17 08:18:52 INFO  main [WavefrontOBJ] Mesh025: 19456 triangles, 9730 vertices (merged 48638 vertices).
2025-05-17 08:18:52 INFO  main [WavefrontOBJ] Done with "Mesh025.obj" (took 42 ms)
2025-05-17 08:18:52 INFO  main [WavefrontOBJ] Loading geometry from "Mesh013.obj" ..
2025-05-17 08:18:52 INFO  main [WavefrontOBJ] Mesh013: 35840 triangles, 17922 vertices (merged 89598 vertices).
2025-05-17 08:18:52 INFO  main [WavefrontOBJ] Done with "Mesh013.obj" (took 79 ms)
2025-05-17 08:18:52 INFO  main [WavefrontOBJ] Loading geometry from "Mesh021.obj" ..
2025-05-17 08:18:52 INFO  main [WavefrontOBJ] Mesh021: 35840 triangles, 17922 vertices (merged 89598 vertices).
2025-05-17 08:18:52 INFO  main [WavefrontOBJ] Done with "Mesh021.obj" (took 79 ms)
2025-05-17 08:18:52 INFO  main [WavefrontOBJ] Loading geometry from "Mesh022.obj" ..
2025-05-17 08:18:52 INFO  main [WavefrontOBJ] Mesh022: 18944 triangles, 9537 vertices (merged 47295 vertices).
2025-05-17 08:18:52 INFO  main [WavefrontOBJ] Done with "Mesh022.obj" (took 41 ms)
2025-05-17 08:18:52 INFO  main [WavefrontOBJ] Loading geometry from "Mesh015.obj" ..
2025-05-17 08:18:52 INFO  main [WavefrontOBJ] Mesh015: 63488 triangles, 31752 vertices (merged 158712 vertices).
2025-05-17 08:18:52 INFO  main [WavefrontOBJ] Done with "Mesh015.obj" (took 150 ms)
2025-05-17 08:18:52 INFO  main [WavefrontOBJ] Loading geometry from "Mesh024.obj" ..
2025-05-17 08:18:52 INFO  main [WavefrontOBJ] Mesh024: 6272 triangles, 3169 vertices (merged 15647 vertices).
2025-05-17 08:18:52 INFO  main [WavefrontOBJ] Done with "Mesh024.obj" (took 14 ms)
2025-05-17 08:18:52 INFO  main [WavefrontOBJ] Loading geometry from "Mesh026.obj" ..
2025-05-17 08:18:52 INFO  main [WavefrontOBJ] Mesh026: 25088 triangles, 12609 vertices (merged 62655 vertices).
2025-05-17 08:18:52 INFO  main [WavefrontOBJ] Done with "Mesh026.obj" (took 57 ms)
2025-05-17 08:18:52 INFO  main [WavefrontOBJ] Loading geometry from "Mesh034.obj" ..
2025-05-17 08:18:52 INFO  main [WavefrontOBJ] Mesh034: 20736 triangles, 10704 vertices (merged 51504 vertices).
2025-05-17 08:18:52 INFO  main [WavefrontOBJ] Done with "Mesh034.obj" (took 46 ms)
2025-05-17 08:18:52 INFO  main [WavefrontOBJ] Loading geometry from "Mesh029.obj" ..
2025-05-17 08:18:52 INFO  main [WavefrontOBJ] Mesh029: 4320 triangles, 2178 vertices (merged 10782 vertices).
2025-05-17 08:18:52 INFO  main [WavefrontOBJ] Done with "Mesh029.obj" (took 9 ms)
2025-05-17 08:18:52 INFO  main [WavefrontOBJ] Loading geometry from "Mesh018.obj" ..
2025-05-17 08:18:52 INFO  main [WavefrontOBJ] Mesh018: 53248 triangles, 26624 vertices (merged 133120 vertices).
2025-05-17 08:18:52 INFO  main [WavefrontOBJ] Done with "Mesh018.obj" (took 120 ms)
2025-05-17 08:18:53 INFO  main [WavefrontOBJ] Loading geometry from "Mesh032.obj" ..
2025-05-17 08:18:53 INFO  main [WavefrontOBJ] Mesh032: 30 triangles, 64 vertices (merged 26 vertices).
2025-05-17 08:18:53 INFO  main [WavefrontOBJ] Done with "Mesh032.obj" (took 0 ms)
2025-05-17 08:18:53 INFO  main [WavefrontOBJ] Loading geometry from "Mesh035.obj" ..
2025-05-17 08:18:53 INFO  main [WavefrontOBJ] Mesh035: 13312 triangles, 6656 vertices (merged 33280 vertices).
2025-05-17 08:18:53 INFO  main [WavefrontOBJ] Done with "Mesh035.obj" (took 28 ms)
2025-05-17 08:18:53 INFO  main [WavefrontOBJ] Loading geometry from "Mesh031.obj" ..
2025-05-17 08:18:53 INFO  main [WavefrontOBJ] Mesh031: 792 triangles, 1304 vertices (merged 1072 vertices).
2025-05-17 08:18:53 INFO  main [WavefrontOBJ] Done with "Mesh031.obj" (took 4 ms)
2025-05-17 08:18:53 INFO  main [WavefrontOBJ] Loading geometry from "Mesh012.obj" ..
2025-05-17 08:18:53 INFO  main [WavefrontOBJ] Mesh012: 102 triangles, 162 vertices (merged 144 vertices).
2025-05-17 08:18:53 INFO  main [WavefrontOBJ] Done with "Mesh012.obj" (took 0 ms)
2025-05-17 08:18:53 INFO  main [WavefrontOBJ] Loading geometry from "Mesh011.obj" ..
2025-05-17 08:18:53 INFO  main [WavefrontOBJ] Mesh011: 102 triangles, 162 vertices (merged 144 vertices).
2025-05-17 08:18:53 INFO  main [WavefrontOBJ] Done with "Mesh011.obj" (took 0 ms)
2025-05-17 08:18:53 INFO  main [WavefrontOBJ] Loading geometry from "Mesh010.obj" ..
2025-05-17 08:18:53 INFO  main [WavefrontOBJ] Mesh010: 102 triangles, 166 vertices (merged 140 vertices).
2025-05-17 08:18:53 INFO  main [WavefrontOBJ] Done with "Mesh010.obj" (took 0 ms)
2025-05-17 08:18:53 INFO  main [WavefrontOBJ] Loading geometry from "Mesh028.obj" ..
2025-05-17 08:18:53 INFO  main [WavefrontOBJ] Mesh028: 105472 triangles, 52738 vertices (merged 263678 vertices).
2025-05-17 08:18:53 INFO  main [WavefrontOBJ] Done with "Mesh028.obj" (took 232 ms)
2025-05-17 08:18:53 INFO  main [WavefrontOBJ] Loading geometry from "Mesh009.obj" ..
2025-05-17 08:18:53 INFO  main [WavefrontOBJ] Mesh009: 65472 triangles, 50844 vertices (merged 145572 vertices).
2025-05-17 08:18:53 INFO  main [WavefrontOBJ] Done with "Mesh009.obj" (took 190 ms)
2025-05-17 08:18:53 INFO  main [WavefrontOBJ] Loading geometry from "Mesh007.obj" ..
2025-05-17 08:18:53 INFO  main [WavefrontOBJ] Mesh007: 65472 triangles, 50844 vertices (merged 145572 vertices).
2025-05-17 08:18:53 INFO  main [WavefrontOBJ] Done with "Mesh007.obj" (took 193 ms)
2025-05-17 08:18:53 INFO  main [WavefrontOBJ] Loading geometry from "Mesh006.obj" ..
2025-05-17 08:18:53 INFO  main [WavefrontOBJ] Mesh006: 71680 triangles, 35844 vertices (merged 179196 vertices).
2025-05-17 08:18:53 INFO  main [WavefrontOBJ] Done with "Mesh006.obj" (took 160 ms)
2025-05-17 08:18:53 INFO  main [WavefrontOBJ] Loading geometry from "Mesh030.obj" ..
2025-05-17 08:18:53 INFO  main [WavefrontOBJ] Mesh030: 27136 triangles, 13638 vertices (merged 67770 vertices).
2025-05-17 08:18:53 INFO  main [WavefrontOBJ] Done with "Mesh030.obj" (took 60 ms)
2025-05-17 08:18:53 INFO  main [WavefrontOBJ] Loading geometry from "Mesh005.obj" ..
2025-05-17 08:18:53 INFO  main [WavefrontOBJ] Mesh005: 96 triangles, 192 vertices (merged 96 vertices).
2025-05-17 08:18:53 INFO  main [WavefrontOBJ] Done with "Mesh005.obj" (took 0 ms)
2025-05-17 08:18:53 INFO  main [WavefrontOBJ] Loading geometry from "Mesh004.obj" ..
2025-05-17 08:18:54 INFO  main [WavefrontOBJ] Mesh004: 65472 triangles, 50844 vertices (merged 145572 vertices).
2025-05-17 08:18:54 INFO  main [WavefrontOBJ] Done with "Mesh004.obj" (took 204 ms)
2025-05-17 08:18:54 INFO  main [WavefrontOBJ] Loading geometry from "Mesh023.obj" ..
2025-05-17 08:18:54 INFO  main [WavefrontOBJ] Mesh023: 6912 triangles, 3458 vertices (merged 17278 vertices).
2025-05-17 08:18:54 INFO  main [WavefrontOBJ] Done with "Mesh023.obj" (took 15 ms)
2025-05-17 08:18:54 INFO  main [WavefrontOBJ] Loading geometry from "Mesh002.obj" ..
2025-05-17 08:18:54 INFO  main [WavefrontOBJ] Mesh002: 96 triangles, 192 vertices (merged 96 vertices).
2025-05-17 08:18:54 INFO  main [WavefrontOBJ] Done with "Mesh002.obj" (took 0 ms)
2025-05-17 08:18:54 INFO  main [WavefrontOBJ] Loading geometry from "Mesh008.obj" ..
2025-05-17 08:18:54 INFO  main [WavefrontOBJ] Mesh008: 2 triangles, 4 vertices (merged 2 vertices).
2025-05-17 08:18:54 INFO  main [WavefrontOBJ] Done with "Mesh008.obj" (took 0 ms)
2025-05-17 08:18:54 INFO  main [WavefrontOBJ] Loading geometry from "Mesh027.obj" ..
2025-05-17 08:18:54 INFO  main [WavefrontOBJ] Mesh027: 8 triangles, 16 vertices (merged 8 vertices).
2025-05-17 08:18:54 INFO  main [WavefrontOBJ] Done with "Mesh027.obj" (took 0 ms)
2025-05-17 08:18:54 INFO  main [WavefrontOBJ] Loading geometry from "Mesh003.obj" ..
2025-05-17 08:18:54 INFO  main [WavefrontOBJ] Mesh003: 2 triangles, 4 vertices (merged 2 vertices).
2025-05-17 08:18:54 INFO  main [WavefrontOBJ] Done with "Mesh003.obj" (took 0 ms)
2025-05-17 08:18:54 INFO  main [WavefrontOBJ] Loading geometry from "Mesh001.obj" ..
2025-05-17 08:18:54 INFO  main [WavefrontOBJ] Mesh001: 204 triangles, 398 vertices (merged 214 vertices).
2025-05-17 08:18:54 INFO  main [WavefrontOBJ] Done with "Mesh001.obj" (took 1 ms)
2025-05-17 08:18:54 INFO  main [PluginManager] Loading plugin "plugins/area.so" ..
2025-05-17 08:18:54 INFO  main [PluginManager] Loading plugin "plugins/sphere.so" ..
2025-05-17 08:18:54 INFO  ren0 [KDTreeBase] Constructing a SAH kd-tree (786209 primitives) ..
2025-05-17 08:18:54 INFO  ren0 [KDTreeBase] Finished -- took 687 ms.
2025-05-17 08:18:54 INFO  ren0 [octree.h:535] root weight: 8.000e-20 (0.000000)
2025-05-17 08:18:54 INFO  ren0 [octree.h:536] splitting threshold: 8.000e-23 (0.000000)
2025-05-17 08:18:54 INFO  ren0 [octree.h:551] node count: 1 -> 585 -> 585

2025-05-17 08:18:54 INFO  ren0 [octree.h:535] root weight: 4.096e-17 (0.000000)
2025-05-17 08:18:54 INFO  ren0 [octree.h:536] splitting threshold: 4.096e-20 (0.000000)
2025-05-17 08:18:54 INFO  ren0 [octree.h:551] node count: 585 -> 585 -> 585

2025-05-17 08:18:54 INFO  ren0 [octree.h:535] root weight: 8.000e-20 (0.000000)
2025-05-17 08:18:54 INFO  ren0 [octree.h:536] splitting threshold: 8.000e-23 (0.000000)
2025-05-17 08:18:54 INFO  ren0 [octree.h:551] node count: 1 -> 585 -> 585

2025-05-17 08:18:54 INFO  ren0 [octree.h:535] root weight: 8.000e-20 (0.000000)
2025-05-17 08:18:54 INFO  ren0 [octree.h:536] splitting threshold: 8.000e-23 (0.000000)
2025-05-17 08:18:54 INFO  ren0 [octree.h:551] node count: 1 -> 585 -> 585

2025-05-17 08:18:54 INFO  ren0 [octree.h:535] root weight: 4.096e-17 (0.000000)
2025-05-17 08:18:54 INFO  ren0 [octree.h:536] splitting threshold: 4.096e-20 (0.000000)
2025-05-17 08:18:54 INFO  ren0 [octree.h:551] node count: 585 -> 585 -> 585

2025-05-17 08:18:54 INFO  ren0 [octree.h:535] root weight: 8.000e-20 (0.000000)
2025-05-17 08:18:54 INFO  ren0 [octree.h:536] splitting threshold: 8.000e-23 (0.000000)
2025-05-17 08:18:54 INFO  ren0 [octree.h:551] node count: 1 -> 585 -> 585

2025-05-17 08:18:54 INFO  ren0 [MIFocalGuidingPathTracer] AABB3[min=[-6.02975, -0.00717345, -6.68615], max=[0.32406, 2.72573, 0.00770017]]
2025-05-17 08:18:54 INFO  ren0 [MIFocalGuidingPathTracer] Starting render job (1280x720, 12 cores, SSE2 enabled) ..
2025-05-17 08:18:54 INFO  ren0 [MIFocalGuidingPathTracer] ITERATION 0, until 10.0 seconds
2025-05-17 08:19:08 INFO  ren0 [MIFocalGuidingPathTracer]   13.36 seconds elapsed, passes this iteration: 2, total passes: 2
2025-05-17 08:19:08 INFO  ren0 [MIFocalGuidingPathTracer] Got 315172746 non-zero samples
2025-05-17 08:19:09 INFO  ren0 [gaussian_mixture_model.h:808] Processing mega batch of size 26083654
2025-05-17 08:19:10 INFO  ren0 [gaussian_mixture_model.h:547] Uniform
2025-05-17 08:19:10 INFO  ren0 [gaussian_mixture_model.h:581] Increasing the number of max components to 12 to allow uniform distribution
2025-05-17 08:19:35 INFO  ren0 [gaussian_mixture_model.h:808] Processing mega batch of size 26056980
2025-05-17 08:20:01 INFO  ren0 [gaussian_mixture_model.h:808] Processing mega batch of size 26034602
2025-05-17 08:20:26 INFO  ren0 [gaussian_mixture_model.h:808] Processing mega batch of size 26694687
2025-05-17 08:20:52 INFO  ren0 [gaussian_mixture_model.h:808] Processing mega batch of size 26523036
2025-05-17 08:21:18 INFO  ren0 [gaussian_mixture_model.h:808] Processing mega batch of size 26055876
2025-05-17 08:21:43 INFO  ren0 [gaussian_mixture_model.h:808] Processing mega batch of size 26322947
2025-05-17 08:22:09 INFO  ren0 [gaussian_mixture_model.h:808] Processing mega batch of size 26127744
2025-05-17 08:22:35 INFO  ren0 [gaussian_mixture_model.h:808] Processing mega batch of size 26370602
2025-05-17 08:23:01 INFO  ren0 [gaussian_mixture_model.h:808] Processing mega batch of size 26418146
2025-05-17 08:23:26 INFO  ren0 [gaussian_mixture_model.h:808] Processing mega batch of size 26113685
2025-05-17 08:23:52 INFO  ren0 [gaussian_mixture_model.h:808] Processing mega batch of size 26370787
2025-05-17 08:24:17 INFO  ren0 [MIFocalGuidingPathTracer] GMM[
weight = 0.0020817 mean = [-1.187 2.61897 -5.25957] covariance = [[0.467096 -0.0214662 -0.00460681][-0.0214662 0.0216962 -0.0051065][-0.00460681 -0.0051065 0.440269]]
weight = 0.00287952 mean = [-0.640601 2.58013 -4.83763] covariance = [[0.791499 -0.0515471 0.162817][-0.0515471 0.0209956 -0.014104][0.162817 -0.014104 0.590631]]
weight = 0.0020817 mean = [-0.230882 2.57474 -5.40606] covariance = [[0.467096 -0.0214662 -0.00460681][-0.0214662 0.0216962 -0.0051065][-0.00460681 -0.0051065 0.440269]]
weight = 0.0146604 mean = [-5.63786 0.491119 -0.139032] covariance = [[0.223899 -0.00760854 -0.000441939][-0.00760854 0.131948 0.00733265][-0.000441939 0.00733265 0.0243255]]
weight = 0.00287952 mean = [-1.12469 2.60646 -3.9629] covariance = [[0.791499 -0.0515471 0.162817][-0.0515471 0.0209956 -0.014104][0.162817 -0.014104 0.590631]]
weight = 0.0146604 mean = [-4.97004 0.43596 -0.142527] covariance = [[0.223899 -0.00760854 -0.000441939][-0.00760854 0.131948 0.00733265][-0.000441939 0.00733265 0.0243255]]
weight = 0.00554869 mean = [-2.37331 2.71532 -4.99432] covariance = [[1.00766 -0.00384961 0.060152][-0.00384961 0.000491472 0.000414283][0.060152 0.000414283 0.868767]]
weight = 0.0503962 mean = [-0.607752 2.59149 -1.28439] covariance = [[0.498863 -0.00215971 -0.22997][-0.00215971 0.0149229 -0.0451][-0.22997 -0.0451 1.55905]]
weight = 0.0222851 mean = [-2.77829 2.68579 -0.762484] covariance = [[0.765832 0.00159372 -0.161822][0.00159372 0.00188288 -0.00896371][-0.161822 -0.00896371 0.326957]]
weight = 0.0472993 mean = [-5.56364 2.09972 -0.396937] covariance = [[0.164436 0.0163248 -0.00854833][0.0163248 0.277241 0.0136111][-0.00854833 0.0136111 0.128076]]
weight = 0.835228 mean = [-2.4572 1.37052 -1.56135] covariance = [[3.63579 -0.320638 1.0894][-0.320638 0.64583 -0.118557][1.0894 -0.118557 2.24458]]
]
2025-05-17 08:24:17 INFO  ren0 [octree.h:535] root weight: 4.261e+06 (4260955.000000)
2025-05-17 08:24:17 INFO  ren0 [octree.h:536] splitting threshold: 4.261e+03 (4260.955078)
2025-05-17 08:24:17 INFO  ren0 [octree.h:535] root weight: 1.369e+06 (1368627.875000)
2025-05-17 08:24:17 INFO  ren0 [octree.h:536] splitting threshold: 1.369e+03 (1368.627930)
2025-05-17 08:24:17 INFO  ren0 [octree.h:551] node count: 585 -> 677 -> 449

2025-05-17 08:24:17 INFO  ren0 [octree.h:551] node count: 585 -> 608 -> 359

2025-05-17 08:24:17 INFO  ren0 [MIFocalGuidingPathTracer] ITERATION 1, until 20.0 seconds
2025-05-17 08:25:15 INFO  ren0 [MIFocalGuidingPathTracer]   380.97 seconds elapsed, passes this iteration: 1, total passes: 3
2025-05-17 08:25:15 INFO  ren0 [MIFocalGuidingPathTracer] Got 84019445 non-zero samples
2025-05-17 08:25:22 INFO  ren0 [gaussian_mixture_model.h:808] Processing mega batch of size 84019445
2025-05-17 08:26:53 INFO  ren0 [MIFocalGuidingPathTracer] GMM[
weight = 8.98088e-05 mean = [-5.73235 0.121786 -0.0492964] covariance = [[0.00391366 -0.000112205 -2.85854e-05][-0.000112205 0.000387464 -2.18008e-06][-2.85854e-05 -2.18008e-06 7.22025e-05]]
weight = 2.62249e-05 mean = [-6.02178 0.0343347 -0.0780988] covariance = [[0.00168437 0.000236295 0.000339129][0.000236295 0.000884517 -8.6253e-05][0.000339129 -8.6253e-05 0.000121901]]
weight = 8.98088e-05 mean = [-5.64399 0.118978 -0.0499517] covariance = [[0.00391366 -0.000112205 -2.85854e-05][-0.000112205 0.000387464 -2.18008e-06][-2.85854e-05 -2.18008e-06 7.22025e-05]]
weight = 0.00104811 mean = [-3.99529 0.176483 -3.56377] covariance = [[1.18892 -0.0246049 0.0933389][-0.0246049 0.00525807 -0.0306659][0.0933389 -0.0306659 1.40662]]
weight = 0.0990896 mean = [-5.14821 1.66028 -1.26067] covariance = [[0.447223 0.183449 0.0308052][0.183449 0.743652 -0.0131085][0.0308052 -0.0131085 1.32975]]
weight = 2.62249e-05 mean = [-5.96447 0.0480309 -0.0672527] covariance = [[0.00168437 0.000236295 0.000339129][0.000236295 0.000884517 -8.6253e-05][0.000339129 -8.6253e-05 0.000121901]]
weight = 0.023023 mean = [-4.46365 0.135827 -0.744083] covariance = [[1.96475 0.00332317 -0.129101][0.00332317 0.0115339 -0.00983151][-0.129101 -0.00983151 0.542682]]
weight = 0.00104811 mean = [-2.57101 0.160114 -4.09307] covariance = [[1.18892 -0.0246049 0.0933389][-0.0246049 0.00525807 -0.0306659][0.0933389 -0.0306659 1.40662]]
weight = 0.0990896 mean = [-5.20091 1.68021 -2.89119] covariance = [[0.447223 0.183449 0.0308052][0.183449 0.743652 -0.0131085][0.0308052 -0.0131085 1.32975]]
weight = 0.023023 mean = [-2.48352 0.140069 -0.922418] covariance = [[1.96475 0.00332317 -0.129101][0.00332317 0.0115339 -0.00983151][-0.129101 -0.00983151 0.542682]]
weight = 0.753447 mean = [-1.50104 1.47069 -1.37197] covariance = [[2.39766 -0.233744 -0.343605][-0.233744 0.708998 0.0948577][-0.343605 0.0948577 1.74381]]
]
2025-05-17 08:26:53 INFO  ren0 [octree.h:535] root weight: 2.267e+07 (22669286.000000)
2025-05-17 08:26:53 INFO  ren0 [octree.h:536] splitting threshold: 2.267e+04 (22669.287109)
2025-05-17 08:26:53 INFO  ren0 [octree.h:535] root weight: 7.249e+06 (7249171.000000)
2025-05-17 08:26:53 INFO  ren0 [octree.h:536] splitting threshold: 7.249e+03 (7249.171387)
2025-05-17 08:26:53 INFO  ren0 [octree.h:551] node count: 449 -> 480 -> 454

2025-05-17 08:26:53 INFO  ren0 [octree.h:551] node count: 359 -> 377 -> 360

2025-05-17 08:26:53 INFO  ren0 [MIFocalGuidingPathTracer] ITERATION 2, until 30.0 seconds
2025-05-17 08:27:51 INFO  ren0 [MIFocalGuidingPathTracer]   536.99 seconds elapsed, passes this iteration: 1, total passes: 4
2025-05-17 08:27:51 INFO  ren0 [MIFocalGuidingPathTracer] Got 87503051 non-zero samples
2025-05-17 08:27:57 INFO  ren0 [gaussian_mixture_model.h:808] Processing mega batch of size 87503051
2025-05-17 08:29:31 INFO  ren0 [MIFocalGuidingPathTracer] GMM[
weight = 0.0039071 mean = [-0.919115 0.365521 -2.99898] covariance = [[0.566732 0.0326885 0.00677728][0.0326885 0.333775 -0.0457384][0.00677728 -0.0457384 0.553308]]
weight = 0.0297467 mean = [-5.60052 2.46993 -0.953299] covariance = [[0.715776 0.0253017 0.015598][0.0253017 0.0253353 0.0770184][0.015598 0.0770184 0.733955]]
weight = 0.0039071 mean = [-0.891372 0.577278 -4.03786] covariance = [[0.566732 0.0326885 0.00677728][0.0326885 0.333775 -0.0457384][0.00677728 -0.0457384 0.553308]]
weight = 0.0297467 mean = [-4.5454 2.44717 -1.50142] covariance = [[0.715776 0.0253017 0.015598][0.0253017 0.0253353 0.0770184][0.015598 0.0770184 0.733955]]
weight = 0.0412928 mean = [0.0183068 2.33599 -3.86424] covariance = [[0.147907 -0.0405034 -0.414127][-0.0405034 0.0377115 0.1665][-0.414127 0.1665 2.99447]]
weight = 0.0364225 mean = [-0.537421 0.887349 -3.52421] covariance = [[0.678399 0.150463 0.161216][0.150463 0.527484 -0.225844][0.161216 -0.225844 0.831247]]
weight = 0.0688041 mean = [-3.40181 2.52385 -2.36231] covariance = [[3.74037 0.0059243 -0.784417][0.0059243 0.0456613 0.138633][-0.784417 0.138633 2.42856]]
weight = 0.0259686 mean = [-5.64832 2.6264 -2.25835] covariance = [[0.212472 -0.00852922 -0.0984548][-0.00852922 0.00448673 -2.83224e-05][-0.0984548 -2.83224e-05 0.846333]]
weight = 0.760204 mean = [-1.95863 1.3732 -1.04517] covariance = [[2.81101 -0.168466 0.331969][-0.168466 0.624254 0.0692368][0.331969 0.0692368 0.933331]]
]
2025-05-17 08:29:31 INFO  ren0 [octree.h:535] root weight: 3.521e+07 (35210536.000000)
2025-05-17 08:29:31 INFO  ren0 [octree.h:536] splitting threshold: 3.521e+04 (35210.539062)
2025-05-17 08:29:31 INFO  ren0 [octree.h:535] root weight: 1.107e+07 (11074314.000000)
2025-05-17 08:29:31 INFO  ren0 [octree.h:536] splitting threshold: 1.107e+04 (11074.314453)
2025-05-17 08:29:31 INFO  ren0 [octree.h:551] node count: 454 -> 478 -> 441

2025-05-17 08:29:31 INFO  ren0 [octree.h:551] node count: 360 -> 373 -> 355

2025-05-17 08:29:31 INFO  ren0 [MIFocalGuidingPathTracer] ITERATION 3, until 40.0 seconds
2025-05-17 08:30:22 INFO  ren0 [MIFocalGuidingPathTracer]   687.82 seconds elapsed, passes this iteration: 1, total passes: 5
2025-05-17 08:30:22 INFO  ren0 [RenderJob] Render time: 11.4764m
2025-05-17 08:30:22 INFO  ren0 [HDRFilm] Writing image to "/mitsuba/scene/modern-living-room/modern-living-room.exr" ..
2025-05-17 08:30:22 INFO  main [statistics.cpp:142] Statistics:
------------------------------------------------------------
 * Loaded plugins :
    -  plugins/area.so [Area light]
    -  plugins/bitmap.so [Bitmap texture]
    -  plugins/box.so [Box filter]
    -  plugins/dielectric.so [Smooth dielectric BSDF]
    -  plugins/diffuse.so [Smooth diffuse BRDF]
    -  plugins/hdrfilm.so [High dynamic range film]
    -  plugins/independent.so [Independent sampler]
    -  plugins/lanczos.so [Lanczos Sinc filter]
    -  plugins/obj.so [OBJ triangle mesh loader]
    -  plugins/perspective.so [Perspective camera]
    -  plugins/pmm_focal_recursive.so [MI focal guiding path tracer]
    -  plugins/roughconductor.so [Rough conductor BRDF]
    -  plugins/roughplastic.so [Rough plastic BRDF]
    -  plugins/sphere.so [Sphere intersection primitive]
    -  plugins/twosided.so [Two-sided BRDF adapter]

  * General :
    -  Normal rays traced : 47.208 M
    -  Shadow rays traced : 42.852 M

  * PathGuiding :
    -  Average path length : 9.67 (44.55 M / 4.61 M)

  * Texture system :
    -  Cumulative MIP map memory allocations : 76.918 MiB
    -  Filtered texture lookups : 0.00 % (0.00 of 15.10 M)
------------------------------------------------------------
