2025-05-19 06:06:01 INFO  main [mitsuba.cpp:274] Mitsuba version 0.6.0 (Linux, 64 bit), Copyright (c) 2017 Wenzel Jakob
2025-05-19 06:06:01 INFO  main [mitsuba.cpp:377] Parsing scene description from "scene/modern-hall/modern-hall.xml" ..
2025-05-19 06:06:01 INFO  main [scenehandler.cpp:675] In file "/mitsuba/scene/modern-hall/modern-hall.xml" (near line 20): Parsing included file "pmm_focal_recursive.xml" ..
2025-05-19 06:06:01 INFO  main [PluginManager] Loading plugin "plugins/pmm_focal_recursive.so" ..
2025-05-19 06:06:01 INFO  main [octree.h:535] root weight: 8.000e-20 (0.000000)
2025-05-19 06:06:01 INFO  main [octree.h:536] splitting threshold: 8.000e-23 (0.000000)
2025-05-19 06:06:01 INFO  main [octree.h:551] node count: 1 -> 585 -> 585

2025-05-19 06:06:01 INFO  main [octree.h:535] root weight: 8.000e-20 (0.000000)
2025-05-19 06:06:01 INFO  main [octree.h:536] splitting threshold: 8.000e-23 (0.000000)
2025-05-19 06:06:01 INFO  main [octree.h:551] node count: 1 -> 585 -> 585

2025-05-19 06:06:01 INFO  main [MIFocalGuidingPathTracer] budget: 600
2025-05-19 06:06:01 INFO  main [MIFocalGuidingPathTracer] dumpPrimaryRays: false
2025-05-19 06:06:01 INFO  main [MIFocalGuidingPathTracer] dumpScene: false
2025-05-19 06:06:01 INFO  main [MIFocalGuidingPathTracer] gmm.alpha: 0.4
2025-05-19 06:06:01 INFO  main [MIFocalGuidingPathTracer] gmm.initMethod: KMeans
2025-05-19 06:06:01 INFO  main [MIFocalGuidingPathTracer] gmm.maxNumComp: 10
2025-05-19 06:06:01 INFO  main [MIFocalGuidingPathTracer] gmm.mergingThreshold: 0.65
2025-05-19 06:06:01 INFO  main [MIFocalGuidingPathTracer] gmm.minNumComp: 3
2025-05-19 06:06:01 INFO  main [MIFocalGuidingPathTracer] gmm.splittingThreshold: 10000
2025-05-19 06:06:01 INFO  main [MIFocalGuidingPathTracer] iterationBudget: 10
2025-05-19 06:06:01 INFO  main [MIFocalGuidingPathTracer] iterationCount: 15
2025-05-19 06:06:01 INFO  main [MIFocalGuidingPathTracer] maxDepth: 40
2025-05-19 06:06:01 INFO  main [MIFocalGuidingPathTracer] minSamplesToStartFitting: 128
2025-05-19 06:06:01 INFO  main [MIFocalGuidingPathTracer] normalBinning: disabled
2025-05-19 06:06:01 INFO  main [MIFocalGuidingPathTracer] renderMaxSeconds: 36000
2025-05-19 06:06:01 INFO  main [MIFocalGuidingPathTracer] rrDepth: 14
2025-05-19 06:06:01 INFO  main [MIFocalGuidingPathTracer] samplingMode: 2
2025-05-19 06:06:01 INFO  main [MIFocalGuidingPathTracer] strictNormals: true
2025-05-19 06:06:01 INFO  main [MIFocalGuidingPathTracer] trainingSamples: 4
2025-05-19 06:06:01 INFO  main [MIFocalGuidingPathTracer] tree.threshold: 0.001
2025-05-19 06:06:01 INFO  main [MIFocalGuidingPathTracer] unboundedSplatting: true
2025-05-19 06:06:01 INFO  main [PluginManager] Loading plugin "plugins/independent.so" ..
2025-05-19 06:06:01 INFO  main [PluginManager] Loading plugin "plugins/box.so" ..
2025-05-19 06:06:01 INFO  main [PluginManager] Loading plugin "plugins/hdrfilm.so" ..
2025-05-19 06:06:01 INFO  main [PluginManager] Loading plugin "plugins/perspective.so" ..
2025-05-19 06:06:01 INFO  main [PluginManager] Loading plugin "plugins/dielectric.so" ..
2025-05-19 06:06:01 INFO  main [PluginManager] Loading plugin "plugins/bitmap.so" ..
2025-05-19 06:06:01 INFO  main [BitmapTexture] Loading texture "wood5.jpg"
2025-05-19 06:06:01 INFO  main [PluginManager] Loading plugin "plugins/lanczos.so" ..
2025-05-19 06:06:01 INFO  main [MIPMap] Generating MIP map cache file "/mitsuba/scene/modern-hall/textures/wood5.mip" ..
2025-05-19 06:06:01 INFO  main [PluginManager] Loading plugin "plugins/roughplastic.so" ..
2025-05-19 06:06:01 INFO  main [PluginManager] Loading plugin "plugins/twosided.so" ..
2025-05-19 06:06:01 INFO  main [BitmapTexture] Loading texture "Tiles.jpg"
2025-05-19 06:06:01 INFO  main [PluginManager] Loading plugin "plugins/diffuse.so" ..
2025-05-19 06:06:01 INFO  main [BitmapTexture] Loading texture "Wallpaper.jpg"
2025-05-19 06:06:01 INFO  main [PluginManager] Loading plugin "plugins/roughconductor.so" ..
2025-05-19 06:06:01 INFO  main [spectrum.cpp:599] "Cu.eta.spd": loaded a spectral power distribution with 55 entries (between 302.400421 and 885.601257 nm)
2025-05-19 06:06:01 INFO  main [spectrum.cpp:599] "Cu.k.spd": loaded a spectral power distribution with 55 entries (between 302.400421 and 885.601257 nm)
2025-05-19 06:06:01 INFO  main [spectrum.cpp:599] "Cu.eta.spd": loaded a spectral power distribution with 55 entries (between 302.400421 and 885.601257 nm)
2025-05-19 06:06:01 INFO  main [spectrum.cpp:599] "Cu.k.spd": loaded a spectral power distribution with 55 entries (between 302.400421 and 885.601257 nm)
2025-05-19 06:06:01 INFO  main [PluginManager] Loading plugin "plugins/difftrans.so" ..
2025-05-19 06:06:01 INFO  main [PluginManager] Loading plugin "plugins/area.so" ..
2025-05-19 06:06:01 INFO  main [PluginManager] Loading plugin "plugins/rectangle.so" ..
2025-05-19 06:06:01 INFO  main [PluginManager] Loading plugin "plugins/cube.so" ..
2025-05-19 06:06:01 INFO  main [PluginManager] Loading plugin "plugins/obj.so" ..
2025-05-19 06:06:01 INFO  main [WavefrontOBJ] Loading geometry from "Mesh008.obj" ..
2025-05-19 06:06:01 INFO  main [WavefrontOBJ] Mesh008: 5184 triangles, 2664 vertices (merged 12888 vertices).
2025-05-19 06:06:01 INFO  main [WavefrontOBJ] Done with "Mesh008.obj" (took 12 ms)
2025-05-19 06:06:01 INFO  main [WavefrontOBJ] Loading geometry from "Mesh004.obj" ..
2025-05-19 06:06:02 INFO  main [WavefrontOBJ] Mesh004: 5184 triangles, 2664 vertices (merged 12888 vertices).
2025-05-19 06:06:02 INFO  main [WavefrontOBJ] Done with "Mesh004.obj" (took 11 ms)
2025-05-19 06:06:02 INFO  main [WavefrontOBJ] Loading geometry from "Mesh003.obj" ..
2025-05-19 06:06:02 INFO  main [WavefrontOBJ] Mesh003: 5184 triangles, 2664 vertices (merged 12888 vertices).
2025-05-19 06:06:02 INFO  main [WavefrontOBJ] Done with "Mesh003.obj" (took 11 ms)
2025-05-19 06:06:02 INFO  main [WavefrontOBJ] Loading geometry from "Mesh006.obj" ..
2025-05-19 06:06:02 INFO  main [WavefrontOBJ] Mesh006: 5184 triangles, 2664 vertices (merged 12888 vertices).
2025-05-19 06:06:02 INFO  main [WavefrontOBJ] Done with "Mesh006.obj" (took 11 ms)
2025-05-19 06:06:02 INFO  main [WavefrontOBJ] Loading geometry from "Mesh012.obj" ..
2025-05-19 06:06:02 INFO  main [WavefrontOBJ] Mesh012: 444 triangles, 882 vertices (merged 450 vertices).
2025-05-19 06:06:02 INFO  main [WavefrontOBJ] Done with "Mesh012.obj" (took 2 ms)
2025-05-19 06:06:02 INFO  main [WavefrontOBJ] Loading geometry from "Mesh013.obj" ..
2025-05-19 06:06:02 INFO  main [WavefrontOBJ] Mesh013: 5184 triangles, 2664 vertices (merged 12888 vertices).
2025-05-19 06:06:02 INFO  main [WavefrontOBJ] Done with "Mesh013.obj" (took 11 ms)
2025-05-19 06:06:02 INFO  main [WavefrontOBJ] Loading geometry from "Mesh010.obj" ..
2025-05-19 06:06:02 INFO  main [WavefrontOBJ] Mesh010: 32 triangles, 60 vertices (merged 36 vertices).
2025-05-19 06:06:02 INFO  main [WavefrontOBJ] Done with "Mesh010.obj" (took 0 ms)
2025-05-19 06:06:02 INFO  main [WavefrontOBJ] Loading geometry from "Mesh015.obj" ..
2025-05-19 06:06:02 INFO  main [WavefrontOBJ] Mesh015: 32 triangles, 60 vertices (merged 36 vertices).
2025-05-19 06:06:02 INFO  main [WavefrontOBJ] Done with "Mesh015.obj" (took 0 ms)
2025-05-19 06:06:02 INFO  main [WavefrontOBJ] Loading geometry from "Mesh002.obj" ..
2025-05-19 06:06:02 INFO  main [WavefrontOBJ] Mesh002: 32 triangles, 60 vertices (merged 36 vertices).
2025-05-19 06:06:02 INFO  main [WavefrontOBJ] Done with "Mesh002.obj" (took 0 ms)
2025-05-19 06:06:02 INFO  main [WavefrontOBJ] Loading geometry from "Mesh007.obj" ..
2025-05-19 06:06:02 INFO  main [WavefrontOBJ] Mesh007: 32 triangles, 60 vertices (merged 36 vertices).
2025-05-19 06:06:02 INFO  main [WavefrontOBJ] Done with "Mesh007.obj" (took 0 ms)
2025-05-19 06:06:02 INFO  main [WavefrontOBJ] Loading geometry from "Mesh005.obj" ..
2025-05-19 06:06:02 INFO  main [WavefrontOBJ] Mesh005: 12 triangles, 20 vertices (merged 16 vertices).
2025-05-19 06:06:02 INFO  main [WavefrontOBJ] Done with "Mesh005.obj" (took 0 ms)
2025-05-19 06:06:02 INFO  main [WavefrontOBJ] Loading geometry from "Mesh016.obj" ..
2025-05-19 06:06:02 INFO  main [WavefrontOBJ] Mesh016: 120 triangles, 204 vertices (merged 156 vertices).
2025-05-19 06:06:02 INFO  main [WavefrontOBJ] Done with "Mesh016.obj" (took 0 ms)
2025-05-19 06:06:02 INFO  main [WavefrontOBJ] Loading geometry from "Mesh017.obj" ..
2025-05-19 06:06:02 INFO  main [WavefrontOBJ] Mesh017: 20 triangles, 40 vertices (merged 20 vertices).
2025-05-19 06:06:02 INFO  main [WavefrontOBJ] Done with "Mesh017.obj" (took 0 ms)
2025-05-19 06:06:02 INFO  main [WavefrontOBJ] Loading geometry from "Mesh018.obj" ..
2025-05-19 06:06:02 INFO  main [WavefrontOBJ] Mesh018: 2 triangles, 4 vertices (merged 2 vertices).
2025-05-19 06:06:02 INFO  main [WavefrontOBJ] Done with "Mesh018.obj" (took 0 ms)
2025-05-19 06:06:02 INFO  main [WavefrontOBJ] Loading geometry from "Mesh011.obj" ..
2025-05-19 06:06:02 INFO  main [WavefrontOBJ] Mesh011: 32 triangles, 30 vertices (merged 66 vertices).
2025-05-19 06:06:02 INFO  main [WavefrontOBJ] Done with "Mesh011.obj" (took 0 ms)
2025-05-19 06:06:02 INFO  main [PluginManager] Loading plugin "plugins/homogeneous.so" ..
2025-05-19 06:06:02 INFO  main [PluginManager] Loading plugin "plugins/isotropic.so" ..
2025-05-19 06:06:02 INFO  main [WavefrontOBJ] Loading geometry from "Mesh014.obj" ..
2025-05-19 06:06:02 INFO  main [WavefrontOBJ] Mesh014: 36 triangles, 72 vertices (merged 36 vertices).
2025-05-19 06:06:02 INFO  main [WavefrontOBJ] Done with "Mesh014.obj" (took 0 ms)
2025-05-19 06:06:02 INFO  main [WavefrontOBJ] Loading geometry from "Mesh001.obj" ..
2025-05-19 06:06:02 INFO  main [WavefrontOBJ] Mesh001: 924 triangles, 2016 vertices (merged 756 vertices).
2025-05-19 06:06:02 INFO  main [WavefrontOBJ] Done with "Mesh001.obj" (took 6 ms)
2025-05-19 06:06:02 INFO  main [WavefrontOBJ] Loading geometry from "Mesh000.obj" ..
2025-05-19 06:06:02 INFO  main [WavefrontOBJ] Mesh000: 3127 triangles, 2075 vertices (merged 7306 vertices).
2025-05-19 06:06:02 INFO  main [WavefrontOBJ] Done with "Mesh000.obj" (took 12 ms)
2025-05-19 06:06:02 INFO  main [WavefrontOBJ] Loading geometry from "Mesh009.obj" ..
2025-05-19 06:06:02 INFO  main [WavefrontOBJ] Mesh009: 146 triangles, 110 vertices (merged 328 vertices).
2025-05-19 06:06:02 INFO  main [WavefrontOBJ] Done with "Mesh009.obj" (took 0 ms)
2025-05-19 06:06:02 INFO  ren0 [KDTreeBase] Constructing a SAH kd-tree (30963 primitives) ..
2025-05-19 06:06:02 INFO  ren0 [KDTreeBase] Finished -- took 108 ms.
2025-05-19 06:06:02 INFO  ren0 [octree.h:535] root weight: 8.000e-20 (0.000000)
2025-05-19 06:06:02 INFO  ren0 [octree.h:536] splitting threshold: 8.000e-23 (0.000000)
2025-05-19 06:06:02 INFO  ren0 [octree.h:551] node count: 1 -> 585 -> 585

2025-05-19 06:06:02 INFO  ren0 [octree.h:535] root weight: 4.096e-17 (0.000000)
2025-05-19 06:06:02 INFO  ren0 [octree.h:536] splitting threshold: 4.096e-20 (0.000000)
2025-05-19 06:06:02 INFO  ren0 [octree.h:551] node count: 585 -> 585 -> 585

2025-05-19 06:06:02 INFO  ren0 [octree.h:535] root weight: 8.000e-20 (0.000000)
2025-05-19 06:06:02 INFO  ren0 [octree.h:536] splitting threshold: 8.000e-23 (0.000000)
2025-05-19 06:06:02 INFO  ren0 [octree.h:551] node count: 1 -> 585 -> 585

2025-05-19 06:06:02 INFO  ren0 [octree.h:535] root weight: 8.000e-20 (0.000000)
2025-05-19 06:06:02 INFO  ren0 [octree.h:536] splitting threshold: 8.000e-23 (0.000000)
2025-05-19 06:06:02 INFO  ren0 [octree.h:551] node count: 1 -> 585 -> 585

2025-05-19 06:06:02 INFO  ren0 [octree.h:535] root weight: 4.096e-17 (0.000000)
2025-05-19 06:06:02 INFO  ren0 [octree.h:536] splitting threshold: 4.096e-20 (0.000000)
2025-05-19 06:06:02 INFO  ren0 [octree.h:551] node count: 585 -> 585 -> 585

2025-05-19 06:06:02 INFO  ren0 [octree.h:535] root weight: 8.000e-20 (0.000000)
2025-05-19 06:06:02 INFO  ren0 [octree.h:536] splitting threshold: 8.000e-23 (0.000000)
2025-05-19 06:06:02 INFO  ren0 [octree.h:551] node count: 1 -> 585 -> 585

2025-05-19 06:06:02 INFO  ren0 [MIFocalGuidingPathTracer] AABB3[min=[-21.7494, -3.70393, -3.09172], max=[7.19249, 11.2965, 6.96201]]
2025-05-19 06:06:02 INFO  ren0 [MIFocalGuidingPathTracer] Starting render job (1280x720, 12 cores, SSE2 enabled) ..
2025-05-19 06:06:02 INFO  ren0 [MIFocalGuidingPathTracer] ITERATION 0, until 10.0 seconds
2025-05-19 06:06:13 INFO  ren0 [MIFocalGuidingPathTracer]   11.60 seconds elapsed, passes this iteration: 7, total passes: 7
2025-05-19 06:06:13 INFO  ren0 [MIFocalGuidingPathTracer] Got 136557 non-zero samples
2025-05-19 06:06:13 INFO  ren0 [gaussian_mixture_model.h:808] Processing mega batch of size 136557
2025-05-19 06:06:13 INFO  ren0 [gaussian_mixture_model.h:547] KMeans
2025-05-19 06:06:13 INFO  ren0 [MIFocalGuidingPathTracer] GMM[
weight = 0.0231476 mean = [1.4113 3.07938 1.95103] covariance = [[4.42506 -0.40265 -0.0630272][-0.40265 3.33511 0.684234][-0.0630272 0.684234 2.2081]]
weight = 0.0695477 mean = [5.44775 2.96931 5.19668] covariance = [[1.49645 0.117707 0.0985768][0.117707 3.46556 0.285023][0.0985768 0.285023 1.84657]]
weight = 0.0603028 mean = [6.04024 3.1812 -1.01577] covariance = [[0.857127 -0.445176 0.321351][-0.445176 2.86934 -0.949413][0.321351 -0.949413 2.18392]]
weight = 0.0420623 mean = [2.99288 0.0303061 2.17232] covariance = [[4.38872 0.878154 0.710064][0.878154 2.87103 0.63199][0.710064 0.63199 2.91131]]
weight = 0.0231476 mean = [-1.38301 4.18638 2.34241] covariance = [[4.42506 -0.40265 -0.0630272][-0.40265 3.33511 0.684234][-0.0630272 0.684234 2.2081]]
weight = 0.0917384 mean = [-3.49619 4.59049 -2.49007] covariance = [[2.61135 -0.726587 -0.508239][-0.726587 1.68223 0.094059][-0.508239 0.094059 1.04073]]
weight = 0.0640511 mean = [3.88689 4.44809 1.18789] covariance = [[2.8049 -0.316969 0.169838][-0.316969 3.77172 -0.261248][0.169838 -0.261248 2.48263]]
weight = 0.59072 mean = [2.0433 1.57754 -2.50822] covariance = [[2.29039 -1.0148 0.307665][-1.0148 1.06349 0.0921878][0.307665 0.0921878 1.0069]]
weight = 0.0352826 mean = [-7.94064 2.77388 0.784606] covariance = [[15.391 -2.83973 -1.55163][-2.83973 11.405 1.24004][-1.55163 1.24004 5.8875]]
]
2025-05-19 06:06:13 INFO  ren0 [octree.h:535] root weight: 3.417e+06 (3417323.750000)
2025-05-19 06:06:13 INFO  ren0 [octree.h:536] splitting threshold: 3.417e+03 (3417.323975)
2025-05-19 06:06:13 INFO  ren0 [octree.h:535] root weight: 3.609e+05 (360904.406250)
2025-05-19 06:06:13 INFO  ren0 [octree.h:536] splitting threshold: 3.609e+02 (360.904419)
2025-05-19 06:06:13 INFO  ren0 [octree.h:551] node count: 585 -> 895 -> 708

2025-05-19 06:06:13 INFO  ren0 [octree.h:551] node count: 585 -> 605 -> 442

2025-05-19 06:06:13 INFO  ren0 [MIFocalGuidingPathTracer] ITERATION 1, until 20.0 seconds
2025-05-19 06:06:34 INFO  ren0 [MIFocalGuidingPathTracer]   31.82 seconds elapsed, passes this iteration: 1, total passes: 8
2025-05-19 06:06:34 INFO  ren0 [MIFocalGuidingPathTracer] Got 59069 non-zero samples
2025-05-19 06:06:34 INFO  ren0 [gaussian_mixture_model.h:808] Processing mega batch of size 59069
2025-05-19 06:06:34 INFO  ren0 [MIFocalGuidingPathTracer] GMM[
weight = 0.103409 mean = [5.59262 3.94725 5.17688] covariance = [[1.28794 -0.158913 0.162247][-0.158913 2.53082 0.429249][0.162247 0.429249 1.50493]]
weight = 0.056861 mean = [5.82954 3.2384 -0.853255] covariance = [[0.903664 -0.49749 0.422118][-0.49749 2.89511 -0.913157][0.422118 -0.913157 2.17396]]
weight = 0.0462439 mean = [2.93406 0.544041 2.00389] covariance = [[3.30613 0.412122 0.562581][0.412122 3.05715 0.480298][0.562581 0.480298 2.29194]]
weight = 0.117449 mean = [-2.98401 4.41087 -2.50008] covariance = [[1.9939 -0.410259 -0.126934][-0.410259 0.97909 0.145602][-0.126934 0.145602 0.711845]]
weight = 0.186607 mean = [1.96965 4.27164 1.50298] covariance = [[5.68213 -0.816484 -0.149791][-0.816484 3.82161 -0.0587502][-0.149791 -0.0587502 2.38004]]
weight = 0.456137 mean = [1.84444 1.73272 -2.47956] covariance = [[2.50219 -1.24424 0.169604][-1.24424 1.12293 0.128128][0.169604 0.128128 0.831992]]
weight = 0.0332936 mean = [-7.09975 4.16899 0.923943] covariance = [[20.3866 -1.09432 -2.18122][-1.09432 14.8773 1.88992][-2.18122 1.88992 5.17043]]
]
2025-05-19 06:06:34 INFO  ren0 [octree.h:535] root weight: 2.479e+06 (2478692.000000)
2025-05-19 06:06:34 INFO  ren0 [octree.h:536] splitting threshold: 2.479e+03 (2478.692139)
2025-05-19 06:06:34 INFO  ren0 [octree.h:535] root weight: 2.283e+05 (228320.515625)
2025-05-19 06:06:34 INFO  ren0 [octree.h:536] splitting threshold: 2.283e+02 (228.320526)
2025-05-19 06:06:34 INFO  ren0 [octree.h:551] node count: 708 -> 830 -> 770

2025-05-19 06:06:34 INFO  ren0 [octree.h:551] node count: 442 -> 448 -> 439

2025-05-19 06:06:34 INFO  ren0 [MIFocalGuidingPathTracer] ITERATION 2, until 30.0 seconds
2025-05-19 06:06:53 INFO  ren0 [MIFocalGuidingPathTracer]   51.29 seconds elapsed, passes this iteration: 1, total passes: 9
2025-05-19 06:06:53 INFO  ren0 [MIFocalGuidingPathTracer] Got 72100 non-zero samples
2025-05-19 06:06:53 INFO  ren0 [gaussian_mixture_model.h:808] Processing mega batch of size 72100
2025-05-19 06:06:53 INFO  ren0 [MIFocalGuidingPathTracer] GMM[
weight = 0.0414139 mean = [5.51176 2.92537 4.88912] covariance = [[1.20441 -0.0352781 0.100021][-0.0352781 1.4642 0.0243341][0.100021 0.0243341 1.39684]]
weight = 0.0414139 mean = [5.47573 4.57116 5.37316] covariance = [[1.20441 -0.0352781 0.100021][-0.0352781 1.4642 0.0243341][0.100021 0.0243341 1.39684]]
weight = 0.0305094 mean = [5.99655 2.40324 -0.348212] covariance = [[0.767183 -0.0636473 0.190581][-0.0636473 1.58783 -0.049297][0.190581 -0.049297 1.49454]]
weight = 0.0217442 mean = [3.94761 1.04782 2.51619] covariance = [[1.99902 -0.369588 -0.0855915][-0.369588 2.37892 0.0791214][-0.0855915 0.0791214 1.8182]]
weight = 0.0305094 mean = [5.67369 3.89386 -1.31837] covariance = [[0.767183 -0.0636473 0.190581][-0.0636473 1.58783 -0.049297][0.190581 -0.049297 1.49454]]
weight = 0.0217442 mean = [2.53257 0.338491 1.5157] covariance = [[1.99902 -0.369588 -0.0855915][-0.369588 2.37892 0.0791214][-0.0855915 0.0791214 1.8182]]
weight = 0.125478 mean = [-2.91193 4.3464 -2.69252] covariance = [[1.90184 -0.587915 -0.0775717][-0.587915 0.707601 0.0711594][-0.0775717 0.0711594 0.42758]]
weight = 0.547301 mean = [2.01078 1.54446 -2.61971] covariance = [[2.13004 -1.10395 0.121779][-1.10395 0.91097 0.0789214][0.121779 0.0789214 0.531463]]
weight = 0.139885 mean = [1.18536 3.8639 1.08991] covariance = [[19.4023 -0.570283 0.633809][-0.570283 4.70816 0.0269203][0.633809 0.0269203 3.02351]]
]
2025-05-19 06:06:53 INFO  ren0 [octree.h:535] root weight: 1.950e+06 (1950146.875000)
2025-05-19 06:06:53 INFO  ren0 [octree.h:536] splitting threshold: 1.950e+03 (1950.146973)
2025-05-19 06:06:53 INFO  ren0 [octree.h:535] root weight: 2.085e+05 (208458.531250)
2025-05-19 06:06:53 INFO  ren0 [octree.h:536] splitting threshold: 2.085e+02 (208.458542)
2025-05-19 06:06:53 INFO  ren0 [octree.h:551] node count: 770 -> 870 -> 800

2025-05-19 06:06:53 INFO  ren0 [octree.h:551] node count: 439 -> 450 -> 442

2025-05-19 06:06:53 INFO  ren0 [MIFocalGuidingPathTracer] ITERATION 3, until 40.0 seconds
2025-05-19 06:07:14 INFO  ren0 [MIFocalGuidingPathTracer]   72.30 seconds elapsed, passes this iteration: 1, total passes: 10
2025-05-19 06:07:14 INFO  ren0 [MIFocalGuidingPathTracer] Got 102770 non-zero samples
2025-05-19 06:07:14 INFO  ren0 [gaussian_mixture_model.h:808] Processing mega batch of size 102770
2025-05-19 06:07:14 INFO  ren0 [MIFocalGuidingPathTracer] GMM[
weight = 0.0164875 mean = [2.82713 1.38579 1.20171] covariance = [[1.95865 -0.086155 -0.167727][-0.086155 1.86574 0.225458][-0.167727 0.225458 2.56471]]
weight = 0.106298 mean = [-1.94366 3.13212 0.895105] covariance = [[12.3142 0.579978 -0.495318][0.579978 6.45067 0.00594179][-0.495318 0.00594179 4.21544]]
weight = 0.0553685 mean = [5.54096 3.52007 -1.69854] covariance = [[1.0819 -0.274352 0.153671][-0.274352 2.12797 0.290259][0.153671 0.290259 1.37415]]
weight = 0.0164875 mean = [2.32655 -0.392261 1.6106] covariance = [[1.95865 -0.086155 -0.167727][-0.086155 1.86574 0.225458][-0.167727 0.225458 2.56471]]
weight = 0.0781097 mean = [-3.02667 4.44005 -2.71249] covariance = [[2.71726 -1.11183 -0.00679687][-1.11183 0.804007 -0.00724122][-0.00679687 -0.00724122 0.268093]]
weight = 0.117899 mean = [5.4744 3.71141 5.13887] covariance = [[1.58046 0.515184 -0.532317][0.515184 2.35473 -0.083704][-0.532317 -0.083704 1.72931]]
weight = 0.503052 mean = [2.013 1.52293 -2.72697] covariance = [[2.01942 -1.06343 0.117984][-1.06343 0.779288 0.0354447][0.117984 0.0354447 0.32023]]
weight = 0.106298 mean = [3.00401 3.61411 0.596051] covariance = [[12.3142 0.579978 -0.495318][0.579978 6.45067 0.00594179][-0.495318 0.00594179 4.21544]]
]
2025-05-19 06:07:14 INFO  ren0 [octree.h:535] root weight: 1.693e+06 (1692672.750000)
2025-05-19 06:07:14 INFO  ren0 [octree.h:536] splitting threshold: 1.693e+03 (1692.672852)
2025-05-19 06:07:14 INFO  ren0 [octree.h:535] root weight: 1.811e+05 (181141.375000)
2025-05-19 06:07:14 INFO  ren0 [octree.h:536] splitting threshold: 1.811e+02 (181.141388)
2025-05-19 06:07:14 INFO  ren0 [octree.h:551] node count: 800 -> 889 -> 817

2025-05-19 06:07:14 INFO  ren0 [octree.h:551] node count: 442 -> 454 -> 442

2025-05-19 06:07:14 INFO  ren0 [MIFocalGuidingPathTracer] ITERATION 4, until 50.0 seconds
2025-05-19 06:07:34 INFO  ren0 [MIFocalGuidingPathTracer]   92.21 seconds elapsed, passes this iteration: 1, total passes: 11
2025-05-19 06:07:34 INFO  ren0 [MIFocalGuidingPathTracer] Got 125819 non-zero samples
2025-05-19 06:07:34 INFO  ren0 [gaussian_mixture_model.h:808] Processing mega batch of size 125819
2025-05-19 06:07:34 INFO  ren0 [MIFocalGuidingPathTracer] GMM[
weight = 0.00300455 mean = [3.99901 0.968138 0.377702] covariance = [[1.19043 -0.044901 0.139721][-0.044901 1.54238 0.172696][0.139721 0.172696 1.2823]]
weight = 0.0106387 mean = [-4.09518 4.78297 -0.00683684] covariance = [[9.27469 0.58044 -0.0414642][0.58044 7.83974 -0.533946][-0.0414642 -0.533946 3.87477]]
weight = 0.00300455 mean = [2.85898 1.56797 -0.630094] covariance = [[1.19043 -0.044901 0.139721][-0.044901 1.54238 0.172696][0.139721 0.172696 1.2823]]
weight = 0.100256 mean = [5.47619 3.5045 -1.7978] covariance = [[1.43308 0.263006 0.193426][0.263006 1.7779 -0.0300699][0.193426 -0.0300699 1.12982]]
weight = 0.0106387 mean = [-8.18333 3.2881 0.165537] covariance = [[9.27469 0.58044 -0.0414642][0.58044 7.83974 -0.533946][-0.0414642 -0.533946 3.87477]]
weight = 0.114574 mean = [-3.06848 4.42273 -2.77942] covariance = [[2.30646 -1.12517 -0.160361][-1.12517 0.670287 0.0753546][-0.160361 0.0753546 0.167738]]
weight = 0.057922 mean = [5.57616 2.62311 4.74643] covariance = [[1.37953 0.591086 -0.48468][0.591086 3.36839 -0.739598][-0.48468 -0.739598 2.4704]]
weight = 0.465544 mean = [1.98206 1.52042 -2.81682] covariance = [[1.73242 -0.935303 0.0768608][-0.935303 0.637717 -0.00556448][0.0768608 -0.00556448 0.140339]]
weight = 0.234417 mean = [2.00251 3.02298 0.498394] covariance = [[12.1492 -2.14086 0.172023][-2.14086 5.95215 -0.383212][0.172023 -0.383212 3.95449]]
]
2025-05-19 06:07:34 INFO  ren0 [octree.h:535] root weight: 1.458e+06 (1458402.125000)
2025-05-19 06:07:34 INFO  ren0 [octree.h:536] splitting threshold: 1.458e+03 (1458.402222)
2025-05-19 06:07:34 INFO  ren0 [octree.h:535] root weight: 1.451e+05 (145050.328125)
2025-05-19 06:07:34 INFO  ren0 [octree.h:536] splitting threshold: 1.451e+02 (145.050339)
2025-05-19 06:07:34 INFO  ren0 [octree.h:551] node count: 817 -> 928 -> 821

2025-05-19 06:07:34 INFO  ren0 [octree.h:551] node count: 442 -> 449 -> 441

2025-05-19 06:07:34 INFO  ren0 [MIFocalGuidingPathTracer] ITERATION 5, until 60.0 seconds
2025-05-19 06:07:55 INFO  ren0 [MIFocalGuidingPathTracer]   113.60 seconds elapsed, passes this iteration: 1, total passes: 12
2025-05-19 06:07:55 INFO  ren0 [MIFocalGuidingPathTracer] Got 195743 non-zero samples
2025-05-19 06:07:55 INFO  ren0 [gaussian_mixture_model.h:808] Processing mega batch of size 195743
2025-05-19 06:07:55 INFO  ren0 [MIFocalGuidingPathTracer] GMM[
weight = 0.00136041 mean = [4.71183 1.17056 0.951346] covariance = [[0.976392 -0.138864 -0.145009][-0.138864 0.997681 0.202714][-0.145009 0.202714 1.09171]]
weight = 0.00984119 mean = [2.82528 1.42487 -0.675712] covariance = [[0.862053 -0.179976 0.232104][-0.179976 1.03181 0.12714][0.232104 0.12714 1.21804]]
weight = 0.0450422 mean = [4.51698 2.8835 -1.60652] covariance = [[1.95994 0.0898923 0.528556][0.0898923 1.93231 -0.0820009][0.528556 -0.0820009 1.05263]]
weight = 0.0810121 mean = [-6.9667 2.26314 0.670394] covariance = [[2.81739 -0.597078 0.155793][-0.597078 5.87237 -1.57432][0.155793 -1.57432 3.99698]]
weight = 0.137066 mean = [-3.27165 4.45974 -2.88747] covariance = [[2.94874 -1.47936 -0.0996018][-1.47936 0.80245 0.0357312][-0.0996018 0.0357312 0.0530742]]
weight = 0.0627928 mean = [5.37645 2.39556 5.18786] covariance = [[1.35335 0.120361 -0.568238][0.120361 2.51958 -0.0676405][-0.568238 -0.0676405 2.18272]]
weight = 0.425156 mean = [1.58954 1.68848 -2.93334] covariance = [[1.73214 -0.988074 0.0232855][-0.988074 0.593729 -0.00778557][0.0232855 -0.00778557 0.0301441]]
weight = 0.237729 mean = [1.25132 3.01582 0.459364] covariance = [[12.6109 -1.68823 0.982451][-1.68823 5.01587 -0.32829][0.982451 -0.32829 3.73029]]
]
2025-05-19 06:07:55 INFO  ren0 [octree.h:535] root weight: 1.425e+06 (1425198.750000)
2025-05-19 06:07:55 INFO  ren0 [octree.h:536] splitting threshold: 1.425e+03 (1425.198853)
2025-05-19 06:07:55 INFO  ren0 [octree.h:535] root weight: 1.494e+05 (149366.078125)
2025-05-19 06:07:55 INFO  ren0 [octree.h:536] splitting threshold: 1.494e+02 (149.366089)
2025-05-19 06:07:55 INFO  ren0 [octree.h:551] node count: 821 -> 932 -> 799

2025-05-19 06:07:55 INFO  ren0 [octree.h:551] node count: 441 -> 457 -> 450

2025-05-19 06:07:55 INFO  ren0 [MIFocalGuidingPathTracer] ITERATION 6, until 70.0 seconds
2025-05-19 06:08:13 INFO  ren0 [MIFocalGuidingPathTracer]   131.21 seconds elapsed, passes this iteration: 1, total passes: 13
2025-05-19 06:08:13 INFO  ren0 [MIFocalGuidingPathTracer] Got 379111 non-zero samples
2025-05-19 06:08:13 INFO  ren0 [gaussian_mixture_model.h:808] Processing mega batch of size 379111
2025-05-19 06:08:13 INFO  ren0 [MIFocalGuidingPathTracer] GMM[
weight = 0.0264233 mean = [2.78203 1.00728 -2.58513] covariance = [[0.332835 -0.122781 0.0663506][-0.122781 0.380781 -0.070269][0.0663506 -0.070269 0.385276]]
weight = 0.000261556 mean = [3.76311 1.21014 1.40076] covariance = [[1.19511 0.0102545 -0.158094][0.0102545 0.765365 0.144639][-0.158094 0.144639 0.998996]]
weight = 0.000158815 mean = [2.77571 1.40566 2.13524] covariance = [[0.339463 0.0795266 0.129054][0.0795266 0.644695 0.110724][0.129054 0.110724 0.386377]]
weight = 0.0264233 mean = [2.54905 1.3649 -1.8996] covariance = [[0.332835 -0.122781 0.0663506][-0.122781 0.380781 -0.070269][0.0663506 -0.070269 0.385276]]
weight = 0.000261556 mean = [5.12026 1.00661 0.564968] covariance = [[1.19511 0.0102545 -0.158094][0.0102545 0.765365 0.144639][-0.158094 0.144639 0.998996]]
weight = 0.0538469 mean = [-6.83675 3.96567 0.40723] covariance = [[4.444 -2.34678 1.21009][-2.34678 8.37312 -1.03537][1.21009 -1.03537 5.95728]]
weight = 0.0798177 mean = [-2.52401 4.09193 -2.94507] covariance = [[1.6057 -0.891872 0.0175463][-0.891872 0.546507 -0.0145039][0.0175463 -0.0145039 0.00866146]]
weight = 0.432324 mean = [1.80095 1.51031 -2.97686] covariance = [[1.32658 -0.78051 0.00329893][-0.78051 0.465566 -0.00199211][0.00329893 -0.00199211 0.00152412]]
weight = 0.380483 mean = [1.99658 3.5942 0.128462] covariance = [[9.9785 -3.17947 2.78291][-3.17947 5.8232 -1.38718][2.78291 -1.38718 5.43027]]
]
2025-05-19 06:08:13 INFO  ren0 [octree.h:535] root weight: 1.426e+06 (1425850.750000)
2025-05-19 06:08:13 INFO  ren0 [octree.h:536] splitting threshold: 1.426e+03 (1425.850830)
2025-05-19 06:08:13 INFO  ren0 [octree.h:535] root weight: 1.429e+05 (142914.390625)
2025-05-19 06:08:13 INFO  ren0 [octree.h:536] splitting threshold: 1.429e+02 (142.914398)
2025-05-19 06:08:13 INFO  ren0 [octree.h:551] node count: 799 -> 898 -> 781

2025-05-19 06:08:13 INFO  ren0 [octree.h:551] node count: 450 -> 458 -> 449

2025-05-19 06:08:13 INFO  ren0 [MIFocalGuidingPathTracer] ITERATION 7, until 80.0 seconds
2025-05-19 06:08:37 INFO  ren0 [MIFocalGuidingPathTracer]   155.63 seconds elapsed, passes this iteration: 1, total passes: 14
2025-05-19 06:08:37 INFO  ren0 [MIFocalGuidingPathTracer] Got 1095706 non-zero samples
2025-05-19 06:08:37 INFO  ren0 [gaussian_mixture_model.h:808] Processing mega batch of size 1095706
2025-05-19 06:08:38 INFO  ren0 [MIFocalGuidingPathTracer] GMM[
weight = 0.000217895 mean = [3.61267 0.970365 -1.81891] covariance = [[1.1901 0.0272784 0.101098][0.0272784 0.345708 -0.167149][0.101098 -0.167149 0.889866]]
weight = 0.0741057 mean = [-6.87003 4.31994 -1.83761] covariance = [[3.22507 -0.0920738 -0.128741][-0.0920738 2.81775 -0.760773][-0.128741 -0.760773 2.48353]]
weight = 0.268484 mean = [1.86601 2.84597 -1.16823] covariance = [[3.42269 -0.0508313 -0.317623][-0.0508313 3.00686 0.149999][-0.317623 0.149999 4.1496]]
weight = 0.000217895 mean = [5.10086 0.925892 -1.34299] covariance = [[1.1901 0.0272784 0.101098][0.0272784 0.345708 -0.167149][0.101098 -0.167149 0.889866]]
weight = 0.0741057 mean = [-4.34292 4.04323 -1.98884] covariance = [[3.22507 -0.0920738 -0.128741][-0.0920738 2.81775 -0.760773][-0.128741 -0.760773 2.48353]]
weight = 0.003293 mean = [2.39103 1.23124 2.28519] covariance = [[0.0878055 0.0228618 0.0931064][0.0228618 0.395681 0.0786273][0.0931064 0.0786273 0.212396]]
weight = 0.250175 mean = [2.55915 1.09782 -2.97235] covariance = [[0.0113843 0.000506783 -0.000230104][0.000506783 0.00946806 -0.000343115][-0.000230104 -0.000343115 0.00226698]]
weight = 0.0609167 mean = [0.288501 2.38667 -2.98456] covariance = [[3.58658 -2.08022 -0.00434447][-2.08022 1.21458 0.003218][-0.00434447 0.003218 6.68235e-05]]
weight = 0.268484 mean = [4.27452 2.8868 -0.271286] covariance = [[3.42269 -0.0508313 -0.317623][-0.0508313 3.00686 0.149999][-0.317623 0.149999 4.1496]]
]
2025-05-19 06:08:38 INFO  ren0 [octree.h:535] root weight: 1.311e+06 (1311026.250000)
2025-05-19 06:08:38 INFO  ren0 [octree.h:536] splitting threshold: 1.311e+03 (1311.026367)
2025-05-19 06:08:38 INFO  ren0 [octree.h:535] root weight: 1.311e+05 (131075.296875)
2025-05-19 06:08:38 INFO  ren0 [octree.h:536] splitting threshold: 1.311e+02 (131.075302)
2025-05-19 06:08:38 INFO  ren0 [octree.h:551] node count: 781 -> 871 -> 808

2025-05-19 06:08:38 INFO  ren0 [octree.h:551] node count: 449 -> 457 -> 444

2025-05-19 06:08:38 INFO  ren0 [MIFocalGuidingPathTracer] ITERATION 8, until 90.0 seconds
2025-05-19 06:09:01 INFO  ren0 [MIFocalGuidingPathTracer]   179.55 seconds elapsed, passes this iteration: 1, total passes: 15
2025-05-19 06:09:01 INFO  ren0 [MIFocalGuidingPathTracer] Got 1845062 non-zero samples
2025-05-19 06:09:01 INFO  ren0 [gaussian_mixture_model.h:808] Processing mega batch of size 1845062
2025-05-19 06:09:03 INFO  ren0 [MIFocalGuidingPathTracer] GMM[
weight = 0.0850513 mean = [2.2033 2.5158 -1.05383] covariance = [[2.01527 0.480527 0.107925][0.480527 2.33091 -0.0275069][0.107925 -0.0275069 1.70997]]
weight = 0.000495579 mean = [-6.33222 2.91865 -2.09587] covariance = [[2.41947 2.44206 -1.05254][2.44206 3.60757 -1.27023][-1.05254 -1.27023 1.25966]]
weight = 0.054505 mean = [-6.21445 2.95852 -0.943842] covariance = [[6.67039 1.11489 0.28243][1.11489 13.8818 -3.45248][0.28243 -3.45248 3.34873]]
weight = 0.000834369 mean = [-7.83955 2.63197 -2.0252] covariance = [[0.62676 0.234378 -0.127482][0.234378 1.08038 0.502814][-0.127482 0.502814 1.23918]]
weight = 0.265597 mean = [2.53859 1.0904 -2.98425] covariance = [[0.00317554 -0.000431845 3.57747e-05][-0.000431845 0.00443318 0.000262584][3.57747e-05 0.000262584 7.17262e-05]]
weight = 0.0850513 mean = [3.34138 1.74381 -2.18228] covariance = [[2.01527 0.480527 0.107925][0.480527 2.33091 -0.0275069][0.107925 -0.0275069 1.70997]]
weight = 0.508465 mean = [3.09476 3.11019 -0.329364] covariance = [[5.63319 0.784725 1.40724][0.784725 3.98487 0.671606][1.40724 0.671606 5.91273]]
]
2025-05-19 06:09:03 INFO  ren0 [octree.h:535] root weight: 1.593e+06 (1593396.000000)
2025-05-19 06:09:03 INFO  ren0 [octree.h:536] splitting threshold: 1.593e+03 (1593.396118)
2025-05-19 06:09:03 INFO  ren0 [octree.h:535] root weight: 2.002e+05 (200214.750000)
2025-05-19 06:09:03 INFO  ren0 [octree.h:536] splitting threshold: 2.002e+02 (200.214752)
2025-05-19 06:09:03 INFO  ren0 [octree.h:551] node count: 808 -> 923 -> 809

2025-05-19 06:09:03 INFO  ren0 [octree.h:551] node count: 444 -> 466 -> 457

2025-05-19 06:09:03 INFO  ren0 [MIFocalGuidingPathTracer] ITERATION 9, until 100.0 seconds
2025-05-19 06:09:25 INFO  ren0 [MIFocalGuidingPathTracer]   203.30 seconds elapsed, passes this iteration: 1, total passes: 16
2025-05-19 06:09:25 INFO  ren0 [pmm_focal_guiding_recursive.cpp:214] starting iterative narrowing
2025-05-19 06:09:25 INFO  ren0 [MIFocalGuidingPathTracer] Got 4758454 non-zero samples
2025-05-19 06:09:25 INFO  ren0 [gaussian_mixture_model.h:808] Processing mega batch of size 4758454
2025-05-19 06:09:29 INFO  ren0 [MIFocalGuidingPathTracer] GMM[
weight = 4.84133e-05 mean = [0.0966134 2.56885 -2.96718] covariance = [[1.00123e-05 -3.48009e-09 -1.98082e-08][-3.48009e-09 1.0279e-05 -2.95401e-07][-1.98082e-08 -2.95401e-07 1.03579e-05]]
weight = 0.0586234 mean = [-5.71656 2.63779 1.80966] covariance = [[9.91403 -1.65713 2.06439][-1.65713 2.66355 -0.454518][2.06439 -0.454518 1.81957]]
weight = 0.421134 mean = [3.17569 2.86985 0.167456] covariance = [[4.93159 0.123952 0.931465][0.123952 4.0386 0.81164][0.931465 0.81164 6.41746]]
weight = 0.0242387 mean = [0.103439 2.54476 -2.99457] covariance = [[7.97483e-05 -3.16493e-05 3.93011e-05][-3.16493e-05 7.88032e-05 -1.81879e-06][3.93011e-05 -1.81879e-06 4.58793e-05]]
weight = 0.00330437 mean = [-10.5422 3.39507 2.02061] covariance = [[8.07173 -0.161574 0.242772][-0.161574 5.92286 0.513571][0.242772 0.513571 3.39446]]
weight = 0.000207476 mean = [1.76904 3.67544 -3.04024] covariance = [[0.00890863 -0.00118473 0.00025269][-0.00118473 0.00518169 -0.000397739][0.00025269 -0.000397739 0.000221196]]
weight = 0.492443 mean = [2.37871 1.18112 -2.94431] covariance = [[0.50371 -0.268194 -0.0266141][-0.268194 0.172838 0.0154105][-0.0266141 0.0154105 0.0178037]]
]
2025-05-19 06:09:29 INFO  ren0 [octree.h:535] root weight: 1.409e+06 (1409413.750000)
2025-05-19 06:09:29 INFO  ren0 [octree.h:536] splitting threshold: 1.409e+03 (1409.413818)
2025-05-19 06:09:29 INFO  ren0 [octree.h:535] root weight: 1.811e+05 (181107.546875)
2025-05-19 06:09:29 INFO  ren0 [octree.h:536] splitting threshold: 1.811e+02 (181.107559)
2025-05-19 06:09:29 INFO  ren0 [octree.h:551] node count: 809 -> 914 -> 822

2025-05-19 06:09:29 INFO  ren0 [octree.h:551] node count: 457 -> 466 -> 453

2025-05-19 06:09:29 INFO  ren0 [MIFocalGuidingPathTracer] ITERATION 10, until 110.0 seconds
2025-05-19 06:09:48 INFO  ren0 [MIFocalGuidingPathTracer]   225.90 seconds elapsed, passes this iteration: 1, total passes: 17
2025-05-19 06:09:48 INFO  ren0 [MIFocalGuidingPathTracer] Got 1178948 non-zero samples
2025-05-19 06:09:48 INFO  ren0 [gaussian_mixture_model.h:808] Processing mega batch of size 1178948
2025-05-19 06:09:48 INFO  ren0 [MIFocalGuidingPathTracer] GMM[
weight = 0.0206916 mean = [-3.50869 4.72498 -2.90818] covariance = [[2.12933 -1.3379 -0.0341505][-1.3379 0.841913 0.0225179][-0.0341505 0.0225179 0.00160559]]
weight = 0.025838 mean = [-4.48179 5.35503 -2.87211] covariance = [[0.497257 -0.322638 -0.0160531][-0.322638 0.20947 0.0106171][-0.0160531 0.0106171 0.000845037]]
weight = 5.86466e-05 mean = [-4.30142 3.57748 0.431613] covariance = [[0.059401 0.00383092 -0.0359037][0.00383092 0.00543191 -0.00230955][-0.0359037 -0.00230955 0.0588716]]
weight = 0.0326756 mean = [1.7947 3.52648 -0.000675382] covariance = [[8.29483 -1.42916 0.0966845][-1.42916 2.63226 0.432562][0.0966845 0.432562 3.38691]]
weight = 0.0439045 mean = [0.19207 2.62972 -2.84576] covariance = [[0.257784 -0.0749539 -0.0133043][-0.0749539 0.0719322 -0.0112065][-0.0133043 -0.0112065 0.116545]]
weight = 0.876832 mean = [0.280015 2.46588 -2.9633] covariance = [[1.45107 -0.85587 -0.00793472][-0.85587 0.506705 0.0045781][-0.00793472 0.0045781 0.000193704]]
]
2025-05-19 06:09:49 INFO  ren0 [octree.h:535] root weight: 5.076e+06 (5075735.000000)
2025-05-19 06:09:49 INFO  ren0 [octree.h:536] splitting threshold: 5.076e+03 (5075.735352)
2025-05-19 06:09:49 INFO  ren0 [octree.h:535] root weight: 4.699e+04 (46988.796875)
2025-05-19 06:09:49 INFO  ren0 [octree.h:536] splitting threshold: 4.699e+01 (46.988800)
2025-05-19 06:09:49 INFO  ren0 [octree.h:551] node count: 822 -> 1108 -> 827

2025-05-19 06:09:49 INFO  ren0 [octree.h:551] node count: 453 -> 453 -> 424

2025-05-19 06:09:49 INFO  ren0 [MIFocalGuidingPathTracer] ITERATION 11, until 120.0 seconds
2025-05-19 06:10:02 INFO  ren0 [MIFocalGuidingPathTracer]   240.03 seconds elapsed, passes this iteration: 1, total passes: 18
2025-05-19 06:10:02 INFO  ren0 [MIFocalGuidingPathTracer] Got 4048679 non-zero samples
2025-05-19 06:10:02 INFO  ren0 [gaussian_mixture_model.h:808] Processing mega batch of size 4048679
2025-05-19 06:10:05 INFO  ren0 [MIFocalGuidingPathTracer] GMM[
weight = 0.100184 mean = [-4.8589 5.5317 -2.94322] covariance = [[3.19197e-05 -2.64506e-06 5.25107e-06][-2.64506e-06 2.14335e-05 -2.4905e-06][5.25107e-06 -2.4905e-06 2.72185e-05]]
weight = 0.545076 mean = [-4.8775 5.53719 -2.94716] covariance = [[0.000175792 -4.13083e-05 -2.58823e-06][-4.13083e-05 4.35373e-05 -2.27899e-06][-2.58823e-06 -2.27899e-06 4.96705e-05]]
weight = 0.100184 mean = [-4.85305 5.53 -2.93932] covariance = [[3.19197e-05 -2.64506e-06 5.25107e-06][-2.64506e-06 2.14335e-05 -2.4905e-06][5.25107e-06 -2.4905e-06 2.72185e-05]]
weight = 0.254555 mean = [0.474207 2.31252 -2.94931] covariance = [[2.40188 -1.43229 -0.0063626][-1.43229 0.860192 0.00438333][-0.0063626 0.00438333 0.00128237]]
]
2025-05-19 06:10:05 INFO  ren0 [octree.h:535] root weight: 9.550e+06 (9550423.000000)
2025-05-19 06:10:05 INFO  ren0 [octree.h:536] splitting threshold: 9.550e+03 (9550.423828)
2025-05-19 06:10:05 INFO  ren0 [octree.h:535] root weight: 1.142e+04 (11423.120117)
2025-05-19 06:10:05 INFO  ren0 [octree.h:536] splitting threshold: 1.142e+01 (11.423120)
2025-05-19 06:10:05 INFO  ren0 [octree.h:551] node count: 827 -> 1207 -> 989

2025-05-19 06:10:05 INFO  ren0 [octree.h:551] node count: 424 -> 424 -> 421

2025-05-19 06:10:05 INFO  ren0 [MIFocalGuidingPathTracer] ITERATION 12, until 130.0 seconds
2025-05-19 06:10:13 INFO  ren0 [MIFocalGuidingPathTracer]   251.25 seconds elapsed, passes this iteration: 1, total passes: 19
2025-05-19 06:10:13 INFO  ren0 [MIFocalGuidingPathTracer] Got 4718162 non-zero samples
2025-05-19 06:10:13 INFO  ren0 [gaussian_mixture_model.h:808] Processing mega batch of size 4718162
2025-05-19 06:10:17 INFO  ren0 [MIFocalGuidingPathTracer] GMM[
weight = 0.0494306 mean = [0.0886179 2.48947 -2.96255] covariance = [[0.000146984 -9.14319e-05 -9.26352e-05][-9.14319e-05 0.000122694 0.000124551][-9.26352e-05 0.000124551 0.000188749]]
weight = 0.00116297 mean = [2.57837 1.13888 -2.96175] covariance = [[0.000175185 7.12757e-06 3.59053e-05][7.12757e-06 2.1926e-05 4.59475e-06][3.59053e-05 4.59475e-06 3.39763e-05]]
weight = 0.0494306 mean = [0.0749317 2.50385 -2.94492] covariance = [[0.000146984 -9.14319e-05 -9.26352e-05][-9.14319e-05 0.000122694 0.000124551][-9.26352e-05 0.000124551 0.000188749]]
weight = 9.03571e-05 mean = [0.16488 2.52861 -2.97919] covariance = [[0.000206974 4.30233e-05 -0.000114154][4.30233e-05 4.64899e-05 -1.67593e-05][-0.000114154 -1.67593e-05 0.00022536]]
weight = 0.37358 mean = [0.0877366 2.50382 -2.95101] covariance = [[0.000575441 0.000128002 -7.46311e-05][0.000128002 0.000993877 0.000267363][-7.46311e-05 0.000267363 0.000489383]]
