2025-05-20 23:58:12 INFO  main [mitsuba.cpp:274] Mitsuba version 0.6.0 (Linux, 64 bit), Copyright (c) 2017 Wenzel Jakob
2025-05-20 23:58:12 INFO  main [mitsuba.cpp:377] Parsing scene description from "scene/dining-room/dining-room.xml" ..
2025-05-20 23:58:12 INFO  main [scenehandler.cpp:675] In file "/mitsuba/scene/dining-room/dining-room.xml" (near line 18): Parsing included file "pmm_focal_recursive.xml" ..
2025-05-20 23:58:12 INFO  main [PluginManager] Loading plugin "plugins/pmm_focal_recursive.so" ..
2025-05-20 23:58:12 INFO  main [octree.h:534] root weight: 8.000e-20 (0.000000)
2025-05-20 23:58:12 INFO  main [octree.h:535] splitting threshold: 8.000e-23 (0.000000)
2025-05-20 23:58:12 INFO  main [octree.h:550] node count: 1 -> 585 -> 585

2025-05-20 23:58:12 INFO  main [octree.h:534] root weight: 8.000e-20 (0.000000)
2025-05-20 23:58:12 INFO  main [octree.h:535] splitting threshold: 8.000e-23 (0.000000)
2025-05-20 23:58:12 INFO  main [octree.h:550] node count: 1 -> 585 -> 585

2025-05-20 23:58:12 INFO  main [MIFocalGuidingPathTracer] Final render will have 32 spp, m_budget will not be taken into account.
2025-05-20 23:58:12 INFO  main [MIFocalGuidingPathTracer] budget: 1800
2025-05-20 23:58:12 INFO  main [MIFocalGuidingPathTracer] dumpPrimaryRays: false
2025-05-20 23:58:12 INFO  main [MIFocalGuidingPathTracer] dumpScene: false
2025-05-20 23:58:12 INFO  main [MIFocalGuidingPathTracer] finalSpp: 32
2025-05-20 23:58:12 INFO  main [MIFocalGuidingPathTracer] gmm.alpha: 0.4
2025-05-20 23:58:12 INFO  main [MIFocalGuidingPathTracer] gmm.initMethod: KMeans
2025-05-20 23:58:12 INFO  main [MIFocalGuidingPathTracer] gmm.maxNumComp: 10
2025-05-20 23:58:12 INFO  main [MIFocalGuidingPathTracer] gmm.mergingThreshold: 0.65
2025-05-20 23:58:12 INFO  main [MIFocalGuidingPathTracer] gmm.minNumComp: 3
2025-05-20 23:58:12 INFO  main [MIFocalGuidingPathTracer] gmm.splittingThreshold: 1000
2025-05-20 23:58:12 INFO  main [MIFocalGuidingPathTracer] iterationBudget: 10
2025-05-20 23:58:12 INFO  main [MIFocalGuidingPathTracer] iterationCount: 15
2025-05-20 23:58:12 INFO  main [MIFocalGuidingPathTracer] maxDepth: 40
2025-05-20 23:58:12 INFO  main [MIFocalGuidingPathTracer] minSamplesToStartFitting: 10
2025-05-20 23:58:12 INFO  main [MIFocalGuidingPathTracer] normalBinning: disabled
2025-05-20 23:58:12 INFO  main [MIFocalGuidingPathTracer] renderMaxSeconds: 36000
2025-05-20 23:58:12 INFO  main [MIFocalGuidingPathTracer] rrDepth: 14
2025-05-20 23:58:12 INFO  main [MIFocalGuidingPathTracer] samplingMode: 2
2025-05-20 23:58:12 INFO  main [MIFocalGuidingPathTracer] shouldPretrain: false
2025-05-20 23:58:12 INFO  main [MIFocalGuidingPathTracer] strictNormals: true
2025-05-20 23:58:12 INFO  main [MIFocalGuidingPathTracer] trainingSamples: 4
2025-05-20 23:58:12 INFO  main [MIFocalGuidingPathTracer] tree.threshold: 0.001
2025-05-20 23:58:12 INFO  main [MIFocalGuidingPathTracer] unboundedSplatting: true
2025-05-20 23:58:12 INFO  main [PluginManager] Loading plugin "plugins/independent.so" ..
2025-05-20 23:58:12 INFO  main [PluginManager] Loading plugin "plugins/box.so" ..
2025-05-20 23:58:12 INFO  main [PluginManager] Loading plugin "plugins/hdrfilm.so" ..
2025-05-20 23:58:12 INFO  main [PluginManager] Loading plugin "plugins/perspective.so" ..
2025-05-20 23:58:12 INFO  main [PluginManager] Loading plugin "plugins/roughplastic.so" ..
2025-05-20 23:58:12 INFO  main [PluginManager] Loading plugin "plugins/twosided.so" ..
2025-05-20 23:58:12 INFO  main [PluginManager] Loading plugin "plugins/roughconductor.so" ..
2025-05-20 23:58:12 INFO  main [spectrum.cpp:599] "Cu.eta.spd": loaded a spectral power distribution with 55 entries (between 302.400421 and 885.601257 nm)
2025-05-20 23:58:12 INFO  main [spectrum.cpp:599] "Cu.k.spd": loaded a spectral power distribution with 55 entries (between 302.400421 and 885.601257 nm)
2025-05-20 23:58:12 INFO  main [PluginManager] Loading plugin "plugins/diffuse.so" ..
2025-05-20 23:58:12 INFO  main [PluginManager] Loading plugin "plugins/bitmap.so" ..
2025-05-20 23:58:12 INFO  main [BitmapTexture] Loading texture "picture3.jpg"
2025-05-20 23:58:12 INFO  main [PluginManager] Loading plugin "plugins/lanczos.so" ..
2025-05-20 23:58:12 INFO  main [MIPMap] Generating MIP map cache file "/mitsuba/scene/dining-room/textures/picture3.mip" ..
2025-05-20 23:58:12 INFO  main [BitmapTexture] Loading texture "Tiles.jpg"
2025-05-20 23:58:12 INFO  main [spectrum.cpp:599] "Cu.eta.spd": loaded a spectral power distribution with 55 entries (between 302.400421 and 885.601257 nm)
2025-05-20 23:58:12 INFO  main [spectrum.cpp:599] "Cu.k.spd": loaded a spectral power distribution with 55 entries (between 302.400421 and 885.601257 nm)
2025-05-20 23:58:12 INFO  main [PluginManager] Loading plugin "plugins/conductor.so" ..
2025-05-20 23:58:12 INFO  main [spectrum.cpp:599] "Ir.eta.spd": loaded a spectral power distribution with 28 entries (between 302.389984 and 885.570984 nm)
2025-05-20 23:58:12 INFO  main [spectrum.cpp:599] "Ir.k.spd": loaded a spectral power distribution with 28 entries (between 302.389984 and 885.570984 nm)
2025-05-20 23:58:12 INFO  main [spectrum.cpp:599] "Cu.eta.spd": loaded a spectral power distribution with 55 entries (between 302.400421 and 885.601257 nm)
2025-05-20 23:58:12 INFO  main [spectrum.cpp:599] "Cu.k.spd": loaded a spectral power distribution with 55 entries (between 302.400421 and 885.601257 nm)
2025-05-20 23:58:12 INFO  main [BitmapTexture] Loading texture "Teacup.png"
2025-05-20 23:58:12 INFO  main [spectrum.cpp:599] "Cu.eta.spd": loaded a spectral power distribution with 55 entries (between 302.400421 and 885.601257 nm)
2025-05-20 23:58:12 INFO  main [spectrum.cpp:599] "Cu.k.spd": loaded a spectral power distribution with 55 entries (between 302.400421 and 885.601257 nm)
2025-05-20 23:58:12 INFO  main [PluginManager] Loading plugin "plugins/area.so" ..
2025-05-20 23:58:12 INFO  main [PluginManager] Loading plugin "plugins/disk.so" ..
2025-05-20 23:58:12 INFO  main [PluginManager] Loading plugin "plugins/ply.so" ..
2025-05-20 23:58:12 INFO  main [PLYLoader] Loading geometry from "parabol1.ply" ..
2025-05-20 23:58:12 INFO  main [PLYLoader] "parabol1": Loaded 25856 triangles, 13057 vertices (456.0 KiB in 3 ms).
2025-05-20 23:58:12 INFO  main [PLYLoader] Loading geometry from "parabol2.ply" ..
2025-05-20 23:58:12 INFO  main [PLYLoader] "parabol2": Loaded 25856 triangles, 13057 vertices (456.0 KiB in 3 ms).
2025-05-20 23:58:12 INFO  main [PluginManager] Loading plugin "plugins/obj.so" ..
2025-05-20 23:58:12 INFO  main [WavefrontOBJ] Loading geometry from "Mesh013.obj" ..
2025-05-20 23:58:12 INFO  main [WavefrontOBJ] Mesh013: 1056 triangles, 577 vertices (merged 2591 vertices).
2025-05-20 23:58:12 INFO  main [WavefrontOBJ] Done with "Mesh013.obj" (took 2 ms)
2025-05-20 23:58:12 INFO  main [WavefrontOBJ] Loading geometry from "Mesh016.obj" ..
2025-05-20 23:58:12 INFO  main [WavefrontOBJ] Mesh016: 384 triangles, 768 vertices (merged 384 vertices).
2025-05-20 23:58:12 INFO  main [WavefrontOBJ] Done with "Mesh016.obj" (took 2 ms)
2025-05-20 23:58:12 INFO  main [WavefrontOBJ] Loading geometry from "Mesh015.obj" ..
2025-05-20 23:58:12 INFO  main [WavefrontOBJ] Mesh015: 3136 triangles, 1680 vertices (merged 7728 vertices).
2025-05-20 23:58:12 INFO  main [WavefrontOBJ] Done with "Mesh015.obj" (took 6 ms)
2025-05-20 23:58:12 INFO  main [WavefrontOBJ] Loading geometry from "Mesh023.obj" ..
2025-05-20 23:58:12 INFO  main [WavefrontOBJ] Mesh023: 1056 triangles, 577 vertices (merged 2591 vertices).
2025-05-20 23:58:12 INFO  main [WavefrontOBJ] Done with "Mesh023.obj" (took 2 ms)
2025-05-20 23:58:12 INFO  main [WavefrontOBJ] Loading geometry from "Mesh020.obj" ..
2025-05-20 23:58:12 INFO  main [WavefrontOBJ] Mesh020: 384 triangles, 768 vertices (merged 384 vertices).
2025-05-20 23:58:12 INFO  main [WavefrontOBJ] Done with "Mesh020.obj" (took 2 ms)
2025-05-20 23:58:12 INFO  main [WavefrontOBJ] Loading geometry from "Mesh017.obj" ..
2025-05-20 23:58:12 INFO  main [WavefrontOBJ] Mesh017: 3136 triangles, 1680 vertices (merged 7728 vertices).
2025-05-20 23:58:12 INFO  main [WavefrontOBJ] Done with "Mesh017.obj" (took 6 ms)
2025-05-20 23:58:12 INFO  main [WavefrontOBJ] Loading geometry from "Mesh024.obj" ..
2025-05-20 23:58:12 INFO  main [WavefrontOBJ] Mesh024: 34 triangles, 68 vertices (merged 34 vertices).
2025-05-20 23:58:12 INFO  main [WavefrontOBJ] Done with "Mesh024.obj" (took 0 ms)
2025-05-20 23:58:12 INFO  main [WavefrontOBJ] Loading geometry from "Mesh041.obj" ..
2025-05-20 23:58:12 INFO  main [WavefrontOBJ] Mesh041: 8 triangles, 16 vertices (merged 8 vertices).
2025-05-20 23:58:12 INFO  main [WavefrontOBJ] Done with "Mesh041.obj" (took 0 ms)
2025-05-20 23:58:12 INFO  main [WavefrontOBJ] Loading geometry from "Mesh011.obj" ..
2025-05-20 23:58:12 INFO  main [WavefrontOBJ] Mesh011: 8992 triangles, 4544 vertices (merged 22432 vertices).
2025-05-20 23:58:12 INFO  main [WavefrontOBJ] Done with "Mesh011.obj" (took 19 ms)
2025-05-20 23:58:12 INFO  main [WavefrontOBJ] Loading geometry from "Mesh026.obj" ..
2025-05-20 23:58:12 INFO  main [WavefrontOBJ] Mesh026: 7624 triangles, 4070 vertices (merged 18802 vertices).
2025-05-20 23:58:12 INFO  main [WavefrontOBJ] Done with "Mesh026.obj" (took 16 ms)
2025-05-20 23:58:12 INFO  main [WavefrontOBJ] Loading geometry from "Mesh018.obj" ..
2025-05-20 23:58:12 INFO  main [WavefrontOBJ] Mesh018: 2016 triangles, 1260 vertices (merged 4788 vertices).
2025-05-20 23:58:12 INFO  main [WavefrontOBJ] Done with "Mesh018.obj" (took 4 ms)
2025-05-20 23:58:12 INFO  main [WavefrontOBJ] Loading geometry from "Mesh007.obj" ..
2025-05-20 23:58:12 INFO  main [WavefrontOBJ] Mesh007: 4352 triangles, 2178 vertices (merged 10878 vertices).
2025-05-20 23:58:12 INFO  main [WavefrontOBJ] Done with "Mesh007.obj" (took 9 ms)
2025-05-20 23:58:12 INFO  main [WavefrontOBJ] Loading geometry from "Mesh005.obj" ..
2025-05-20 23:58:12 INFO  main [WavefrontOBJ] Mesh005: 160 triangles, 144 vertices (merged 336 vertices).
2025-05-20 23:58:12 INFO  main [WavefrontOBJ] Done with "Mesh005.obj" (took 0 ms)
2025-05-20 23:58:12 INFO  main [WavefrontOBJ] Loading geometry from "Mesh019.obj" ..
2025-05-20 23:58:12 INFO  main [WavefrontOBJ] Mesh019: 560 triangles, 400 vertices (merged 1280 vertices).
2025-05-20 23:58:12 INFO  main [WavefrontOBJ] Done with "Mesh019.obj" (took 1 ms)
2025-05-20 23:58:12 INFO  main [WavefrontOBJ] Loading geometry from "Mesh021.obj" ..
2025-05-20 23:58:12 INFO  main [WavefrontOBJ] Mesh021: 720 triangles, 482 vertices (merged 1678 vertices).
2025-05-20 23:58:12 INFO  main [WavefrontOBJ] Done with "Mesh021.obj" (took 1 ms)
2025-05-20 23:58:12 INFO  main [WavefrontOBJ] Loading geometry from "Mesh037.obj" ..
2025-05-20 23:58:12 INFO  main [WavefrontOBJ] Mesh037: 7624 triangles, 4070 vertices (merged 18802 vertices).
2025-05-20 23:58:12 INFO  main [WavefrontOBJ] Done with "Mesh037.obj" (took 16 ms)
2025-05-20 23:58:12 INFO  main [WavefrontOBJ] Loading geometry from "Mesh004.obj" ..
2025-05-20 23:58:12 INFO  main [WavefrontOBJ] Mesh004: 2016 triangles, 1260 vertices (merged 4788 vertices).
2025-05-20 23:58:12 INFO  main [WavefrontOBJ] Done with "Mesh004.obj" (took 4 ms)
2025-05-20 23:58:12 INFO  main [WavefrontOBJ] Loading geometry from "Mesh014.obj" ..
2025-05-20 23:58:12 INFO  main [WavefrontOBJ] Mesh014: 160 triangles, 144 vertices (merged 336 vertices).
2025-05-20 23:58:12 INFO  main [WavefrontOBJ] Done with "Mesh014.obj" (took 0 ms)
2025-05-20 23:58:12 INFO  main [WavefrontOBJ] Loading geometry from "Mesh012.obj" ..
2025-05-20 23:58:12 INFO  main [WavefrontOBJ] Mesh012: 560 triangles, 400 vertices (merged 1280 vertices).
2025-05-20 23:58:12 INFO  main [WavefrontOBJ] Done with "Mesh012.obj" (took 1 ms)
2025-05-20 23:58:12 INFO  main [WavefrontOBJ] Loading geometry from "Mesh028.obj" ..
2025-05-20 23:58:12 INFO  main [WavefrontOBJ] Mesh028: 720 triangles, 482 vertices (merged 1678 vertices).
2025-05-20 23:58:12 INFO  main [WavefrontOBJ] Done with "Mesh028.obj" (took 1 ms)
2025-05-20 23:58:12 INFO  main [WavefrontOBJ] Loading geometry from "Mesh025.obj" ..
2025-05-20 23:58:12 INFO  main [WavefrontOBJ] Mesh025: 4352 triangles, 2178 vertices (merged 10878 vertices).
2025-05-20 23:58:12 INFO  main [WavefrontOBJ] Done with "Mesh025.obj" (took 8 ms)
2025-05-20 23:58:12 INFO  main [WavefrontOBJ] Loading geometry from "Mesh008.obj" ..
2025-05-20 23:58:12 INFO  main [WavefrontOBJ] Mesh008: 6320 triangles, 3270 vertices (merged 15690 vertices).
2025-05-20 23:58:12 INFO  main [WavefrontOBJ] Done with "Mesh008.obj" (took 13 ms)
2025-05-20 23:58:12 INFO  main [WavefrontOBJ] Loading geometry from "Mesh032.obj" ..
2025-05-20 23:58:12 INFO  main [WavefrontOBJ] Mesh032: 13248 triangles, 6686 vertices (merged 33058 vertices).
2025-05-20 23:58:12 INFO  main [WavefrontOBJ] Done with "Mesh032.obj" (took 28 ms)
2025-05-20 23:58:12 INFO  main [WavefrontOBJ] Loading geometry from "Mesh035.obj" ..
2025-05-20 23:58:12 INFO  main [WavefrontOBJ] Mesh035: 14480 triangles, 7404 vertices (merged 36036 vertices).
2025-05-20 23:58:12 INFO  main [WavefrontOBJ] Done with "Mesh035.obj" (took 31 ms)
2025-05-20 23:58:12 INFO  main [WavefrontOBJ] Loading geometry from "Mesh042.obj" ..
2025-05-20 23:58:12 INFO  main [WavefrontOBJ] Mesh042: 2320 triangles, 1492 vertices (merged 5468 vertices).
2025-05-20 23:58:12 INFO  main [WavefrontOBJ] Done with "Mesh042.obj" (took 5 ms)
2025-05-20 23:58:12 INFO  main [WavefrontOBJ] Loading geometry from "Mesh010.obj" ..
2025-05-20 23:58:12 INFO  main [WavefrontOBJ] Mesh010: 13248 triangles, 6686 vertices (merged 33058 vertices).
2025-05-20 23:58:12 INFO  main [WavefrontOBJ] Done with "Mesh010.obj" (took 27 ms)
2025-05-20 23:58:12 INFO  main [WavefrontOBJ] Loading geometry from "Mesh036.obj" ..
2025-05-20 23:58:12 INFO  main [WavefrontOBJ] Mesh036: 14480 triangles, 7404 vertices (merged 36036 vertices).
2025-05-20 23:58:12 INFO  main [WavefrontOBJ] Done with "Mesh036.obj" (took 30 ms)
2025-05-20 23:58:12 INFO  main [WavefrontOBJ] Loading geometry from "Mesh027.obj" ..
2025-05-20 23:58:12 INFO  main [WavefrontOBJ] Mesh027: 2320 triangles, 1492 vertices (merged 5468 vertices).
2025-05-20 23:58:12 INFO  main [WavefrontOBJ] Done with "Mesh027.obj" (took 5 ms)
2025-05-20 23:58:12 INFO  main [WavefrontOBJ] Loading geometry from "Mesh043.obj" ..
2025-05-20 23:58:12 INFO  main [WavefrontOBJ] Mesh043: 13248 triangles, 6686 vertices (merged 33058 vertices).
2025-05-20 23:58:12 INFO  main [WavefrontOBJ] Done with "Mesh043.obj" (took 27 ms)
2025-05-20 23:58:12 INFO  main [WavefrontOBJ] Loading geometry from "Mesh044.obj" ..
2025-05-20 23:58:12 INFO  main [WavefrontOBJ] Mesh044: 14480 triangles, 7404 vertices (merged 36036 vertices).
2025-05-20 23:58:12 INFO  main [WavefrontOBJ] Done with "Mesh044.obj" (took 30 ms)
2025-05-20 23:58:12 INFO  main [WavefrontOBJ] Loading geometry from "Mesh031.obj" ..
2025-05-20 23:58:12 INFO  main [WavefrontOBJ] Mesh031: 2320 triangles, 1492 vertices (merged 5468 vertices).
2025-05-20 23:58:12 INFO  main [WavefrontOBJ] Done with "Mesh031.obj" (took 5 ms)
2025-05-20 23:58:12 INFO  main [WavefrontOBJ] Loading geometry from "Mesh022.obj" ..
2025-05-20 23:58:12 INFO  main [WavefrontOBJ] Mesh022: 13248 triangles, 6686 vertices (merged 33058 vertices).
2025-05-20 23:58:12 INFO  main [WavefrontOBJ] Done with "Mesh022.obj" (took 28 ms)
2025-05-20 23:58:12 INFO  main [WavefrontOBJ] Loading geometry from "Mesh038.obj" ..
2025-05-20 23:58:12 INFO  main [WavefrontOBJ] Mesh038: 14480 triangles, 7404 vertices (merged 36036 vertices).
2025-05-20 23:58:12 INFO  main [WavefrontOBJ] Done with "Mesh038.obj" (took 30 ms)
2025-05-20 23:58:12 INFO  main [WavefrontOBJ] Loading geometry from "Mesh030.obj" ..
2025-05-20 23:58:12 INFO  main [WavefrontOBJ] Mesh030: 2320 triangles, 1492 vertices (merged 5468 vertices).
2025-05-20 23:58:12 INFO  main [WavefrontOBJ] Done with "Mesh030.obj" (took 5 ms)
2025-05-20 23:58:12 INFO  main [WavefrontOBJ] Loading geometry from "Mesh046.obj" ..
2025-05-20 23:58:12 INFO  main [WavefrontOBJ] Mesh046: 13248 triangles, 6686 vertices (merged 33058 vertices).
2025-05-20 23:58:12 INFO  main [WavefrontOBJ] Done with "Mesh046.obj" (took 28 ms)
2025-05-20 23:58:12 INFO  main [WavefrontOBJ] Loading geometry from "Mesh047.obj" ..
2025-05-20 23:58:12 INFO  main [WavefrontOBJ] Mesh047: 14480 triangles, 7404 vertices (merged 36036 vertices).
2025-05-20 23:58:12 INFO  main [WavefrontOBJ] Done with "Mesh047.obj" (took 30 ms)
2025-05-20 23:58:12 INFO  main [WavefrontOBJ] Loading geometry from "Mesh034.obj" ..
2025-05-20 23:58:12 INFO  main [WavefrontOBJ] Mesh034: 2320 triangles, 1492 vertices (merged 5468 vertices).
2025-05-20 23:58:12 INFO  main [WavefrontOBJ] Done with "Mesh034.obj" (took 5 ms)
2025-05-20 23:58:12 INFO  main [WavefrontOBJ] Loading geometry from "Mesh033.obj" ..
2025-05-20 23:58:12 INFO  main [WavefrontOBJ] Mesh033: 44 triangles, 96 vertices (merged 36 vertices).
2025-05-20 23:58:12 INFO  main [WavefrontOBJ] Done with "Mesh033.obj" (took 0 ms)
2025-05-20 23:58:12 INFO  main [WavefrontOBJ] Loading geometry from "Mesh006.obj" ..
2025-05-20 23:58:12 INFO  main [WavefrontOBJ] Mesh006: 4 triangles, 6 vertices (merged 6 vertices).
2025-05-20 23:58:12 INFO  main [WavefrontOBJ] Done with "Mesh006.obj" (took 0 ms)
2025-05-20 23:58:12 INFO  main [WavefrontOBJ] Loading geometry from "Mesh048.obj" ..
2025-05-20 23:58:12 INFO  main [WavefrontOBJ] Mesh048: 30 triangles, 38 vertices (merged 52 vertices).
2025-05-20 23:58:12 INFO  main [WavefrontOBJ] Done with "Mesh048.obj" (took 0 ms)
2025-05-20 23:58:12 INFO  main [WavefrontOBJ] Loading geometry from "Mesh049.obj" ..
2025-05-20 23:58:12 INFO  main [WavefrontOBJ] Mesh049: 13248 triangles, 6686 vertices (merged 33058 vertices).
2025-05-20 23:58:12 INFO  main [WavefrontOBJ] Done with "Mesh049.obj" (took 28 ms)
2025-05-20 23:58:12 INFO  main [WavefrontOBJ] Loading geometry from "Mesh051.obj" ..
2025-05-20 23:58:12 INFO  main [WavefrontOBJ] Mesh051: 14480 triangles, 7404 vertices (merged 36036 vertices).
2025-05-20 23:58:12 INFO  main [WavefrontOBJ] Done with "Mesh051.obj" (took 31 ms)
2025-05-20 23:58:12 INFO  main [WavefrontOBJ] Loading geometry from "Mesh040.obj" ..
2025-05-20 23:58:12 INFO  main [WavefrontOBJ] Mesh040: 2320 triangles, 1492 vertices (merged 5468 vertices).
2025-05-20 23:58:12 INFO  main [WavefrontOBJ] Done with "Mesh040.obj" (took 5 ms)
2025-05-20 23:58:12 INFO  main [WavefrontOBJ] Loading geometry from "Mesh003.obj" ..
2025-05-20 23:58:13 INFO  main [WavefrontOBJ] Mesh003: 18176 triangles, 9150 vertices (merged 45378 vertices).
2025-05-20 23:58:13 INFO  main [WavefrontOBJ] Done with "Mesh003.obj" (took 38 ms)
2025-05-20 23:58:13 INFO  main [WavefrontOBJ] Loading geometry from "Mesh002.obj" ..
2025-05-20 23:58:13 INFO  main [WavefrontOBJ] Mesh002: 7624 triangles, 4070 vertices (merged 18802 vertices).
2025-05-20 23:58:13 INFO  main [WavefrontOBJ] Done with "Mesh002.obj" (took 16 ms)
2025-05-20 23:58:13 INFO  main [WavefrontOBJ] Loading geometry from "Mesh009.obj" ..
2025-05-20 23:58:13 INFO  main [WavefrontOBJ] Mesh009: 2016 triangles, 1260 vertices (merged 4788 vertices).
2025-05-20 23:58:13 INFO  main [WavefrontOBJ] Done with "Mesh009.obj" (took 4 ms)
2025-05-20 23:58:13 INFO  main [WavefrontOBJ] Loading geometry from "Mesh045.obj" ..
2025-05-20 23:58:13 INFO  main [WavefrontOBJ] Mesh045: 4352 triangles, 2178 vertices (merged 10878 vertices).
2025-05-20 23:58:13 INFO  main [WavefrontOBJ] Done with "Mesh045.obj" (took 8 ms)
2025-05-20 23:58:13 INFO  main [WavefrontOBJ] Loading geometry from "Mesh029.obj" ..
2025-05-20 23:58:13 INFO  main [WavefrontOBJ] Mesh029: 160 triangles, 144 vertices (merged 336 vertices).
2025-05-20 23:58:13 INFO  main [WavefrontOBJ] Done with "Mesh029.obj" (took 0 ms)
2025-05-20 23:58:13 INFO  main [WavefrontOBJ] Loading geometry from "Mesh039.obj" ..
2025-05-20 23:58:13 INFO  main [WavefrontOBJ] Mesh039: 560 triangles, 400 vertices (merged 1280 vertices).
2025-05-20 23:58:13 INFO  main [WavefrontOBJ] Done with "Mesh039.obj" (took 1 ms)
2025-05-20 23:58:13 INFO  main [WavefrontOBJ] Loading geometry from "Mesh050.obj" ..
2025-05-20 23:58:13 INFO  main [WavefrontOBJ] Mesh050: 720 triangles, 482 vertices (merged 1678 vertices).
2025-05-20 23:58:13 INFO  main [WavefrontOBJ] Done with "Mesh050.obj" (took 1 ms)
2025-05-20 23:58:13 INFO  main [WavefrontOBJ] Loading geometry from "Mesh001.obj" ..
2025-05-20 23:58:13 INFO  main [WavefrontOBJ] Mesh001: 170 triangles, 340 vertices (merged 170 vertices).
2025-05-20 23:58:13 INFO  main [WavefrontOBJ] Done with "Mesh001.obj" (took 1 ms)
2025-05-20 23:58:13 INFO  main [WavefrontOBJ] Loading geometry from "Mesh000.obj" ..
2025-05-20 23:58:13 INFO  main [WavefrontOBJ] Mesh000: 22 triangles, 44 vertices (merged 22 vertices).
2025-05-20 23:58:13 INFO  main [WavefrontOBJ] Done with "Mesh000.obj" (took 0 ms)
2025-05-20 23:58:13 INFO  main [PluginManager] Loading plugin "plugins/rectangle.so" ..
2025-05-20 23:58:13 INFO  ren0 [KDTreeBase] Constructing a SAH kd-tree (321251 primitives) ..
2025-05-20 23:58:13 INFO  ren0 [KDTreeBase] Finished -- took 639 ms.
2025-05-20 23:58:13 INFO  ren0 [octree.h:534] root weight: 8.000e-20 (0.000000)
2025-05-20 23:58:13 INFO  ren0 [octree.h:535] splitting threshold: 8.000e-23 (0.000000)
2025-05-20 23:58:13 INFO  ren0 [octree.h:550] node count: 1 -> 585 -> 585

2025-05-20 23:58:13 INFO  ren0 [octree.h:534] root weight: 4.096e-17 (0.000000)
2025-05-20 23:58:13 INFO  ren0 [octree.h:535] splitting threshold: 4.096e-20 (0.000000)
2025-05-20 23:58:13 INFO  ren0 [octree.h:550] node count: 585 -> 585 -> 585

2025-05-20 23:58:13 INFO  ren0 [octree.h:534] root weight: 8.000e-20 (0.000000)
2025-05-20 23:58:13 INFO  ren0 [octree.h:535] splitting threshold: 8.000e-23 (0.000000)
2025-05-20 23:58:13 INFO  ren0 [octree.h:550] node count: 1 -> 585 -> 585

2025-05-20 23:58:13 INFO  ren0 [octree.h:534] root weight: 8.000e-20 (0.000000)
2025-05-20 23:58:13 INFO  ren0 [octree.h:535] splitting threshold: 8.000e-23 (0.000000)
2025-05-20 23:58:13 INFO  ren0 [octree.h:550] node count: 1 -> 585 -> 585

2025-05-20 23:58:13 INFO  ren0 [octree.h:534] root weight: 4.096e-17 (0.000000)
2025-05-20 23:58:13 INFO  ren0 [octree.h:535] splitting threshold: 4.096e-20 (0.000000)
2025-05-20 23:58:13 INFO  ren0 [octree.h:550] node count: 585 -> 585 -> 585

2025-05-20 23:58:13 INFO  ren0 [octree.h:534] root weight: 8.000e-20 (0.000000)
2025-05-20 23:58:13 INFO  ren0 [octree.h:535] splitting threshold: 8.000e-23 (0.000000)
2025-05-20 23:58:13 INFO  ren0 [octree.h:550] node count: 1 -> 585 -> 585

2025-05-20 23:58:13 INFO  ren0 [MIFocalGuidingPathTracer] AABB3[min=[-6.3658, -1.5274, -4.73046], max=[5.27597, 8.04131, 10.0598]]
2025-05-20 23:58:13 INFO  ren0 [MIFocalGuidingPathTracer] Starting render job (1280x720, 12 cores, SSE2 enabled) ..
2025-05-20 23:58:13 INFO  ren0 [MIFocalGuidingPathTracer] ITERATION 0, until 10.0 seconds
2025-05-20 23:58:26 INFO  ren0 [MIFocalGuidingPathTracer]   12.50 seconds elapsed, passes this iteration: 5, total passes: 5
2025-05-20 23:58:26 INFO  ren0 [MIFocalGuidingPathTracer] Got 1645743 non-zero samples
2025-05-20 23:58:26 INFO  ren0 [gaussian_mixture_model.h:815] Processing mega batch of size 1645743
2025-05-20 23:58:26 INFO  ren0 [gaussian_mixture_model.h:554] KMeans
2025-05-20 23:58:26 INFO  ren0 [gaussian_mixture_model.h:215] Before splitting
2025-05-20 23:58:26 INFO  ren0 [gaussian_mixture_model.h:216] GMM[
weight = 0.00565359 mean = [0.648869 2.75152 2.42306] covariance = [[1.16302 -0.612433 0.0311449][-0.612433 5.70607 -6.25977][0.0311449 -6.25977 12.212]]
weight = 0.0248273 mean = [-3.42398 1.6459 5.93386] covariance = [[5.05164 -1.58998 3.71842][-1.58998 1.29105 -1.61114][3.71842 -1.61114 4.01723]]
weight = 0.0233869 mean = [-4.88313 4.04607 -0.509823] covariance = [[0.540597 0.606278 -0.267171][0.606278 4.77165 1.46067][-0.267171 1.46067 2.44425]]
weight = 0.016267 mean = [2.59582 4.89715 5.93898] covariance = [[3.51683 0.970713 -0.0536433][0.970713 0.456796 -0.037255][-0.0536433 -0.037255 0.24897]]
weight = 0.209217 mean = [0.381264 4.75373 -0.65416] covariance = [[0.00576392 -0.00077902 0.00116016][-0.00077902 0.00301188 -0.000933194][0.00116016 -0.000933194 0.00432561]]
weight = 0.0143493 mean = [-1.04947 1.76122 7.84806] covariance = [[1.47241 0.448539 -0.761677][0.448539 2.88702 -0.673201][-0.761677 -0.673201 1.4152]]
weight = 0.493009 mean = [0.37924 4.73353 -0.664964] covariance = [[0.0161898 0.0142757 0.00269646][0.0142757 0.0694327 0.0381724][0.00269646 0.0381724 0.0267677]]
weight = 0.199068 mean = [-0.0402434 4.5959 -0.884817] covariance = [[1.31554 0.261745 0.691276][0.261745 0.614924 0.242804][0.691276 0.242804 0.429373]]
weight = 2.48655e-05 mean = [3.26903 5.9626 7.3157] covariance = [[1.62906 0.380638 0.641425][0.380638 1.5806 1.08598][0.641425 1.08598 1.67938]]
weight = 0.0141969 mean = [-2.23488 1.03148 -1.66756] covariance = [[2.14887 -0.230869 -0.220943][-0.230869 0.48195 0.754119][-0.220943 0.754119 3.61595]]
]
2025-05-20 23:58:26 INFO  ren0 [gaussian_mixture_model.h:218] Before merging
2025-05-20 23:58:26 INFO  ren0 [gaussian_mixture_model.h:219] GMM[
weight = 0.00565359 mean = [0.648869 2.75152 2.42306] covariance = [[1.16302 -0.612433 0.0311449][-0.612433 5.70607 -6.25977][0.0311449 -6.25977 12.212]]
weight = 0.0248273 mean = [-3.42398 1.6459 5.93386] covariance = [[5.05164 -1.58998 3.71842][-1.58998 1.29105 -1.61114][3.71842 -1.61114 4.01723]]
weight = 0.0233869 mean = [-4.88313 4.04607 -0.509823] covariance = [[0.540597 0.606278 -0.267171][0.606278 4.77165 1.46067][-0.267171 1.46067 2.44425]]
weight = 0.016267 mean = [2.59582 4.89715 5.93898] covariance = [[3.51683 0.970713 -0.0536433][0.970713 0.456796 -0.037255][-0.0536433 -0.037255 0.24897]]
weight = 0.209217 mean = [0.381264 4.75373 -0.65416] covariance = [[0.00576392 -0.00077902 0.00116016][-0.00077902 0.00301188 -0.000933194][0.00116016 -0.000933194 0.00432561]]
weight = 0.0143493 mean = [-1.04947 1.76122 7.84806] covariance = [[1.47241 0.448539 -0.761677][0.448539 2.88702 -0.673201][-0.761677 -0.673201 1.4152]]
weight = 0.493009 mean = [0.37924 4.73353 -0.664964] covariance = [[0.0161898 0.0142757 0.00269646][0.0142757 0.0694327 0.0381724][0.00269646 0.0381724 0.0267677]]
weight = 0.199068 mean = [-0.0402434 4.5959 -0.884817] covariance = [[1.31554 0.261745 0.691276][0.261745 0.614924 0.242804][0.691276 0.242804 0.429373]]
weight = 2.48655e-05 mean = [3.26903 5.9626 7.3157] covariance = [[1.62906 0.380638 0.641425][0.380638 1.5806 1.08598][0.641425 1.08598 1.67938]]
weight = 0.0141969 mean = [-2.23488 1.03148 -1.66756] covariance = [[2.14887 -0.230869 -0.220943][-0.230869 0.48195 0.754119][-0.220943 0.754119 3.61595]]
]
2025-05-20 23:58:26 INFO  ren0 [gaussian_mixture_model.h:215] Before splitting
2025-05-20 23:58:26 INFO  ren0 [gaussian_mixture_model.h:216] GMM[
weight = 0.456434 mean = [-0.28536 6.57189 1.03115] covariance = [[0.0943691 -0.117793 0.104086][-0.117793 0.719352 -0.416456][0.104086 -0.416456 0.390602]]
weight = 0.0156702 mean = [-3.09659 1.27453 6.47111] covariance = [[3.84874 -1.3998 2.57174][-1.3998 1.38792 -1.59528][2.57174 -1.59528 3.69016]]
weight = 0.00876949 mean = [-4.85152 4.11019 -0.575279] covariance = [[0.865025 1.0482 -0.868387][1.0482 4.28646 0.108107][-0.868387 0.108107 3.86966]]
weight = 0.00397561 mean = [2.76967 4.94807 5.96205] covariance = [[3.69744 1.02471 -0.000312973][1.02471 0.464459 -0.018985][-0.000312973 -0.018985 0.257298]]
weight = 0.0239193 mean = [-1.32608 1.24645 7.67876] covariance = [[4.36784 1.54304 -2.94691][1.54304 4.52577 -1.83317][-2.94691 -1.83317 3.08786]]
weight = 0.406148 mean = [0.268561 5.05102 -0.402371] covariance = [[0.00904697 -0.00932468 -0.0102041][-0.00932468 0.056947 0.0418282][-0.0102041 0.0418282 0.0332888]]
weight = 0.0652655 mean = [0.0336818 4.77227 -0.711515] covariance = [[0.990718 0.206725 0.542304][0.206725 0.502143 0.236553][0.542304 0.236553 0.384355]]
weight = 1.62545e-05 mean = [3.40895 5.59406 7.55853] covariance = [[1.43872 -0.273706 0.119393][-0.273706 2.43225 0.515159][0.119393 0.515159 1.80691]]
weight = 0.0198008 mean = [-1.12196 -0.0618711 -1.64292] covariance = [[2.25018 -1.20213 0.163111][-1.20213 1.09567 -0.307218][0.163111 -0.307218 1.12434]]
]
2025-05-20 23:58:26 INFO  ren0 [gaussian_mixture_model.h:218] Before merging
2025-05-20 23:58:26 INFO  ren0 [gaussian_mixture_model.h:219] GMM[
weight = 0.228217 mean = [-0.201841 6.15934 1.31401] covariance = [[0.0804281 -0.0488813 0.0568378][-0.0488813 0.378965 -0.183067][0.0568378 -0.183067 0.230592]]
weight = 0.0156702 mean = [-3.09659 1.27453 6.47111] covariance = [[3.84874 -1.3998 2.57174][-1.3998 1.38792 -1.59528][2.57174 -1.59528 3.69016]]
weight = 0.00876949 mean = [-4.85152 4.11019 -0.575279] covariance = [[0.865025 1.0482 -0.868387][1.0482 4.28646 0.108107][-0.868387 0.108107 3.86966]]
weight = 0.00397561 mean = [2.76967 4.94807 5.96205] covariance = [[3.69744 1.02471 -0.000312973][1.02471 0.464459 -0.018985][-0.000312973 -0.018985 0.257298]]
weight = 0.228217 mean = [-0.36888 6.98444 0.748288] covariance = [[0.0804281 -0.0488813 0.0568378][-0.0488813 0.378965 -0.183067][0.0568378 -0.183067 0.230592]]
weight = 0.0239193 mean = [-1.32608 1.24645 7.67876] covariance = [[4.36784 1.54304 -2.94691][1.54304 4.52577 -1.83317][-2.94691 -1.83317 3.08786]]
weight = 0.406148 mean = [0.268561 5.05102 -0.402371] covariance = [[0.00904697 -0.00932468 -0.0102041][-0.00932468 0.056947 0.0418282][-0.0102041 0.0418282 0.0332888]]
weight = 0.0652655 mean = [0.0336818 4.77227 -0.711515] covariance = [[0.990718 0.206725 0.542304][0.206725 0.502143 0.236553][0.542304 0.236553 0.384355]]
weight = 1.62545e-05 mean = [3.40895 5.59406 7.55853] covariance = [[1.43872 -0.273706 0.119393][-0.273706 2.43225 0.515159][0.119393 0.515159 1.80691]]
weight = 0.0198008 mean = [-1.12196 -0.0618711 -1.64292] covariance = [[2.25018 -1.20213 0.163111][-1.20213 1.09567 -0.307218][0.163111 -0.307218 1.12434]]
]
2025-05-20 23:58:26 INFO  ren0 [gaussian_mixture_model.h:215] Before splitting
2025-05-20 23:58:26 INFO  ren0 [gaussian_mixture_model.h:216] GMM[
weight = 0.0344487 mean = [-0.285341 6.57173 1.0312] covariance = [[0.0944038 -0.117789 0.104089][-0.117789 0.719549 -0.416478][0.104089 -0.416478 0.390635]]
weight = 0.00520821 mean = [-4.53725 2.4977 -1.1102] covariance = [[1.75315 1.07862 -1.84702][1.07862 4.69533 -1.45722][-1.84702 -1.45722 5.82237]]
weight = 0.000311434 mean = [2.73128 4.93418 5.99182] covariance = [[3.74532 1.08132 -0.0916172][1.08132 0.507029 -0.0695833][-0.0916172 -0.0695833 0.324147]]
weight = 2.8075e-06 mean = [-0.51531 6.87484 0.581607] covariance = [[0.462133 -0.0959086 0.186321][-0.0959086 0.588659 -0.136224][0.186321 -0.136224 0.560362]]
weight = 0.0168077 mean = [-1.54023 1.92911 4.89151] covariance = [[10.0051 6.80084 -2.55805][6.80084 8.88537 -1.83406][-2.55805 -1.83406 8.92764]]
weight = 0.0306494 mean = [0.268562 5.05102 -0.402371] covariance = [[0.00904734 -0.00932506 -0.0102046][-0.00932506 0.0569473 0.0418292][-0.0102046 0.0418292 0.0332897]]
weight = 0.00654867 mean = [-0.659452 4.75309 -1.07084] covariance = [[2.41372 0.170699 1.25078][0.170699 0.403273 0.193245][1.25078 0.193245 0.722652]]
weight = 6.41145e-06 mean = [3.01752 5.93523 8.25581] covariance = [[1.85247 -0.0823969 -0.249897][-0.0823969 1.70789 -0.549604][-0.249897 -0.549604 3.60559]]
weight = 0.906017 mean = [2.01143 -0.110823 -4.26407] covariance = [[0.111081 -0.0194276 -0.0350858][-0.0194276 0.00566192 0.00373596][-0.0350858 0.00373596 0.019049]]
]
2025-05-20 23:58:26 INFO  ren0 [gaussian_mixture_model.h:218] Before merging
2025-05-20 23:58:26 INFO  ren0 [gaussian_mixture_model.h:219] GMM[
weight = 0.0344487 mean = [-0.285341 6.57173 1.0312] covariance = [[0.0944038 -0.117789 0.104089][-0.117789 0.719549 -0.416478][0.104089 -0.416478 0.390635]]
weight = 0.0026041 mean = [-5.01009 1.78116 -0.0317358] covariance = [[1.306 0.401002 -0.82713][0.401002 3.66848 0.0883067][-0.82713 0.0883067 3.49622]]
weight = 0.0026041 mean = [-4.0644 3.21423 -2.18866] covariance = [[1.306 0.401002 -0.82713][0.401002 3.66848 0.0883067][-0.82713 0.0883067 3.49622]]
weight = 0.000311434 mean = [2.73128 4.93418 5.99182] covariance = [[3.74532 1.08132 -0.0916172][1.08132 0.507029 -0.0695833][-0.0916172 -0.0695833 0.324147]]
weight = 2.8075e-06 mean = [-0.51531 6.87484 0.581607] covariance = [[0.462133 -0.0959086 0.186321][-0.0959086 0.588659 -0.136224][0.186321 -0.136224 0.560362]]
weight = 0.0168077 mean = [-1.54023 1.92911 4.89151] covariance = [[10.0051 6.80084 -2.55805][6.80084 8.88537 -1.83406][-2.55805 -1.83406 8.92764]]
weight = 0.0306494 mean = [0.268562 5.05102 -0.402371] covariance = [[0.00904734 -0.00932506 -0.0102046][-0.00932506 0.0569473 0.0418292][-0.0102046 0.0418292 0.0332897]]
weight = 0.00654867 mean = [-0.659452 4.75309 -1.07084] covariance = [[2.41372 0.170699 1.25078][0.170699 0.403273 0.193245][1.25078 0.193245 0.722652]]
weight = 6.41145e-06 mean = [3.01752 5.93523 8.25581] covariance = [[1.85247 -0.0823969 -0.249897][-0.0823969 1.70789 -0.549604][-0.249897 -0.549604 3.60559]]
weight = 0.906017 mean = [2.01143 -0.110823 -4.26407] covariance = [[0.111081 -0.0194276 -0.0350858][-0.0194276 0.00566192 0.00373596][-0.0350858 0.00373596 0.019049]]
]
2025-05-20 23:58:26 INFO  ren0 [gaussian_mixture_model.h:215] Before splitting
2025-05-20 23:58:26 INFO  ren0 [gaussian_mixture_model.h:216] GMM[
weight = 0.0114233 mean = [-4.86351 3.4644 0.447204] covariance = [[1.44609 -0.765648 -2.06391][-0.765648 4.08288 1.34397][-2.06391 1.34397 4.49159]]
weight = 0.0177777 mean = [-3.85257 3.68449 -1.67514] covariance = [[1.62074 -0.685237 -2.09225][-0.685237 4.52252 1.38637][-2.09225 1.38637 4.45783]]
weight = 0.000161312 mean = [2.71792 4.95777 5.94963] covariance = [[3.67466 1.02887 -0.0669265][1.02887 0.510483 -0.0987161][-0.0669265 -0.0987161 0.376265]]
weight = 1.22007e-05 mean = [-0.254303 6.04323 1.19835] covariance = [[0.380354 -0.364134 0.376844][-0.364134 1.35748 -0.911607][0.376844 -0.911607 1.13029]]
weight = 0.504801 mean = [1.25022 1.75283 -2.56471] covariance = [[1.42924 0.300355 -2.31372][0.300355 0.357135 -0.152767][-2.31372 -0.152767 5.71453]]
weight = 0.0151189 mean = [0.268568 5.05101 -0.402387] covariance = [[0.00904845 -0.00932876 -0.0102079][-0.00932876 0.0569597 0.04184][-0.0102079 0.04184 0.0332992]]
weight = 0.00334039 mean = [-0.675581 4.7297 -1.08415] covariance = [[2.47868 0.185305 1.2935][0.185305 0.424954 0.207438][1.2935 0.207438 0.755089]]
weight = 0.447365 mean = [2.01159 -0.110842 -4.26368] covariance = [[0.111011 -0.0194128 -0.0349954][-0.0194128 0.00565679 0.00372576][-0.0349954 0.00372576 0.0191796]]
]
2025-05-20 23:58:26 INFO  ren0 [gaussian_mixture_model.h:218] Before merging
2025-05-20 23:58:26 INFO  ren0 [gaussian_mixture_model.h:219] GMM[
weight = 0.00571167 mean = [-5.35679 4.1488 1.40484] covariance = [[0.959456 -0.0904405 -1.11915][-0.0904405 3.14607 0.0331417][-1.11915 0.0331417 2.65746]]
weight = 0.00571167 mean = [-4.37023 2.77999 -0.510433] covariance = [[0.959456 -0.0904405 -1.11915][-0.0904405 3.14607 0.0331417][-1.11915 0.0331417 2.65746]]
weight = 0.00888885 mean = [-4.33946 4.43781 -0.74531] covariance = [[1.14662 0.048337 -1.1868][0.048337 3.38753 -0.0145645][-1.1868 -0.0145645 2.72866]]
weight = 0.000161312 mean = [2.71792 4.95777 5.94963] covariance = [[3.67466 1.02887 -0.0669265][1.02887 0.510483 -0.0987161][-0.0669265 -0.0987161 0.376265]]
weight = 1.22007e-05 mean = [-0.254303 6.04323 1.19835] covariance = [[0.380354 -0.364134 0.376844][-0.364134 1.35748 -0.911607][0.376844 -0.911607 1.13029]]
weight = 0.504801 mean = [1.25022 1.75283 -2.56471] covariance = [[1.42924 0.300355 -2.31372][0.300355 0.357135 -0.152767][-2.31372 -0.152767 5.71453]]
weight = 0.0151189 mean = [0.268568 5.05101 -0.402387] covariance = [[0.00904845 -0.00932876 -0.0102079][-0.00932876 0.0569597 0.04184][-0.0102079 0.04184 0.0332992]]
weight = 0.00334039 mean = [-0.675581 4.7297 -1.08415] covariance = [[2.47868 0.185305 1.2935][0.185305 0.424954 0.207438][1.2935 0.207438 0.755089]]
weight = 0.00888885 mean = [-3.36568 2.93116 -2.60497] covariance = [[1.14662 0.048337 -1.1868][0.048337 3.38753 -0.0145645][-1.1868 -0.0145645 2.72866]]
weight = 0.447365 mean = [2.01159 -0.110842 -4.26368] covariance = [[0.111011 -0.0194128 -0.0349954][-0.0194128 0.00565679 0.00372576][-0.0349954 0.00372576 0.0191796]]
]
2025-05-20 23:58:26 INFO  ren0 [gaussian_mixture_model.h:215] Before splitting
2025-05-20 23:58:26 INFO  ren0 [gaussian_mixture_model.h:216] GMM[
weight = 0.00746797 mean = [-4.93871 0.648013 3.48043] covariance = [[0.234514 -0.199993 -0.480097][-0.199993 1.7841 0.128407][-0.480097 0.128407 4.49603]]
weight = 0.01516 mean = [-4.65508 1.4994 0.700369] covariance = [[0.773389 -0.397399 -0.904984][-0.397399 4.50231 -1.44][-0.904984 -1.44 5.28883]]
weight = 0.0148383 mean = [-4.22715 3.42637 -1.5688] covariance = [[1.51188 0.190517 -1.36755][0.190517 5.94664 -0.739763][-1.36755 -0.739763 4.24446]]
weight = 0.00455711 mean = [1.47477 5.57616 5.19647] covariance = [[0.812181 -0.419794 0.813853][-0.419794 0.695406 -1.05942][0.813853 -1.05942 2.0164]]
weight = 0.000617031 mean = [0.943125 0.618849 5.25396] covariance = [[1.95653 -0.946289 0.734945][-0.946289 7.6518 -5.25912][0.734945 -5.25912 4.8109]]
weight = 0.75155 mean = [1.4206 1.31002 -3.01151] covariance = [[0.969254 0.159702 -1.92442][0.159702 0.215229 -0.185624][-1.92442 -0.185624 4.95968]]
weight = 0.00349203 mean = [-0.153013 4.58185 -1.13963] covariance = [[1.29396 0.0599333 0.570199][0.0599333 0.221752 0.12373][0.570199 0.12373 0.365345]]
weight = 0.0113315 mean = [-4.1983 2.23068 -2.34122] covariance = [[1.53126 0.695569 -0.763677][0.695569 2.70773 -1.08985][-0.763677 -1.08985 1.99244]]
weight = 0.190986 mean = [2.0116 -0.11084 -4.26369] covariance = [[0.111015 -0.0194127 -0.0349986][-0.0194127 0.00565697 0.00372518][-0.0349986 0.00372518 0.0191837]]
]
2025-05-20 23:58:26 INFO  ren0 [gaussian_mixture_model.h:218] Before merging
2025-05-20 23:58:26 INFO  ren0 [gaussian_mixture_model.h:219] GMM[
weight = 0.00373399 mean = [-5.05899 0.705719 4.53948] covariance = [[0.205588 -0.186111 -0.225325][-0.186111 1.77745 0.00617934][-0.225325 0.00617934 2.25286]]
weight = 0.01516 mean = [-4.65508 1.4994 0.700369] covariance = [[0.773389 -0.397399 -0.904984][-0.397399 4.50231 -1.44][-0.904984 -1.44 5.28883]]
weight = 0.0148383 mean = [-4.22715 3.42637 -1.5688] covariance = [[1.51188 0.190517 -1.36755][0.190517 5.94664 -0.739763][-1.36755 -0.739763 4.24446]]
weight = 0.00455711 mean = [1.47477 5.57616 5.19647] covariance = [[0.812181 -0.419794 0.813853][-0.419794 0.695406 -1.05942][0.813853 -1.05942 2.0164]]
weight = 0.000617031 mean = [0.943125 0.618849 5.25396] covariance = [[1.95653 -0.946289 0.734945][-0.946289 7.6518 -5.25912][0.734945 -5.25912 4.8109]]
weight = 0.75155 mean = [1.4206 1.31002 -3.01151] covariance = [[0.969254 0.159702 -1.92442][0.159702 0.215229 -0.185624][-1.92442 -0.185624 4.95968]]
weight = 0.00373399 mean = [-4.81842 0.590307 2.42138] covariance = [[0.205588 -0.186111 -0.225325][-0.186111 1.77745 0.00617934][-0.225325 0.00617934 2.25286]]
weight = 0.00349203 mean = [-0.153013 4.58185 -1.13963] covariance = [[1.29396 0.0599333 0.570199][0.0599333 0.221752 0.12373][0.570199 0.12373 0.365345]]
weight = 0.0113315 mean = [-4.1983 2.23068 -2.34122] covariance = [[1.53126 0.695569 -0.763677][0.695569 2.70773 -1.08985][-0.763677 -1.08985 1.99244]]
weight = 0.190986 mean = [2.0116 -0.11084 -4.26369] covariance = [[0.111015 -0.0194127 -0.0349986][-0.0194127 0.00565697 0.00372518][-0.0349986 0.00372518 0.0191837]]
]
2025-05-20 23:58:26 INFO  ren0 [gaussian_mixture_model.h:215] Before splitting
2025-05-20 23:58:26 INFO  ren0 [gaussian_mixture_model.h:216] GMM[
weight = 0.0185895 mean = [-5.40098 1.20908 4.08478] covariance = [[0.208488 -0.137669 -0.300289][-0.137669 2.70121 0.373849][-0.300289 0.373849 2.20256]]
