2025-05-18 21:39:29 INFO  main [mitsuba.cpp:274] Mitsuba version 0.6.0 (Linux, 64 bit), Copyright (c) 2017 Wenzel Jakob
2025-05-18 21:39:29 INFO  main [mitsuba.cpp:377] Parsing scene description from "scene/dining-room/dining-room.xml" ..
2025-05-18 21:39:29 INFO  main [scenehandler.cpp:675] In file "/mitsuba/scene/dining-room/dining-room.xml" (near line 18): Parsing included file "pmm_focal_recursive.xml" ..
2025-05-18 21:39:29 INFO  main [PluginManager] Loading plugin "plugins/pmm_focal_recursive.so" ..
2025-05-18 21:39:29 INFO  main [octree.h:535] root weight: 8.000e-20 (0.000000)
2025-05-18 21:39:29 INFO  main [octree.h:536] splitting threshold: 8.000e-23 (0.000000)
2025-05-18 21:39:29 INFO  main [octree.h:551] node count: 1 -> 585 -> 585

2025-05-18 21:39:29 INFO  main [octree.h:535] root weight: 8.000e-20 (0.000000)
2025-05-18 21:39:29 INFO  main [octree.h:536] splitting threshold: 8.000e-23 (0.000000)
2025-05-18 21:39:29 INFO  main [octree.h:551] node count: 1 -> 585 -> 585

2025-05-18 21:39:29 INFO  main [MIFocalGuidingPathTracer] budget: 600
2025-05-18 21:39:29 INFO  main [MIFocalGuidingPathTracer] dumpPrimaryRays: false
2025-05-18 21:39:29 INFO  main [MIFocalGuidingPathTracer] dumpScene: false
2025-05-18 21:39:29 INFO  main [MIFocalGuidingPathTracer] gmm.alpha: 0.4
2025-05-18 21:39:29 INFO  main [MIFocalGuidingPathTracer] gmm.initMethod: KMeans
2025-05-18 21:39:29 INFO  main [MIFocalGuidingPathTracer] gmm.maxNumComp: 10
2025-05-18 21:39:29 INFO  main [MIFocalGuidingPathTracer] gmm.mergingThreshold: 0.65
2025-05-18 21:39:29 INFO  main [MIFocalGuidingPathTracer] gmm.minNumComp: 3
2025-05-18 21:39:29 INFO  main [MIFocalGuidingPathTracer] gmm.splittingThreshold: 100
2025-05-18 21:39:29 INFO  main [MIFocalGuidingPathTracer] iterationBudget: 10
2025-05-18 21:39:29 INFO  main [MIFocalGuidingPathTracer] iterationCount: 15
2025-05-18 21:39:29 INFO  main [MIFocalGuidingPathTracer] maxDepth: 40
2025-05-18 21:39:29 INFO  main [MIFocalGuidingPathTracer] minSamplesToStartFitting: 128
2025-05-18 21:39:29 INFO  main [MIFocalGuidingPathTracer] normalBinning: disabled
2025-05-18 21:39:29 INFO  main [MIFocalGuidingPathTracer] renderMaxSeconds: 36000
2025-05-18 21:39:29 INFO  main [MIFocalGuidingPathTracer] rrDepth: 14
2025-05-18 21:39:29 INFO  main [MIFocalGuidingPathTracer] samplingMode: 2
2025-05-18 21:39:29 INFO  main [MIFocalGuidingPathTracer] strictNormals: true
2025-05-18 21:39:29 INFO  main [MIFocalGuidingPathTracer] trainingSamples: 4
2025-05-18 21:39:29 INFO  main [MIFocalGuidingPathTracer] tree.threshold: 0.001
2025-05-18 21:39:29 INFO  main [MIFocalGuidingPathTracer] unboundedSplatting: true
2025-05-18 21:39:29 INFO  main [PluginManager] Loading plugin "plugins/independent.so" ..
2025-05-18 21:39:29 INFO  main [PluginManager] Loading plugin "plugins/box.so" ..
2025-05-18 21:39:29 INFO  main [PluginManager] Loading plugin "plugins/hdrfilm.so" ..
2025-05-18 21:39:29 INFO  main [PluginManager] Loading plugin "plugins/perspective.so" ..
2025-05-18 21:39:29 INFO  main [PluginManager] Loading plugin "plugins/roughplastic.so" ..
2025-05-18 21:39:29 INFO  main [PluginManager] Loading plugin "plugins/twosided.so" ..
2025-05-18 21:39:29 INFO  main [PluginManager] Loading plugin "plugins/roughconductor.so" ..
2025-05-18 21:39:29 INFO  main [spectrum.cpp:599] "Cu.eta.spd": loaded a spectral power distribution with 55 entries (between 302.400421 and 885.601257 nm)
2025-05-18 21:39:29 INFO  main [spectrum.cpp:599] "Cu.k.spd": loaded a spectral power distribution with 55 entries (between 302.400421 and 885.601257 nm)
2025-05-18 21:39:29 INFO  main [PluginManager] Loading plugin "plugins/diffuse.so" ..
2025-05-18 21:39:29 INFO  main [PluginManager] Loading plugin "plugins/bitmap.so" ..
2025-05-18 21:39:29 INFO  main [BitmapTexture] Loading texture "picture3.jpg"
2025-05-18 21:39:29 INFO  main [PluginManager] Loading plugin "plugins/lanczos.so" ..
2025-05-18 21:39:29 INFO  main [MIPMap] Generating MIP map cache file "/mitsuba/scene/dining-room/textures/picture3.mip" ..
2025-05-18 21:39:29 INFO  main [BitmapTexture] Loading texture "Tiles.jpg"
2025-05-18 21:39:29 INFO  main [spectrum.cpp:599] "Cu.eta.spd": loaded a spectral power distribution with 55 entries (between 302.400421 and 885.601257 nm)
2025-05-18 21:39:29 INFO  main [spectrum.cpp:599] "Cu.k.spd": loaded a spectral power distribution with 55 entries (between 302.400421 and 885.601257 nm)
2025-05-18 21:39:29 INFO  main [PluginManager] Loading plugin "plugins/conductor.so" ..
2025-05-18 21:39:29 INFO  main [spectrum.cpp:599] "Ir.eta.spd": loaded a spectral power distribution with 28 entries (between 302.389984 and 885.570984 nm)
2025-05-18 21:39:29 INFO  main [spectrum.cpp:599] "Ir.k.spd": loaded a spectral power distribution with 28 entries (between 302.389984 and 885.570984 nm)
2025-05-18 21:39:29 INFO  main [spectrum.cpp:599] "Cu.eta.spd": loaded a spectral power distribution with 55 entries (between 302.400421 and 885.601257 nm)
2025-05-18 21:39:29 INFO  main [spectrum.cpp:599] "Cu.k.spd": loaded a spectral power distribution with 55 entries (between 302.400421 and 885.601257 nm)
2025-05-18 21:39:29 INFO  main [BitmapTexture] Loading texture "Teacup.png"
2025-05-18 21:39:29 INFO  main [spectrum.cpp:599] "Cu.eta.spd": loaded a spectral power distribution with 55 entries (between 302.400421 and 885.601257 nm)
2025-05-18 21:39:29 INFO  main [spectrum.cpp:599] "Cu.k.spd": loaded a spectral power distribution with 55 entries (between 302.400421 and 885.601257 nm)
2025-05-18 21:39:29 INFO  main [PluginManager] Loading plugin "plugins/area.so" ..
2025-05-18 21:39:29 INFO  main [PluginManager] Loading plugin "plugins/disk.so" ..
2025-05-18 21:39:29 INFO  main [PluginManager] Loading plugin "plugins/ply.so" ..
2025-05-18 21:39:29 INFO  main [PLYLoader] Loading geometry from "parabol1.ply" ..
2025-05-18 21:39:29 INFO  main [PLYLoader] "parabol1": Loaded 25856 triangles, 13057 vertices (456.0 KiB in 3 ms).
2025-05-18 21:39:29 INFO  main [PLYLoader] Loading geometry from "parabol2.ply" ..
2025-05-18 21:39:29 INFO  main [PLYLoader] "parabol2": Loaded 25856 triangles, 13057 vertices (456.0 KiB in 2 ms).
2025-05-18 21:39:29 INFO  main [PluginManager] Loading plugin "plugins/obj.so" ..
2025-05-18 21:39:29 INFO  main [WavefrontOBJ] Loading geometry from "Mesh013.obj" ..
2025-05-18 21:39:29 INFO  main [WavefrontOBJ] Mesh013: 1056 triangles, 577 vertices (merged 2591 vertices).
2025-05-18 21:39:29 INFO  main [WavefrontOBJ] Done with "Mesh013.obj" (took 2 ms)
2025-05-18 21:39:29 INFO  main [WavefrontOBJ] Loading geometry from "Mesh016.obj" ..
2025-05-18 21:39:29 INFO  main [WavefrontOBJ] Mesh016: 384 triangles, 768 vertices (merged 384 vertices).
2025-05-18 21:39:29 INFO  main [WavefrontOBJ] Done with "Mesh016.obj" (took 1 ms)
2025-05-18 21:39:29 INFO  main [WavefrontOBJ] Loading geometry from "Mesh015.obj" ..
2025-05-18 21:39:29 INFO  main [WavefrontOBJ] Mesh015: 3136 triangles, 1680 vertices (merged 7728 vertices).
2025-05-18 21:39:29 INFO  main [WavefrontOBJ] Done with "Mesh015.obj" (took 6 ms)
2025-05-18 21:39:29 INFO  main [WavefrontOBJ] Loading geometry from "Mesh023.obj" ..
2025-05-18 21:39:29 INFO  main [WavefrontOBJ] Mesh023: 1056 triangles, 577 vertices (merged 2591 vertices).
2025-05-18 21:39:29 INFO  main [WavefrontOBJ] Done with "Mesh023.obj" (took 2 ms)
2025-05-18 21:39:29 INFO  main [WavefrontOBJ] Loading geometry from "Mesh020.obj" ..
2025-05-18 21:39:29 INFO  main [WavefrontOBJ] Mesh020: 384 triangles, 768 vertices (merged 384 vertices).
2025-05-18 21:39:29 INFO  main [WavefrontOBJ] Done with "Mesh020.obj" (took 2 ms)
2025-05-18 21:39:29 INFO  main [WavefrontOBJ] Loading geometry from "Mesh017.obj" ..
2025-05-18 21:39:29 INFO  main [WavefrontOBJ] Mesh017: 3136 triangles, 1680 vertices (merged 7728 vertices).
2025-05-18 21:39:29 INFO  main [WavefrontOBJ] Done with "Mesh017.obj" (took 6 ms)
2025-05-18 21:39:29 INFO  main [WavefrontOBJ] Loading geometry from "Mesh024.obj" ..
2025-05-18 21:39:29 INFO  main [WavefrontOBJ] Mesh024: 34 triangles, 68 vertices (merged 34 vertices).
2025-05-18 21:39:29 INFO  main [WavefrontOBJ] Done with "Mesh024.obj" (took 0 ms)
2025-05-18 21:39:29 INFO  main [WavefrontOBJ] Loading geometry from "Mesh041.obj" ..
2025-05-18 21:39:29 INFO  main [WavefrontOBJ] Mesh041: 8 triangles, 16 vertices (merged 8 vertices).
2025-05-18 21:39:29 INFO  main [WavefrontOBJ] Done with "Mesh041.obj" (took 0 ms)
2025-05-18 21:39:29 INFO  main [WavefrontOBJ] Loading geometry from "Mesh011.obj" ..
2025-05-18 21:39:29 INFO  main [WavefrontOBJ] Mesh011: 8992 triangles, 4544 vertices (merged 22432 vertices).
2025-05-18 21:39:29 INFO  main [WavefrontOBJ] Done with "Mesh011.obj" (took 19 ms)
2025-05-18 21:39:29 INFO  main [WavefrontOBJ] Loading geometry from "Mesh026.obj" ..
2025-05-18 21:39:29 INFO  main [WavefrontOBJ] Mesh026: 7624 triangles, 4070 vertices (merged 18802 vertices).
2025-05-18 21:39:29 INFO  main [WavefrontOBJ] Done with "Mesh026.obj" (took 16 ms)
2025-05-18 21:39:29 INFO  main [WavefrontOBJ] Loading geometry from "Mesh018.obj" ..
2025-05-18 21:39:29 INFO  main [WavefrontOBJ] Mesh018: 2016 triangles, 1260 vertices (merged 4788 vertices).
2025-05-18 21:39:29 INFO  main [WavefrontOBJ] Done with "Mesh018.obj" (took 4 ms)
2025-05-18 21:39:29 INFO  main [WavefrontOBJ] Loading geometry from "Mesh007.obj" ..
2025-05-18 21:39:29 INFO  main [WavefrontOBJ] Mesh007: 4352 triangles, 2178 vertices (merged 10878 vertices).
2025-05-18 21:39:29 INFO  main [WavefrontOBJ] Done with "Mesh007.obj" (took 9 ms)
2025-05-18 21:39:29 INFO  main [WavefrontOBJ] Loading geometry from "Mesh005.obj" ..
2025-05-18 21:39:29 INFO  main [WavefrontOBJ] Mesh005: 160 triangles, 144 vertices (merged 336 vertices).
2025-05-18 21:39:29 INFO  main [WavefrontOBJ] Done with "Mesh005.obj" (took 0 ms)
2025-05-18 21:39:29 INFO  main [WavefrontOBJ] Loading geometry from "Mesh019.obj" ..
2025-05-18 21:39:29 INFO  main [WavefrontOBJ] Mesh019: 560 triangles, 400 vertices (merged 1280 vertices).
2025-05-18 21:39:29 INFO  main [WavefrontOBJ] Done with "Mesh019.obj" (took 1 ms)
2025-05-18 21:39:29 INFO  main [WavefrontOBJ] Loading geometry from "Mesh021.obj" ..
2025-05-18 21:39:29 INFO  main [WavefrontOBJ] Mesh021: 720 triangles, 482 vertices (merged 1678 vertices).
2025-05-18 21:39:29 INFO  main [WavefrontOBJ] Done with "Mesh021.obj" (took 1 ms)
2025-05-18 21:39:29 INFO  main [WavefrontOBJ] Loading geometry from "Mesh037.obj" ..
2025-05-18 21:39:29 INFO  main [WavefrontOBJ] Mesh037: 7624 triangles, 4070 vertices (merged 18802 vertices).
2025-05-18 21:39:29 INFO  main [WavefrontOBJ] Done with "Mesh037.obj" (took 16 ms)
2025-05-18 21:39:29 INFO  main [WavefrontOBJ] Loading geometry from "Mesh004.obj" ..
2025-05-18 21:39:29 INFO  main [WavefrontOBJ] Mesh004: 2016 triangles, 1260 vertices (merged 4788 vertices).
2025-05-18 21:39:29 INFO  main [WavefrontOBJ] Done with "Mesh004.obj" (took 4 ms)
2025-05-18 21:39:29 INFO  main [WavefrontOBJ] Loading geometry from "Mesh014.obj" ..
2025-05-18 21:39:29 INFO  main [WavefrontOBJ] Mesh014: 160 triangles, 144 vertices (merged 336 vertices).
2025-05-18 21:39:29 INFO  main [WavefrontOBJ] Done with "Mesh014.obj" (took 0 ms)
2025-05-18 21:39:29 INFO  main [WavefrontOBJ] Loading geometry from "Mesh012.obj" ..
2025-05-18 21:39:29 INFO  main [WavefrontOBJ] Mesh012: 560 triangles, 400 vertices (merged 1280 vertices).
2025-05-18 21:39:29 INFO  main [WavefrontOBJ] Done with "Mesh012.obj" (took 1 ms)
2025-05-18 21:39:29 INFO  main [WavefrontOBJ] Loading geometry from "Mesh028.obj" ..
2025-05-18 21:39:29 INFO  main [WavefrontOBJ] Mesh028: 720 triangles, 482 vertices (merged 1678 vertices).
2025-05-18 21:39:29 INFO  main [WavefrontOBJ] Done with "Mesh028.obj" (took 1 ms)
2025-05-18 21:39:29 INFO  main [WavefrontOBJ] Loading geometry from "Mesh025.obj" ..
2025-05-18 21:39:29 INFO  main [WavefrontOBJ] Mesh025: 4352 triangles, 2178 vertices (merged 10878 vertices).
2025-05-18 21:39:29 INFO  main [WavefrontOBJ] Done with "Mesh025.obj" (took 9 ms)
2025-05-18 21:39:29 INFO  main [WavefrontOBJ] Loading geometry from "Mesh008.obj" ..
2025-05-18 21:39:29 INFO  main [WavefrontOBJ] Mesh008: 6320 triangles, 3270 vertices (merged 15690 vertices).
2025-05-18 21:39:29 INFO  main [WavefrontOBJ] Done with "Mesh008.obj" (took 13 ms)
2025-05-18 21:39:29 INFO  main [WavefrontOBJ] Loading geometry from "Mesh032.obj" ..
2025-05-18 21:39:29 INFO  main [WavefrontOBJ] Mesh032: 13248 triangles, 6686 vertices (merged 33058 vertices).
2025-05-18 21:39:29 INFO  main [WavefrontOBJ] Done with "Mesh032.obj" (took 28 ms)
2025-05-18 21:39:29 INFO  main [WavefrontOBJ] Loading geometry from "Mesh035.obj" ..
2025-05-18 21:39:29 INFO  main [WavefrontOBJ] Mesh035: 14480 triangles, 7404 vertices (merged 36036 vertices).
2025-05-18 21:39:29 INFO  main [WavefrontOBJ] Done with "Mesh035.obj" (took 32 ms)
2025-05-18 21:39:29 INFO  main [WavefrontOBJ] Loading geometry from "Mesh042.obj" ..
2025-05-18 21:39:29 INFO  main [WavefrontOBJ] Mesh042: 2320 triangles, 1492 vertices (merged 5468 vertices).
2025-05-18 21:39:29 INFO  main [WavefrontOBJ] Done with "Mesh042.obj" (took 5 ms)
2025-05-18 21:39:29 INFO  main [WavefrontOBJ] Loading geometry from "Mesh010.obj" ..
2025-05-18 21:39:29 INFO  main [WavefrontOBJ] Mesh010: 13248 triangles, 6686 vertices (merged 33058 vertices).
2025-05-18 21:39:29 INFO  main [WavefrontOBJ] Done with "Mesh010.obj" (took 28 ms)
2025-05-18 21:39:29 INFO  main [WavefrontOBJ] Loading geometry from "Mesh036.obj" ..
2025-05-18 21:39:29 INFO  main [WavefrontOBJ] Mesh036: 14480 triangles, 7404 vertices (merged 36036 vertices).
2025-05-18 21:39:29 INFO  main [WavefrontOBJ] Done with "Mesh036.obj" (took 31 ms)
2025-05-18 21:39:29 INFO  main [WavefrontOBJ] Loading geometry from "Mesh027.obj" ..
2025-05-18 21:39:29 INFO  main [WavefrontOBJ] Mesh027: 2320 triangles, 1492 vertices (merged 5468 vertices).
2025-05-18 21:39:29 INFO  main [WavefrontOBJ] Done with "Mesh027.obj" (took 5 ms)
2025-05-18 21:39:29 INFO  main [WavefrontOBJ] Loading geometry from "Mesh043.obj" ..
2025-05-18 21:39:29 INFO  main [WavefrontOBJ] Mesh043: 13248 triangles, 6686 vertices (merged 33058 vertices).
2025-05-18 21:39:29 INFO  main [WavefrontOBJ] Done with "Mesh043.obj" (took 27 ms)
2025-05-18 21:39:29 INFO  main [WavefrontOBJ] Loading geometry from "Mesh044.obj" ..
2025-05-18 21:39:29 INFO  main [WavefrontOBJ] Mesh044: 14480 triangles, 7404 vertices (merged 36036 vertices).
2025-05-18 21:39:29 INFO  main [WavefrontOBJ] Done with "Mesh044.obj" (took 30 ms)
2025-05-18 21:39:29 INFO  main [WavefrontOBJ] Loading geometry from "Mesh031.obj" ..
2025-05-18 21:39:29 INFO  main [WavefrontOBJ] Mesh031: 2320 triangles, 1492 vertices (merged 5468 vertices).
2025-05-18 21:39:29 INFO  main [WavefrontOBJ] Done with "Mesh031.obj" (took 5 ms)
2025-05-18 21:39:29 INFO  main [WavefrontOBJ] Loading geometry from "Mesh022.obj" ..
2025-05-18 21:39:29 INFO  main [WavefrontOBJ] Mesh022: 13248 triangles, 6686 vertices (merged 33058 vertices).
2025-05-18 21:39:29 INFO  main [WavefrontOBJ] Done with "Mesh022.obj" (took 28 ms)
2025-05-18 21:39:29 INFO  main [WavefrontOBJ] Loading geometry from "Mesh038.obj" ..
2025-05-18 21:39:29 INFO  main [WavefrontOBJ] Mesh038: 14480 triangles, 7404 vertices (merged 36036 vertices).
2025-05-18 21:39:29 INFO  main [WavefrontOBJ] Done with "Mesh038.obj" (took 31 ms)
2025-05-18 21:39:29 INFO  main [WavefrontOBJ] Loading geometry from "Mesh030.obj" ..
2025-05-18 21:39:29 INFO  main [WavefrontOBJ] Mesh030: 2320 triangles, 1492 vertices (merged 5468 vertices).
2025-05-18 21:39:29 INFO  main [WavefrontOBJ] Done with "Mesh030.obj" (took 5 ms)
2025-05-18 21:39:29 INFO  main [WavefrontOBJ] Loading geometry from "Mesh046.obj" ..
2025-05-18 21:39:29 INFO  main [WavefrontOBJ] Mesh046: 13248 triangles, 6686 vertices (merged 33058 vertices).
2025-05-18 21:39:29 INFO  main [WavefrontOBJ] Done with "Mesh046.obj" (took 28 ms)
2025-05-18 21:39:29 INFO  main [WavefrontOBJ] Loading geometry from "Mesh047.obj" ..
2025-05-18 21:39:29 INFO  main [WavefrontOBJ] Mesh047: 14480 triangles, 7404 vertices (merged 36036 vertices).
2025-05-18 21:39:29 INFO  main [WavefrontOBJ] Done with "Mesh047.obj" (took 31 ms)
2025-05-18 21:39:29 INFO  main [WavefrontOBJ] Loading geometry from "Mesh034.obj" ..
2025-05-18 21:39:29 INFO  main [WavefrontOBJ] Mesh034: 2320 triangles, 1492 vertices (merged 5468 vertices).
2025-05-18 21:39:29 INFO  main [WavefrontOBJ] Done with "Mesh034.obj" (took 5 ms)
2025-05-18 21:39:29 INFO  main [WavefrontOBJ] Loading geometry from "Mesh033.obj" ..
2025-05-18 21:39:29 INFO  main [WavefrontOBJ] Mesh033: 44 triangles, 96 vertices (merged 36 vertices).
2025-05-18 21:39:29 INFO  main [WavefrontOBJ] Done with "Mesh033.obj" (took 0 ms)
2025-05-18 21:39:29 INFO  main [WavefrontOBJ] Loading geometry from "Mesh006.obj" ..
2025-05-18 21:39:29 INFO  main [WavefrontOBJ] Mesh006: 4 triangles, 6 vertices (merged 6 vertices).
2025-05-18 21:39:29 INFO  main [WavefrontOBJ] Done with "Mesh006.obj" (took 0 ms)
2025-05-18 21:39:29 INFO  main [WavefrontOBJ] Loading geometry from "Mesh048.obj" ..
2025-05-18 21:39:29 INFO  main [WavefrontOBJ] Mesh048: 30 triangles, 38 vertices (merged 52 vertices).
2025-05-18 21:39:29 INFO  main [WavefrontOBJ] Done with "Mesh048.obj" (took 0 ms)
2025-05-18 21:39:29 INFO  main [WavefrontOBJ] Loading geometry from "Mesh049.obj" ..
2025-05-18 21:39:29 INFO  main [WavefrontOBJ] Mesh049: 13248 triangles, 6686 vertices (merged 33058 vertices).
2025-05-18 21:39:29 INFO  main [WavefrontOBJ] Done with "Mesh049.obj" (took 28 ms)
2025-05-18 21:39:29 INFO  main [WavefrontOBJ] Loading geometry from "Mesh051.obj" ..
2025-05-18 21:39:29 INFO  main [WavefrontOBJ] Mesh051: 14480 triangles, 7404 vertices (merged 36036 vertices).
2025-05-18 21:39:29 INFO  main [WavefrontOBJ] Done with "Mesh051.obj" (took 31 ms)
2025-05-18 21:39:29 INFO  main [WavefrontOBJ] Loading geometry from "Mesh040.obj" ..
2025-05-18 21:39:29 INFO  main [WavefrontOBJ] Mesh040: 2320 triangles, 1492 vertices (merged 5468 vertices).
2025-05-18 21:39:29 INFO  main [WavefrontOBJ] Done with "Mesh040.obj" (took 5 ms)
2025-05-18 21:39:29 INFO  main [WavefrontOBJ] Loading geometry from "Mesh003.obj" ..
2025-05-18 21:39:29 INFO  main [WavefrontOBJ] Mesh003: 18176 triangles, 9150 vertices (merged 45378 vertices).
2025-05-18 21:39:29 INFO  main [WavefrontOBJ] Done with "Mesh003.obj" (took 41 ms)
2025-05-18 21:39:29 INFO  main [WavefrontOBJ] Loading geometry from "Mesh002.obj" ..
2025-05-18 21:39:29 INFO  main [WavefrontOBJ] Mesh002: 7624 triangles, 4070 vertices (merged 18802 vertices).
2025-05-18 21:39:29 INFO  main [WavefrontOBJ] Done with "Mesh002.obj" (took 17 ms)
2025-05-18 21:39:29 INFO  main [WavefrontOBJ] Loading geometry from "Mesh009.obj" ..
2025-05-18 21:39:29 INFO  main [WavefrontOBJ] Mesh009: 2016 triangles, 1260 vertices (merged 4788 vertices).
2025-05-18 21:39:29 INFO  main [WavefrontOBJ] Done with "Mesh009.obj" (took 4 ms)
2025-05-18 21:39:29 INFO  main [WavefrontOBJ] Loading geometry from "Mesh045.obj" ..
2025-05-18 21:39:29 INFO  main [WavefrontOBJ] Mesh045: 4352 triangles, 2178 vertices (merged 10878 vertices).
2025-05-18 21:39:29 INFO  main [WavefrontOBJ] Done with "Mesh045.obj" (took 9 ms)
2025-05-18 21:39:29 INFO  main [WavefrontOBJ] Loading geometry from "Mesh029.obj" ..
2025-05-18 21:39:29 INFO  main [WavefrontOBJ] Mesh029: 160 triangles, 144 vertices (merged 336 vertices).
2025-05-18 21:39:29 INFO  main [WavefrontOBJ] Done with "Mesh029.obj" (took 0 ms)
2025-05-18 21:39:29 INFO  main [WavefrontOBJ] Loading geometry from "Mesh039.obj" ..
2025-05-18 21:39:30 INFO  main [WavefrontOBJ] Mesh039: 560 triangles, 400 vertices (merged 1280 vertices).
2025-05-18 21:39:30 INFO  main [WavefrontOBJ] Done with "Mesh039.obj" (took 1 ms)
2025-05-18 21:39:30 INFO  main [WavefrontOBJ] Loading geometry from "Mesh050.obj" ..
2025-05-18 21:39:30 INFO  main [WavefrontOBJ] Mesh050: 720 triangles, 482 vertices (merged 1678 vertices).
2025-05-18 21:39:30 INFO  main [WavefrontOBJ] Done with "Mesh050.obj" (took 1 ms)
2025-05-18 21:39:30 INFO  main [WavefrontOBJ] Loading geometry from "Mesh001.obj" ..
2025-05-18 21:39:30 INFO  main [WavefrontOBJ] Mesh001: 170 triangles, 340 vertices (merged 170 vertices).
2025-05-18 21:39:30 INFO  main [WavefrontOBJ] Done with "Mesh001.obj" (took 1 ms)
2025-05-18 21:39:30 INFO  main [WavefrontOBJ] Loading geometry from "Mesh000.obj" ..
2025-05-18 21:39:30 INFO  main [WavefrontOBJ] Mesh000: 22 triangles, 44 vertices (merged 22 vertices).
2025-05-18 21:39:30 INFO  main [WavefrontOBJ] Done with "Mesh000.obj" (took 0 ms)
2025-05-18 21:39:30 INFO  main [PluginManager] Loading plugin "plugins/rectangle.so" ..
2025-05-18 21:39:30 INFO  ren0 [KDTreeBase] Constructing a SAH kd-tree (321251 primitives) ..
2025-05-18 21:39:30 INFO  ren0 [KDTreeBase] Finished -- took 619 ms.
2025-05-18 21:39:30 INFO  ren0 [octree.h:535] root weight: 8.000e-20 (0.000000)
2025-05-18 21:39:30 INFO  ren0 [octree.h:536] splitting threshold: 8.000e-23 (0.000000)
2025-05-18 21:39:30 INFO  ren0 [octree.h:551] node count: 1 -> 585 -> 585

2025-05-18 21:39:30 INFO  ren0 [octree.h:535] root weight: 4.096e-17 (0.000000)
2025-05-18 21:39:30 INFO  ren0 [octree.h:536] splitting threshold: 4.096e-20 (0.000000)
2025-05-18 21:39:30 INFO  ren0 [octree.h:551] node count: 585 -> 585 -> 585

2025-05-18 21:39:30 INFO  ren0 [octree.h:535] root weight: 8.000e-20 (0.000000)
2025-05-18 21:39:30 INFO  ren0 [octree.h:536] splitting threshold: 8.000e-23 (0.000000)
2025-05-18 21:39:30 INFO  ren0 [octree.h:551] node count: 1 -> 585 -> 585

2025-05-18 21:39:30 INFO  ren0 [octree.h:535] root weight: 8.000e-20 (0.000000)
2025-05-18 21:39:30 INFO  ren0 [octree.h:536] splitting threshold: 8.000e-23 (0.000000)
2025-05-18 21:39:30 INFO  ren0 [octree.h:551] node count: 1 -> 585 -> 585

2025-05-18 21:39:30 INFO  ren0 [octree.h:535] root weight: 4.096e-17 (0.000000)
2025-05-18 21:39:30 INFO  ren0 [octree.h:536] splitting threshold: 4.096e-20 (0.000000)
2025-05-18 21:39:30 INFO  ren0 [octree.h:551] node count: 585 -> 585 -> 585

2025-05-18 21:39:30 INFO  ren0 [octree.h:535] root weight: 8.000e-20 (0.000000)
2025-05-18 21:39:30 INFO  ren0 [octree.h:536] splitting threshold: 8.000e-23 (0.000000)
2025-05-18 21:39:30 INFO  ren0 [octree.h:551] node count: 1 -> 585 -> 585

2025-05-18 21:39:30 INFO  ren0 [MIFocalGuidingPathTracer] AABB3[min=[-6.3658, -1.5274, -4.73046], max=[5.27597, 8.04131, 10.0598]]
2025-05-18 21:39:30 INFO  ren0 [MIFocalGuidingPathTracer] Starting render job (1280x720, 12 cores, SSE2 enabled) ..
2025-05-18 21:39:30 INFO  ren0 [MIFocalGuidingPathTracer] ITERATION 0, until 10.0 seconds
2025-05-18 21:39:41 INFO  ren0 [MIFocalGuidingPathTracer]   10.45 seconds elapsed, passes this iteration: 4, total passes: 4
2025-05-18 21:39:41 INFO  ren0 [MIFocalGuidingPathTracer] Got 1274639 non-zero samples
2025-05-18 21:39:41 INFO  ren0 [gaussian_mixture_model.h:808] Processing mega batch of size 1274639
2025-05-18 21:39:41 INFO  ren0 [gaussian_mixture_model.h:547] KMeans
2025-05-18 21:39:42 INFO  ren0 [MIFocalGuidingPathTracer] GMM[
weight = 0.00522601 mean = [-2.13173 3.88253 -2.38543] covariance = [[0.0031707 0.031539 -0.0209561][0.031539 0.325734 -0.216477][-0.0209561 -0.216477 0.1439]]
weight = 0.00019 mean = [2.16014 6.76677 8.8677] covariance = [[0.00463285 -0.00215656 -0.00697164][-0.00215656 0.00128828 0.00330757][-0.00697164 0.00330757 0.0109497]]
weight = 0.00108042 mean = [4.29004 3.49357 8.45886] covariance = [[0.190522 0.235561 -0.246603][0.235561 0.684914 -0.667323][-0.246603 -0.667323 0.837702]]
weight = 0.0241906 mean = [-1.4873 0.616368 -2.43711] covariance = [[5.59596 5.20631 0.7818][5.20631 10.9444 1.3948][0.7818 1.3948 3.82296]]
weight = 1.42701e-05 mean = [-5.47416 -0.074752 7.02946] covariance = [[0.0115302 -0.010209 -0.00733429][-0.010209 0.0185309 0.0315733][-0.00733429 0.0315733 0.105661]]
weight = 0.969299 mean = [-2.95257 0.192029 0.0654275] covariance = [[1.18674 -0.757184 0.491689][-0.757184 0.568655 -0.359884][0.491689 -0.359884 0.26286]]
]
2025-05-18 21:39:42 INFO  ren0 [octree.h:535] root weight: 9.610e+05 (961029.000000)
2025-05-18 21:39:42 INFO  ren0 [octree.h:536] splitting threshold: 9.610e+02 (961.029053)
2025-05-18 21:39:42 INFO  ren0 [octree.h:535] root weight: 9.272e+05 (927227.312500)
2025-05-18 21:39:42 INFO  ren0 [octree.h:536] splitting threshold: 9.272e+02 (927.227356)
2025-05-18 21:39:42 INFO  ren0 [octree.h:551] node count: 585 -> 804 -> 662

2025-05-18 21:39:42 INFO  ren0 [octree.h:551] node count: 585 -> 815 -> 757

2025-05-18 21:39:42 INFO  ren0 [MIFocalGuidingPathTracer] ITERATION 1, until 20.0 seconds
2025-05-18 21:40:00 INFO  ren0 [MIFocalGuidingPathTracer]   30.27 seconds elapsed, passes this iteration: 1, total passes: 5
2025-05-18 21:40:00 INFO  ren0 [MIFocalGuidingPathTracer] Got 76084 non-zero samples
2025-05-18 21:40:00 INFO  ren0 [gaussian_mixture_model.h:808] Processing mega batch of size 76084
2025-05-18 21:40:00 INFO  ren0 [MIFocalGuidingPathTracer] GMM[
weight = 0.00274157 mean = [-2.16501 3.53643 -2.15557] covariance = [[0.00172808 0.0161849 -0.0107413][0.0161849 0.16929 -0.112483][-0.0107413 -0.112483 0.0747847]]
weight = 0.0254689 mean = [-0.65149 3.04433 0.250931] covariance = [[7.37789 1.20439 -1.06594][1.20439 5.75879 0.87506][-1.06594 0.87506 6.52941]]
weight = 0.00274157 mean = [-2.10936 4.11828 -2.54224] covariance = [[0.00172808 0.0161849 -0.0107413][0.0161849 0.16929 -0.112483][-0.0107413 -0.112483 0.0747847]]
weight = 0.00159632 mean = [3.6395 4.29287 8.6116] covariance = [[1.12164 -1.10112 -0.411277][-1.10112 3.17183 -0.363771][-0.411277 -0.363771 0.707422]]
weight = 0.0254689 mean = [-1.1748 0.6536 -2.60293] covariance = [[7.37789 1.20439 -1.06594][1.20439 5.75879 0.87506][-1.06594 0.87506 6.52941]]
weight = 0.470991 mean = [-3.48496 0.553269 -0.170471] covariance = [[0.607508 -0.363524 0.234097][-0.363524 0.303146 -0.186394][0.234097 -0.186394 0.149445]]
weight = 0.470991 mean = [-2.41054 -0.178044 0.308428] covariance = [[0.607508 -0.363524 0.234097][-0.363524 0.303146 -0.186394][0.234097 -0.186394 0.149445]]
]
2025-05-18 21:40:00 INFO  ren0 [octree.h:535] root weight: 4.762e+05 (476201.937500)
2025-05-18 21:40:00 INFO  ren0 [octree.h:536] splitting threshold: 4.762e+02 (476.201965)
2025-05-18 21:40:00 INFO  ren0 [octree.h:535] root weight: 4.635e+05 (463505.687500)
2025-05-18 21:40:00 INFO  ren0 [octree.h:536] splitting threshold: 4.635e+02 (463.505707)
2025-05-18 21:40:00 INFO  ren0 [octree.h:551] node count: 662 -> 662 -> 661

2025-05-18 21:40:00 INFO  ren0 [octree.h:551] node count: 757 -> 759 -> 759

2025-05-18 21:40:00 INFO  ren0 [MIFocalGuidingPathTracer] ITERATION 2, until 30.0 seconds
2025-05-18 21:40:21 INFO  ren0 [MIFocalGuidingPathTracer]   51.11 seconds elapsed, passes this iteration: 1, total passes: 6
2025-05-18 21:40:21 INFO  ren0 [MIFocalGuidingPathTracer] Got 75457 non-zero samples
2025-05-18 21:40:21 INFO  ren0 [gaussian_mixture_model.h:808] Processing mega batch of size 75457
2025-05-18 21:40:21 INFO  ren0 [MIFocalGuidingPathTracer] GMM[
weight = 0.00283411 mean = [-2.18188 3.35614 -2.03386] covariance = [[0.0014087 0.0138498 -0.00906025][0.0138498 0.141487 -0.0919433][-0.00906025 -0.0919433 0.059883]]
weight = 0.0428625 mean = [-1.92386 1.40672 5.23497] covariance = [[4.42202 -0.0955605 0.826992][-0.0955605 3.93023 -1.62551][0.826992 -1.62551 11.8619]]
weight = 0.00349405 mean = [-2.10158 4.20368 -2.59053] covariance = [[0.00155033 0.0149947 -0.00983033][0.0149947 0.158444 -0.103764][-0.00983033 -0.103764 0.0680953]]
weight = 0.00283411 mean = [-2.23406 2.82426 -1.68798] covariance = [[0.0014087 0.0138498 -0.00906025][0.0138498 0.141487 -0.0919433][-0.00906025 -0.0919433 0.059883]]
weight = 0.0428625 mean = [-2.44482 2.35493 0.400791] covariance = [[4.42202 -0.0955605 0.826992][-0.0955605 3.93023 -1.62551][0.826992 -1.62551 11.8619]]
weight = 0.00118107 mean = [4.29185 3.54474 8.21125] covariance = [[0.381636 0.369671 -0.411283][0.369671 3.15752 -1.62773][-0.411283 -1.62773 1.38133]]
weight = 0.0983822 mean = [-2.18386 1.77813 -1.1827] covariance = [[8.73714 0.178251 0.506569][0.178251 6.88131 -0.458897][0.506569 -0.458897 7.69831]]
weight = 0.00349405 mean = [-2.15489 3.64082 -2.22168] covariance = [[0.00155033 0.0149947 -0.00983033][0.0149947 0.158444 -0.103764][-0.00983033 -0.103764 0.0680953]]
weight = 0.802055 mean = [-2.93545 0.172035 0.0785903] covariance = [[1.16646 -0.742663 0.490198][-0.742663 0.577048 -0.370127][0.490198 -0.370127 0.273613]]
]
2025-05-18 21:40:21 INFO  ren0 [octree.h:535] root weight: 2.395e+05 (239549.218750)
2025-05-18 21:40:21 INFO  ren0 [octree.h:536] splitting threshold: 2.395e+02 (239.549225)
2025-05-18 21:40:21 INFO  ren0 [octree.h:535] root weight: 2.327e+05 (232701.906250)
2025-05-18 21:40:21 INFO  ren0 [octree.h:536] splitting threshold: 2.327e+02 (232.701920)
2025-05-18 21:40:21 INFO  ren0 [octree.h:551] node count: 661 -> 661 -> 661

2025-05-18 21:40:21 INFO  ren0 [octree.h:551] node count: 759 -> 761 -> 760

2025-05-18 21:40:21 INFO  ren0 [MIFocalGuidingPathTracer] ITERATION 3, until 40.0 seconds
2025-05-18 21:40:44 INFO  ren0 [MIFocalGuidingPathTracer]   74.34 seconds elapsed, passes this iteration: 1, total passes: 7
2025-05-18 21:40:44 INFO  ren0 [MIFocalGuidingPathTracer] Got 101280 non-zero samples
2025-05-18 21:40:45 INFO  ren0 [gaussian_mixture_model.h:808] Processing mega batch of size 101280
2025-05-18 21:40:45 INFO  ren0 [MIFocalGuidingPathTracer] GMM[
weight = 0.00421444 mean = [-2.17119 3.49154 -2.11731] covariance = [[0.0010911 0.0110869 -0.00714025][0.0110869 0.119257 -0.0763029][-0.00714025 -0.0763029 0.0489391]]
weight = 0.00421444 mean = [-2.21669 3.00323 -1.80465] covariance = [[0.0010911 0.0110869 -0.00714025][0.0110869 0.119257 -0.0763029][-0.00714025 -0.0763029 0.0489391]]
weight = 0.00546926 mean = [-2.074 4.62174 -2.85187] covariance = [[0.00191694 0.0210694 -0.0136367][0.0210694 0.276394 -0.177629][-0.0136367 -0.177629 0.114455]]
weight = 0.00546926 mean = [-2.13084 3.87834 -2.37373] covariance = [[0.00191694 0.0210694 -0.0136367][0.0210694 0.276394 -0.177629][-0.0136367 -0.177629 0.114455]]
weight = 0.0011921 mean = [4.07249 2.84834 8.54813] covariance = [[0.449713 0.503088 -0.531088][0.503088 4.39173 -2.35687][-0.531088 -2.35687 1.9617]]
weight = 0.38546 mean = [-1.48034 2.01314 -1.35243] covariance = [[9.53528 1.7859 -0.0766235][1.7859 8.04881 -1.92399][-0.0766235 -1.92399 4.95468]]
weight = 0.0430009 mean = [-2.24664 2.7239 -1.62735] covariance = [[0.0042494 0.0361277 -0.0234349][0.0361277 0.357767 -0.229565][-0.0234349 -0.229565 0.147547]]
weight = 0.55098 mean = [-2.90935 0.0977055 0.112712] covariance = [[1.02996 -0.648976 0.430242][-0.648976 0.580027 -0.368983][0.430242 -0.368983 0.272545]]
]
2025-05-18 21:40:45 INFO  ren0 [octree.h:535] root weight: 1.219e+05 (121854.390625)
2025-05-18 21:40:45 INFO  ren0 [octree.h:536] splitting threshold: 1.219e+02 (121.854393)
2025-05-18 21:40:45 INFO  ren0 [octree.h:535] root weight: 1.175e+05 (117504.312500)
2025-05-18 21:40:45 INFO  ren0 [octree.h:536] splitting threshold: 1.175e+02 (117.504318)
2025-05-18 21:40:45 INFO  ren0 [octree.h:551] node count: 661 -> 662 -> 662

2025-05-18 21:40:45 INFO  ren0 [octree.h:551] node count: 760 -> 763 -> 762

2025-05-18 21:40:45 INFO  ren0 [MIFocalGuidingPathTracer] ITERATION 4, until 50.0 seconds
2025-05-18 21:41:03 INFO  ren0 [MIFocalGuidingPathTracer]   92.69 seconds elapsed, passes this iteration: 1, total passes: 8
2025-05-18 21:41:03 INFO  ren0 [MIFocalGuidingPathTracer] Got 150588 non-zero samples
2025-05-18 21:41:03 INFO  ren0 [gaussian_mixture_model.h:808] Processing mega batch of size 150588
2025-05-18 21:41:03 INFO  ren0 [MIFocalGuidingPathTracer] GMM[
weight = 0.000268026 mean = [-2.06884 4.37514 -2.69088] covariance = [[0.0126424 0.140909 -0.0912989][0.140909 1.70722 -1.10817][-0.0912989 -1.10817 0.719448]]
weight = 0.00185311 mean = [4.42702 6.70732 6.34369] covariance = [[0.165999 0.442218 -0.246742][0.442218 2.18376 -1.07068][-0.246742 -1.07068 0.909539]]
weight = 0.860609 mean = [-1.08241 2.27524 -2.13236] covariance = [[8.28685 1.2319 -2.34188][1.2319 5.50682 -0.985409][-2.34188 -0.985409 5.12408]]
weight = 0.0190238 mean = [-2.19292 3.13287 -1.88158] covariance = [[0.00280837 -0.013354 0.00791554][-0.013354 0.114256 -0.069495][0.00791554 -0.069495 0.042742]]
weight = 0.000828966 mean = [-2.19771 3.18456 -1.92242] covariance = [[0.000190121 0.00142911 -0.000926329][0.00142911 0.0153501 -0.0098869][-0.000926329 -0.0098869 0.00643983]]
weight = 0.117417 mean = [-2.19622 -0.382455 0.339907] covariance = [[1.04001 -0.516193 0.469176][-0.516193 0.621502 -0.446273][0.469176 -0.446273 0.360928]]
]
2025-05-18 21:41:03 INFO  ren0 [octree.h:535] root weight: 1.225e+05 (122519.929688)
2025-05-18 21:41:03 INFO  ren0 [octree.h:536] splitting threshold: 1.225e+02 (122.519936)
2025-05-18 21:41:03 INFO  ren0 [octree.h:535] root weight: 9.002e+04 (90017.132812)
2025-05-18 21:41:03 INFO  ren0 [octree.h:536] splitting threshold: 9.002e+01 (90.017136)
2025-05-18 21:41:03 INFO  ren0 [octree.h:551] node count: 662 -> 799 -> 744

2025-05-18 21:41:03 INFO  ren0 [octree.h:551] node count: 762 -> 816 -> 682

2025-05-18 21:41:03 INFO  ren0 [MIFocalGuidingPathTracer] ITERATION 5, until 60.0 seconds
2025-05-18 21:41:16 INFO  ren0 [MIFocalGuidingPathTracer]   106.03 seconds elapsed, passes this iteration: 1, total passes: 9
2025-05-18 21:41:16 INFO  ren0 [MIFocalGuidingPathTracer] Got 136959 non-zero samples
2025-05-18 21:41:16 INFO  ren0 [gaussian_mixture_model.h:808] Processing mega batch of size 136959
2025-05-18 21:41:16 INFO  ren0 [MIFocalGuidingPathTracer] GMM[
weight = 0.174335 mean = [-3.39354 4.94299 -2.85154] covariance = [[2.1361 0.0696232 0.877828][0.0696232 3.49039 -0.641383][0.877828 -0.641383 1.51005]]
weight = 0.00358751 mean = [-2.24628 3.48386 -2.06008] covariance = [[0.00231891 -0.0128264 0.005746][-0.0128264 0.0764098 -0.0334755][0.005746 -0.0334755 0.0148185]]
weight = 0.174335 mean = [-3.00443 2.4022 -1.95401] covariance = [[2.1361 0.0696232 0.877828][0.0696232 3.49039 -0.641383][0.877828 -0.641383 1.51005]]
weight = 2.2901e-05 mean = [-1.95715 0.316547 -0.443518] covariance = [[0.250969 0.104581 -0.122656][0.104581 0.294817 -0.221892][-0.122656 -0.221892 0.191867]]
weight = 0.00158831 mean = [4.8577 7.6769 8.55623] covariance = [[0.218538 0.166695 0.190657][0.166695 0.175783 0.150805][0.190657 0.150805 0.27581]]
weight = 0.630463 mean = [-2.07758 1.45163 -0.000904855] covariance = [[2.87477 -0.0866236 1.55051][-0.0866236 5.74699 0.220912][1.55051 0.220912 12.0125]]
weight = 0.01148 mean = [-2.18577 3.09983 -1.88814] covariance = [[0.00175528 -0.0104569 0.00464266][-0.0104569 0.0687869 -0.0301136][0.00464266 -0.0301136 0.013529]]
weight = 0.00280197 mean = [-2.19744 3.20875 -1.93385] covariance = [[4.98754e-05 -5.82275e-05 2.75046e-05][-5.82275e-05 0.000857606 -0.00025468][2.75046e-05 -0.00025468 0.000118922]]
weight = 0.00138676 mean = [-2.20082 -0.376286 0.327516] covariance = [[1.01402 -0.476711 0.433532][-0.476711 0.631321 -0.455713][0.433532 -0.455713 0.370338]]
]
2025-05-18 21:41:16 INFO  ren0 [octree.h:535] root weight: 5.240e+05 (524012.562500)
2025-05-18 21:41:16 INFO  ren0 [octree.h:536] splitting threshold: 5.240e+02 (524.012573)
2025-05-18 21:41:16 INFO  ren0 [octree.h:535] root weight: 1.969e+05 (196940.203125)
2025-05-18 21:41:16 INFO  ren0 [octree.h:536] splitting threshold: 1.969e+02 (196.940216)
2025-05-18 21:41:16 INFO  ren0 [octree.h:551] node count: 744 -> 1031 -> 821

2025-05-18 21:41:16 INFO  ren0 [octree.h:551] node count: 682 -> 778 -> 648

2025-05-18 21:41:16 INFO  ren0 [MIFocalGuidingPathTracer] ITERATION 6, until 70.0 seconds
2025-05-18 21:41:42 INFO  ren0 [MIFocalGuidingPathTracer]   132.09 seconds elapsed, passes this iteration: 1, total passes: 10
2025-05-18 21:41:42 INFO  ren0 [MIFocalGuidingPathTracer] Got 263648 non-zero samples
2025-05-18 21:41:42 INFO  ren0 [gaussian_mixture_model.h:808] Processing mega batch of size 263648
2025-05-18 21:41:42 INFO  ren0 [MIFocalGuidingPathTracer] GMM[
weight = 0.0709565 mean = [-2.6058 6.02823 -2.81676] covariance = [[2.81041 0.164775 0.79251][0.164775 2.2603 -0.364391][0.79251 -0.364391 1.31387]]
weight = 0.0709565 mean = [-2.82496 3.93275 -2.26047] covariance = [[2.81041 0.164775 0.79251][0.164775 2.2603 -0.364391][0.79251 -0.364391 1.31387]]
weight = 0.0802236 mean = [-3.25445 1.42737 -1.77248] covariance = [[1.66887 0.217374 0.498969][0.217374 1.99401 -0.350817][0.498969 -0.350817 0.925142]]
weight = 0.0802236 mean = [-2.6819 3.3759 -2.10606] covariance = [[1.66887 0.217374 0.498969][0.217374 1.99401 -0.350817][0.498969 -0.350817 0.925142]]
weight = 0.337322 mean = [-1.66129 1.88244 -1.71953] covariance = [[7.25816 -0.710549 -0.19545][-0.710549 6.76752 0.582709][-0.19545 0.582709 7.05283]]
weight = 0.000168534 mean = [4.85456 7.67376 8.55464] covariance = [[0.220663 0.168937 0.191358][0.168937 0.178013 0.151629][0.191358 0.151629 0.275651]]
weight = 0.337322 mean = [0.662649 2.11456 1.18415] covariance = [[7.25816 -0.710549 -0.19545][-0.710549 6.76752 0.582709][-0.19545 0.582709 7.05283]]
weight = 0.0189075 mean = [-2.19976 3.18878 -1.92896] covariance = [[0.000997513 0.00032008 -2.15303e-05][0.00032008 0.0142921 -0.0055376][-2.15303e-05 -0.0055376 0.00242219]]
weight = 0.00391917 mean = [-3.24191 -0.80393 0.528505] covariance = [[0.163495 0.0621349 -0.0493574][0.0621349 0.489105 -0.354263][-0.0493574 -0.354263 0.274532]]
]
2025-05-18 21:41:42 INFO  ren0 [octree.h:535] root weight: 4.401e+05 (440092.250000)
2025-05-18 21:41:42 INFO  ren0 [octree.h:536] splitting threshold: 4.401e+02 (440.092285)
2025-05-18 21:41:42 INFO  ren0 [octree.h:535] root weight: 1.611e+05 (161120.453125)
2025-05-18 21:41:42 INFO  ren0 [octree.h:536] splitting threshold: 1.611e+02 (161.120468)
2025-05-18 21:41:42 INFO  ren0 [octree.h:551] node count: 821 -> 921 -> 800

2025-05-18 21:41:42 INFO  ren0 [octree.h:551] node count: 648 -> 690 -> 674

2025-05-18 21:41:42 INFO  ren0 [MIFocalGuidingPathTracer] ITERATION 7, until 80.0 seconds
2025-05-18 21:42:08 INFO  ren0 [MIFocalGuidingPathTracer]   158.05 seconds elapsed, passes this iteration: 1, total passes: 11
2025-05-18 21:42:08 INFO  ren0 [MIFocalGuidingPathTracer] Got 261504 non-zero samples
2025-05-18 21:42:08 INFO  ren0 [gaussian_mixture_model.h:808] Processing mega batch of size 261504
2025-05-18 21:42:08 INFO  ren0 [MIFocalGuidingPathTracer] GMM[
weight = 0.0473342 mean = [-1.39272 6.86566 -2.17614] covariance = [[0.829255 0.122363 0.248295][0.122363 1.10868 -0.0804657][0.248295 -0.0804657 0.925053]]
weight = 0.00778648 mean = [-1.74917 5.51146 -2.3238] covariance = [[0.308349 0.302683 0.162168][0.302683 1.223 -0.0618164][0.162168 -0.0618164 0.470989]]
weight = 0.461964 mean = [-3.14547 0.649635 -1.97331] covariance = [[0.344099 0.191747 0.27832][0.191747 0.942643 -0.0776498][0.27832 -0.0776498 0.414869]]
weight = 0.0040199 mean = [-1.72008 1.61638 -1.38442] covariance = [[3.35676 -0.899248 1.18561][-0.899248 3.53466 -0.563817][1.18561 -0.563817 1.61919]]
weight = 5.11418e-05 mean = [4.74124 7.60267 8.4624] covariance = [[0.3062 0.219184 0.258015][0.219184 0.202335 0.190951][0.258015 0.190951 0.319096]]
weight = 0.212007 mean = [-0.219214 2.29161 0.158552] covariance = [[12.3 -1.56589 -2.99137][-1.56589 7.12024 0.715283][-2.99137 0.715283 13.9475]]
weight = 0.0473342 mean = [-2.13322 5.58249 -2.52286] covariance = [[0.829255 0.122363 0.248295][0.122363 1.10868 -0.0804657][0.248295 -0.0804657 0.925053]]
weight = 0.197169 mean = [-2.20337 3.17898 -1.93049] covariance = [[0.00334458 0.0139893 -0.0021569][0.0139893 0.0604271 -0.00952831][-0.0021569 -0.00952831 0.00158138]]
weight = 0.0223351 mean = [-2.42443 2.70125 -1.94511] covariance = [[0.253051 0.723707 -0.0549952][0.723707 2.92188 -0.439249][-0.0549952 -0.439249 0.184141]]
]
2025-05-18 21:42:08 INFO  ren0 [octree.h:535] root weight: 4.576e+05 (457554.000000)
