2025-04-04 07:38:18 INFO  main [mitsuba.cpp:274] Mitsuba version 0.6.0 (Linux, 64 bit), Copyright (c) 2017 Wenzel Jakob
2025-04-04 07:38:18 INFO  main [mitsuba.cpp:377] Parsing scene description from "../../scenes/modern-hall/modern-hall.xml" ..
2025-04-04 07:38:18 INFO  main [scenehandler.cpp:675] In file "/home/julia/PBRT/PMM_focal_guiding/mitsuba/dist/../../scenes/modern-hall/modern-hall.xml" (near line 20): Parsing included file "pmm_focal_guiding.xml" ..
2025-04-04 07:38:18 INFO  main [PluginManager] Loading plugin "plugins/pmm_focal_guiding.so" ..
2025-04-04 07:38:18 INFO  main [octree.h:482] root weight: 8.000e-20 (0.000000)
2025-04-04 07:38:18 INFO  main [octree.h:483] splitting threshold: 8.000e-23 (0.000000)
2025-04-04 07:38:18 INFO  main [octree.h:498] node count: 1 -> 585 -> 585

2025-04-04 07:38:18 INFO  main [octree.h:482] root weight: 8.000e-20 (0.000000)
2025-04-04 07:38:18 INFO  main [octree.h:483] splitting threshold: 8.000e-23 (0.000000)
2025-04-04 07:38:18 INFO  main [octree.h:498] node count: 1 -> 585 -> 585

2025-04-04 07:38:18 INFO  main [PMMFocalGuidingIntegrator] Saving to: 
2025-04-04 07:38:18 INFO  main [PMMFocalGuidingIntegrator] GMM params: alpha = 0.250000, split_th = 4.000000, merge_th = 0.500000, min_num_comp = 3, max_num_comp = 20, init = Uniform
2025-04-04 07:38:18 INFO  main [PMMFocalGuidingIntegrator] iterationCount: 8
2025-04-04 07:38:18 INFO  main [PMMFocalGuidingIntegrator] PMMFocalGuidingIntegrator
  maxDepth = 40,
  rrDepth = 14,
  strictNormals = 1
  gmm = GMM[
]
]
2025-04-04 07:38:18 WARN  main [scenehandler.cpp:795] In file "/home/julia/PBRT/PMM_focal_guiding/mitsuba/dist/../../scenes/modern-hall/../_integrators/pmm_focal_guiding.xml" (near line 49): Unqueried attribute "budget" in element "integrator"
2025-04-04 07:38:18 WARN  main [scenehandler.cpp:795] In file "/home/julia/PBRT/PMM_focal_guiding/mitsuba/dist/../../scenes/modern-hall/../_integrators/pmm_focal_guiding.xml" (near line 49): Unqueried attribute "dumpPrimaryRays" in element "integrator"
2025-04-04 07:38:18 WARN  main [scenehandler.cpp:795] In file "/home/julia/PBRT/PMM_focal_guiding/mitsuba/dist/../../scenes/modern-hall/../_integrators/pmm_focal_guiding.xml" (near line 49): Unqueried attribute "dumpScene" in element "integrator"
2025-04-04 07:38:18 WARN  main [scenehandler.cpp:795] In file "/home/julia/PBRT/PMM_focal_guiding/mitsuba/dist/../../scenes/modern-hall/../_integrators/pmm_focal_guiding.xml" (near line 49): Unqueried attribute "normalBinning" in element "integrator"
2025-04-04 07:38:18 WARN  main [scenehandler.cpp:795] In file "/home/julia/PBRT/PMM_focal_guiding/mitsuba/dist/../../scenes/modern-hall/../_integrators/pmm_focal_guiding.xml" (near line 49): Unqueried attribute "samplingMode" in element "integrator"
2025-04-04 07:38:18 WARN  main [scenehandler.cpp:795] In file "/home/julia/PBRT/PMM_focal_guiding/mitsuba/dist/../../scenes/modern-hall/../_integrators/pmm_focal_guiding.xml" (near line 49): Unqueried attribute "unboundedSplatting" in element "integrator"
2025-04-04 07:38:18 INFO  main [PluginManager] Loading plugin "plugins/independent.so" ..
2025-04-04 07:38:18 INFO  main [PluginManager] Loading plugin "plugins/box.so" ..
2025-04-04 07:38:18 INFO  main [PluginManager] Loading plugin "plugins/hdrfilm.so" ..
2025-04-04 07:38:18 INFO  main [PluginManager] Loading plugin "plugins/perspective.so" ..
2025-04-04 07:38:18 INFO  main [PluginManager] Loading plugin "plugins/dielectric.so" ..
2025-04-04 07:38:18 INFO  main [PluginManager] Loading plugin "plugins/bitmap.so" ..
2025-04-04 07:38:18 INFO  main [BitmapTexture] Loading texture "wood5.jpg"
2025-04-04 07:38:18 INFO  main [MIPMap] Mapped MIP map cache file "/home/julia/PBRT/PMM_focal_guiding/mitsuba/dist/../../scenes/modern-hall/textures/wood5.mip" into memory (14.7 MiB).
2025-04-04 07:38:18 INFO  main [PluginManager] Loading plugin "plugins/roughplastic.so" ..
2025-04-04 07:38:18 INFO  main [PluginManager] Loading plugin "plugins/twosided.so" ..
2025-04-04 07:38:18 INFO  main [BitmapTexture] Loading texture "Tiles.jpg"
2025-04-04 07:38:18 INFO  main [PluginManager] Loading plugin "plugins/lanczos.so" ..
2025-04-04 07:38:18 INFO  main [PluginManager] Loading plugin "plugins/diffuse.so" ..
2025-04-04 07:38:18 INFO  main [BitmapTexture] Loading texture "Wallpaper.jpg"
2025-04-04 07:38:19 INFO  main [PluginManager] Loading plugin "plugins/roughconductor.so" ..
2025-04-04 07:38:19 INFO  main [spectrum.cpp:599] "Cu.eta.spd": loaded a spectral power distribution with 55 entries (between 302.400421 and 885.601257 nm)
2025-04-04 07:38:19 INFO  main [spectrum.cpp:599] "Cu.k.spd": loaded a spectral power distribution with 55 entries (between 302.400421 and 885.601257 nm)
2025-04-04 07:38:19 INFO  main [spectrum.cpp:599] "Cu.eta.spd": loaded a spectral power distribution with 55 entries (between 302.400421 and 885.601257 nm)
2025-04-04 07:38:19 INFO  main [spectrum.cpp:599] "Cu.k.spd": loaded a spectral power distribution with 55 entries (between 302.400421 and 885.601257 nm)
2025-04-04 07:38:19 INFO  main [PluginManager] Loading plugin "plugins/difftrans.so" ..
2025-04-04 07:38:19 INFO  main [PluginManager] Loading plugin "plugins/area.so" ..
2025-04-04 07:38:19 INFO  main [PluginManager] Loading plugin "plugins/rectangle.so" ..
2025-04-04 07:38:19 INFO  main [PluginManager] Loading plugin "plugins/cube.so" ..
2025-04-04 07:38:19 INFO  main [PluginManager] Loading plugin "plugins/obj.so" ..
2025-04-04 07:38:19 INFO  main [WavefrontOBJ] Loading geometry from "Mesh008.obj" ..
2025-04-04 07:38:19 INFO  main [WavefrontOBJ] Mesh008: 5184 triangles, 2664 vertices (merged 12888 vertices).
2025-04-04 07:38:19 INFO  main [WavefrontOBJ] Done with "Mesh008.obj" (took 35 ms)
2025-04-04 07:38:19 INFO  main [WavefrontOBJ] Loading geometry from "Mesh004.obj" ..
2025-04-04 07:38:19 INFO  main [WavefrontOBJ] Mesh004: 5184 triangles, 2664 vertices (merged 12888 vertices).
2025-04-04 07:38:19 INFO  main [WavefrontOBJ] Done with "Mesh004.obj" (took 34 ms)
2025-04-04 07:38:19 INFO  main [WavefrontOBJ] Loading geometry from "Mesh003.obj" ..
2025-04-04 07:38:19 INFO  main [WavefrontOBJ] Mesh003: 5184 triangles, 2664 vertices (merged 12888 vertices).
2025-04-04 07:38:19 INFO  main [WavefrontOBJ] Done with "Mesh003.obj" (took 31 ms)
2025-04-04 07:38:19 INFO  main [WavefrontOBJ] Loading geometry from "Mesh006.obj" ..
2025-04-04 07:38:19 INFO  main [WavefrontOBJ] Mesh006: 5184 triangles, 2664 vertices (merged 12888 vertices).
2025-04-04 07:38:19 INFO  main [WavefrontOBJ] Done with "Mesh006.obj" (took 34 ms)
2025-04-04 07:38:19 INFO  main [WavefrontOBJ] Loading geometry from "Mesh012.obj" ..
2025-04-04 07:38:19 INFO  main [WavefrontOBJ] Mesh012: 444 triangles, 882 vertices (merged 450 vertices).
2025-04-04 07:38:19 INFO  main [WavefrontOBJ] Done with "Mesh012.obj" (took 5 ms)
2025-04-04 07:38:19 INFO  main [WavefrontOBJ] Loading geometry from "Mesh013.obj" ..
2025-04-04 07:38:19 INFO  main [WavefrontOBJ] Mesh013: 5184 triangles, 2664 vertices (merged 12888 vertices).
2025-04-04 07:38:19 INFO  main [WavefrontOBJ] Done with "Mesh013.obj" (took 41 ms)
2025-04-04 07:38:19 INFO  main [WavefrontOBJ] Loading geometry from "Mesh010.obj" ..
2025-04-04 07:38:19 INFO  main [WavefrontOBJ] Mesh010: 32 triangles, 60 vertices (merged 36 vertices).
2025-04-04 07:38:19 INFO  main [WavefrontOBJ] Done with "Mesh010.obj" (took 0 ms)
2025-04-04 07:38:19 INFO  main [WavefrontOBJ] Loading geometry from "Mesh015.obj" ..
2025-04-04 07:38:19 INFO  main [WavefrontOBJ] Mesh015: 32 triangles, 60 vertices (merged 36 vertices).
2025-04-04 07:38:19 INFO  main [WavefrontOBJ] Done with "Mesh015.obj" (took 0 ms)
2025-04-04 07:38:19 INFO  main [WavefrontOBJ] Loading geometry from "Mesh002.obj" ..
2025-04-04 07:38:19 INFO  main [WavefrontOBJ] Mesh002: 32 triangles, 60 vertices (merged 36 vertices).
2025-04-04 07:38:19 INFO  main [WavefrontOBJ] Done with "Mesh002.obj" (took 0 ms)
2025-04-04 07:38:19 INFO  main [WavefrontOBJ] Loading geometry from "Mesh007.obj" ..
2025-04-04 07:38:19 INFO  main [WavefrontOBJ] Mesh007: 32 triangles, 60 vertices (merged 36 vertices).
2025-04-04 07:38:19 INFO  main [WavefrontOBJ] Done with "Mesh007.obj" (took 0 ms)
2025-04-04 07:38:19 INFO  main [WavefrontOBJ] Loading geometry from "Mesh005.obj" ..
2025-04-04 07:38:19 INFO  main [WavefrontOBJ] Mesh005: 12 triangles, 20 vertices (merged 16 vertices).
2025-04-04 07:38:19 INFO  main [WavefrontOBJ] Done with "Mesh005.obj" (took 0 ms)
2025-04-04 07:38:19 INFO  main [WavefrontOBJ] Loading geometry from "Mesh016.obj" ..
2025-04-04 07:38:19 INFO  main [WavefrontOBJ] Mesh016: 120 triangles, 204 vertices (merged 156 vertices).
2025-04-04 07:39:18 INFO  main [WavefrontOBJ] Done with "Mesh016.obj" (took 59132 ms)
2025-04-04 07:39:18 INFO  main [WavefrontOBJ] Loading geometry from "Mesh017.obj" ..
2025-04-04 07:39:18 INFO  main [WavefrontOBJ] Mesh017: 20 triangles, 40 vertices (merged 20 vertices).
2025-04-04 07:39:18 INFO  main [WavefrontOBJ] Done with "Mesh017.obj" (took 0 ms)
2025-04-04 07:39:18 INFO  main [WavefrontOBJ] Loading geometry from "Mesh018.obj" ..
2025-04-04 07:39:18 INFO  main [WavefrontOBJ] Mesh018: 2 triangles, 4 vertices (merged 2 vertices).
2025-04-04 07:39:18 INFO  main [WavefrontOBJ] Done with "Mesh018.obj" (took 0 ms)
2025-04-04 07:39:18 INFO  main [WavefrontOBJ] Loading geometry from "Mesh011.obj" ..
2025-04-04 07:39:18 INFO  main [WavefrontOBJ] Mesh011: 32 triangles, 30 vertices (merged 66 vertices).
2025-04-04 07:39:18 INFO  main [WavefrontOBJ] Done with "Mesh011.obj" (took 0 ms)
2025-04-04 07:39:18 INFO  main [PluginManager] Loading plugin "plugins/homogeneous.so" ..
2025-04-04 07:39:18 INFO  main [PluginManager] Loading plugin "plugins/isotropic.so" ..
2025-04-04 07:39:18 INFO  main [WavefrontOBJ] Loading geometry from "Mesh014.obj" ..
2025-04-04 07:39:18 INFO  main [WavefrontOBJ] Mesh014: 36 triangles, 72 vertices (merged 36 vertices).
2025-04-04 07:39:18 INFO  main [WavefrontOBJ] Done with "Mesh014.obj" (took 0 ms)
2025-04-04 07:39:18 INFO  main [WavefrontOBJ] Loading geometry from "Mesh001.obj" ..
2025-04-04 07:39:18 INFO  main [WavefrontOBJ] Mesh001: 924 triangles, 2016 vertices (merged 756 vertices).
2025-04-04 07:39:18 INFO  main [WavefrontOBJ] Done with "Mesh001.obj" (took 13 ms)
2025-04-04 07:39:18 INFO  main [WavefrontOBJ] Loading geometry from "Mesh000.obj" ..
2025-04-04 07:39:18 INFO  main [WavefrontOBJ] Mesh000: 3127 triangles, 2075 vertices (merged 7306 vertices).
2025-04-04 07:39:18 INFO  main [WavefrontOBJ] Done with "Mesh000.obj" (took 34 ms)
2025-04-04 07:39:18 INFO  main [WavefrontOBJ] Loading geometry from "Mesh009.obj" ..
2025-04-04 07:39:18 INFO  main [WavefrontOBJ] Mesh009: 146 triangles, 110 vertices (merged 328 vertices).
2025-04-04 07:39:18 INFO  main [WavefrontOBJ] Done with "Mesh009.obj" (took 2 ms)
2025-04-04 07:39:18 INFO  ren0 [KDTreeBase] Constructing a SAH kd-tree (30963 primitives) ..
2025-04-04 07:39:18 INFO  ren0 [KDTreeBase] Finished -- took 376 ms.
2025-04-04 07:39:18 INFO  ren0 [PMMFocalGuidingIntegrator] Starting preprocess
2025-04-04 07:39:18 INFO  ren0 [octree.h:482] root weight: 8.000e-20 (0.000000)
2025-04-04 07:39:18 INFO  ren0 [octree.h:483] splitting threshold: 8.000e-23 (0.000000)
2025-04-04 07:39:18 INFO  ren0 [octree.h:498] node count: 1 -> 585 -> 585

2025-04-04 07:39:18 INFO  ren0 [octree.h:482] root weight: 4.096e-17 (0.000000)
2025-04-04 07:39:18 INFO  ren0 [octree.h:483] splitting threshold: 4.096e-20 (0.000000)
2025-04-04 07:39:18 INFO  ren0 [octree.h:498] node count: 585 -> 585 -> 585

2025-04-04 07:39:18 INFO  ren0 [octree.h:482] root weight: 8.000e-20 (0.000000)
2025-04-04 07:39:18 INFO  ren0 [octree.h:483] splitting threshold: 8.000e-23 (0.000000)
2025-04-04 07:39:18 INFO  ren0 [octree.h:498] node count: 1 -> 585 -> 585

2025-04-04 07:39:18 INFO  ren0 [octree.h:482] root weight: 4.096e-17 (0.000000)
2025-04-04 07:39:18 INFO  ren0 [octree.h:483] splitting threshold: 4.096e-20 (0.000000)
2025-04-04 07:39:18 INFO  ren0 [octree.h:498] node count: 585 -> 585 -> 585

2025-04-04 07:39:18 INFO  ren0 [PMMFocalGuidingIntegrator] Octree[
AABB: AABB3[min=[-21.7494, -3.70393, -3.09172], max=[7.19249, 11.2965, 6.96201]]
Nodes count: 585
]
2025-04-04 07:39:18 INFO  ren0 [PMMFocalGuidingIntegrator] Octree[
AABB: AABB3[min=[-21.7494, -3.70393, -3.09172], max=[7.19249, 11.2965, 6.96201]]
Nodes count: 585
]
2025-04-04 07:39:18 INFO  ren0 [PMMFocalGuidingIntegrator] GMM[
]
2025-04-04 07:39:18 INFO  ren0 [PMMFocalGuidingIntegrator] Starting training... (8) iterations
2025-04-04 07:39:18 INFO  ren0 [PMMFocalGuidingIntegrator] Rendering 0 iteration
2025-04-04 07:39:18 INFO  ren0 [SamplingIntegrator] Starting render job (1280x720, 4 samples, 8 cores, SSE2 enabled) ..
2025-04-04 07:40:02 INFO  ren0 [PMMFocalGuidingIntegrator] iteration render time: 44.1055s
2025-04-04 07:40:02 INFO  ren0 [PMMFocalGuidingIntegrator] Got 57519 non-zero samples and 0 zero samples
2025-04-04 07:40:02 INFO  ren0 [gaussian_mixture_model.h:576] Start processing batch
2025-04-04 07:40:02 INFO  ren0 [gaussian_mixture_model.h:380] Uniform
2025-04-04 07:40:02 INFO  ren0 [gaussian_mixture_model.h:396] Starting uniform initialization
2025-04-04 07:40:02 INFO  ren0 [gaussian_mixture_model.h:413] 3 + 2 + 3 = 20
2025-04-04 07:40:02 INFO  ren0 [gaussian_mixture_model.h:437] GMM[
weight = 0.05 mean = [-21.7494 -3.70393 -3.09172] covariance = [[1 0 0][0 1 0][0 0 1]]
weight = 0.05 mean = [-21.7494 -3.70393 -0.578286] covariance = [[1 0 0][0 1 0][0 0 1]]
weight = 0.05 mean = [-21.7494 -3.70393 1.93515] covariance = [[1 0 0][0 1 0][0 0 1]]
weight = 0.05 mean = [-21.7494 -3.70393 4.44858] covariance = [[1 0 0][0 1 0][0 0 1]]
weight = 0.05 mean = [-21.7494 3.79629 -3.09172] covariance = [[1 0 0][0 1 0][0 0 1]]
weight = 0.05 mean = [-21.7494 3.79629 -0.578286] covariance = [[1 0 0][0 1 0][0 0 1]]
weight = 0.05 mean = [-21.7494 3.79629 1.93515] covariance = [[1 0 0][0 1 0][0 0 1]]
weight = 0.05 mean = [-21.7494 3.79629 4.44858] covariance = [[1 0 0][0 1 0][0 0 1]]
weight = 0.05 mean = [-12.1021 -3.70393 -3.09172] covariance = [[1 0 0][0 1 0][0 0 1]]
weight = 0.05 mean = [-12.1021 -3.70393 -0.578286] covariance = [[1 0 0][0 1 0][0 0 1]]
weight = 0.05 mean = [-12.1021 -3.70393 1.93515] covariance = [[1 0 0][0 1 0][0 0 1]]
weight = 0.05 mean = [-12.1021 -3.70393 4.44858] covariance = [[1 0 0][0 1 0][0 0 1]]
weight = 0.05 mean = [-12.1021 3.79629 -3.09172] covariance = [[1 0 0][0 1 0][0 0 1]]
weight = 0.05 mean = [-12.1021 3.79629 -0.578286] covariance = [[1 0 0][0 1 0][0 0 1]]
weight = 0.05 mean = [-12.1021 3.79629 1.93515] covariance = [[1 0 0][0 1 0][0 0 1]]
weight = 0.05 mean = [-12.1021 3.79629 4.44858] covariance = [[1 0 0][0 1 0][0 0 1]]
weight = 0.05 mean = [-2.45482 -3.70393 -3.09172] covariance = [[1 0 0][0 1 0][0 0 1]]
weight = 0.05 mean = [-2.45482 -3.70393 -0.578286] covariance = [[1 0 0][0 1 0][0 0 1]]
weight = 0.05 mean = [-2.45482 -3.70393 1.93515] covariance = [[1 0 0][0 1 0][0 0 1]]
weight = 0.05 mean = [-2.45482 -3.70393 4.44858] covariance = [[1 0 0][0 1 0][0 0 1]]
]
2025-04-04 07:40:05 INFO  ren0 [gaussian_mixture_model.h:603] Finish E step
2025-04-04 07:40:08 INFO  ren0 [gaussian_mixture_model.h:194] components before the merge: 20
2025-04-04 07:40:08 INFO  ren0 [gaussian_mixture_model.h:213] components after the merge: 15, merged 12 component
2025-04-04 07:40:08 INFO  ren0 [gaussian_mixture_model.h:231] components after the split: 20, split 5 components
2025-04-04 07:40:08 INFO  ren0 [gaussian_mixture_model.h:615] Finish M step
2025-04-04 07:40:08 INFO  ren0 [octree.h:482] root weight: 1.103e+08 (110297784.000000)
2025-04-04 07:40:08 INFO  ren0 [octree.h:483] splitting threshold: 1.103e+05 (110297.789062)
2025-04-04 07:40:08 INFO  ren0 [octree.h:482] root weight: 1.404e+08 (140427328.000000)
2025-04-04 07:40:08 INFO  ren0 [octree.h:483] splitting threshold: 1.404e+05 (140427.328125)
2025-04-04 07:40:08 INFO  ren0 [octree.h:498] node count: 585 -> 712 -> 551

2025-04-04 07:40:08 INFO  ren0 [octree.h:498] node count: 585 -> 634 -> 348

2025-04-04 07:40:08 INFO  ren0 [PMMFocalGuidingIntegrator] diverge probability: 0.560

2025-04-04 07:40:08 INFO  ren0 [PMMFocalGuidingIntegrator] iteration postprocessing time: 5.4025s
2025-04-04 07:40:08 INFO  ren0 [PMMFocalGuidingIntegrator] GMM[
weight = 0.000463721 mean = [-20.2876 -3.06791 -1.20218] covariance = [[5.76682 1.78448 0.200763][1.78448 1.6087 0.252873][0.200763 0.252873 1.25387]]
weight = 0.000463721 mean = [-16.9283 -1.81772 -1.01126] covariance = [[5.76682 1.78448 0.200763][1.78448 1.6087 0.252873][0.200763 0.252873 1.25387]]
weight = 0.000221512 mean = [-17.0452 -1.9189 2.19994] covariance = [[5.51383 1.80271 0.144903][1.80271 1.44843 0.322657][0.144903 0.322657 1.4144]]
weight = 0.00061461 mean = [-17.4435 -1.16937 5.44165] covariance = [[4.96765 2.30261 0.822714][2.30261 2.04816 0.424396][0.822714 0.424396 1.58263]]
weight = 0.000221512 mean = [-20.3328 -3.17576 2.01608] covariance = [[5.51383 1.80271 0.144903][1.80271 1.44843 0.322657][0.144903 0.322657 1.4144]]
weight = 0.00118223 mean = [-17.9016 10.1113 -1.23673] covariance = [[5.95893 4.22006 0.2338][4.22006 12.2646 -0.0926139][0.2338 -0.0926139 1.20528]]
weight = 0.000269367 mean = [-17.8296 7.88169 1.70146] covariance = [[5.80734 2.54222 -0.225134][2.54222 7.47964 -0.0258224][-0.225134 -0.0258224 1.26305]]
weight = 0.00109635 mean = [-18.8814 8.00421 5.52392] covariance = [[9.79661 12.23 3.08152][12.23 20.2014 5.2687][3.08152 5.2687 2.41355]]
weight = 0.00061461 mean = [-20.5265 -2.86182 4.76766] covariance = [[4.96765 2.30261 0.822714][2.30261 2.04816 0.424396][0.822714 0.424396 1.58263]]
weight = 0.00845837 mean = [-10.8086 -1.44931 -0.877564] covariance = [[8.61178 3.13936 0.621662][3.13936 6.29919 0.786319][0.621662 0.786319 1.61826]]
weight = 0.00729369 mean = [-10.6351 -1.432 1.89083] covariance = [[8.9448 3.7344 -0.321815][3.7344 6.34816 -0.223759][-0.321815 -0.223759 0.919326]]
weight = 0.00613702 mean = [-11.6878 -1.92888 4.64883] covariance = [[8.7741 0.533598 -0.482294][0.533598 4.16041 0.194059][-0.482294 0.194059 1.58586]]
weight = 0.00118223 mean = [-20.3045 5.31702 -1.24567] covariance = [[5.95893 4.22006 0.2338][4.22006 12.2646 -0.0926139][0.2338 -0.0926139 1.20528]]
weight = 0.0875964 mean = [-6.64924 5.69224 -1.363] covariance = [[40.9337 13.5669 1.28228][13.5669 12.0622 0.119709][1.28228 0.119709 1.62264]]
weight = 0.0408227 mean = [-6.48736 5.30046 1.78989] covariance = [[41.6853 13.11 -0.868263][13.11 10.2912 -0.0467998][-0.868263 -0.0467998 0.93491]]
weight = 0.0312409 mean = [-6.76869 6.57597 4.79467] covariance = [[43.7149 19.7272 1.51207][19.7272 15.996 1.47954][1.51207 1.47954 1.77542]]
weight = 0.000269367 mean = [-20.363 4.38591 1.78343] covariance = [[5.80734 2.54222 -0.225134][2.54222 7.47964 -0.0258224][-0.225134 -0.0258224 1.26305]]
weight = 0.473978 mean = [1.65078 2.13874 -1.36055] covariance = [[25.8049 24.1414 1.07451][24.1414 39.8833 1.42269][1.07451 1.42269 1.64097]]
weight = 0.203609 mean = [1.91509 2.07485 1.71856] covariance = [[30.065 26.453 -0.77166][26.453 40.7723 -1.34331][-0.77166 -1.34331 0.963414]]
weight = 0.134264 mean = [2.94169 1.81416 4.73279] covariance = [[41.72 32.2076 2.03821][32.2076 39.2335 1.63283][2.03821 1.63283 1.74777]]
]
2025-04-04 07:40:08 INFO  ren0 [PMMFocalGuidingIntegrator] Octree[
AABB: AABB3[min=[-21.7494, -3.70393, -3.09172], max=[7.19249, 11.2965, 6.96201]]
Nodes count: 551
]
2025-04-04 07:40:08 INFO  ren0 [PMMFocalGuidingIntegrator] Octree[
AABB: AABB3[min=[-21.7494, -3.70393, -3.09172], max=[7.19249, 11.2965, 6.96201]]
Nodes count: 348
]
2025-04-04 07:40:08 INFO  ren0 [PMMFocalGuidingIntegrator] Rendering 1 iteration
2025-04-04 07:40:08 INFO  ren0 [SamplingIntegrator] Starting render job (1280x720, 4 samples, 8 cores, SSE2 enabled) ..
2025-04-04 07:41:11 INFO  ren0 [PMMFocalGuidingIntegrator] iteration render time: 1.0523m
2025-04-04 07:41:11 INFO  ren0 [PMMFocalGuidingIntegrator] Got 71826 non-zero samples and 0 zero samples
2025-04-04 07:41:11 INFO  ren0 [gaussian_mixture_model.h:576] Start processing batch
2025-04-04 07:41:14 INFO  ren0 [gaussian_mixture_model.h:603] Finish E step
2025-04-04 07:41:18 INFO  ren0 [gaussian_mixture_model.h:194] components before the merge: 20
2025-04-04 07:41:18 INFO  ren0 [gaussian_mixture_model.h:213] components after the merge: 14, merged 6 component
2025-04-04 07:41:18 INFO  ren0 [gaussian_mixture_model.h:231] components after the split: 20, split 6 components
2025-04-04 07:41:18 INFO  ren0 [gaussian_mixture_model.h:615] Finish M step
2025-04-04 07:41:18 INFO  ren0 [octree.h:482] root weight: 8.745e+07 (87450032.000000)
2025-04-04 07:41:18 INFO  ren0 [octree.h:483] splitting threshold: 8.745e+04 (87450.039062)
2025-04-04 07:41:18 INFO  ren0 [octree.h:482] root weight: 1.016e+08 (101632288.000000)
2025-04-04 07:41:18 INFO  ren0 [octree.h:483] splitting threshold: 1.016e+05 (101632.289062)
2025-04-04 07:41:18 INFO  ren0 [octree.h:498] node count: 551 -> 573 -> 542

2025-04-04 07:41:18 INFO  ren0 [octree.h:498] node count: 348 -> 362 -> 340

2025-04-04 07:41:18 INFO  ren0 [PMMFocalGuidingIntegrator] diverge probability: 0.538

2025-04-04 07:41:18 INFO  ren0 [PMMFocalGuidingIntegrator] iteration postprocessing time: 6.7746s
2025-04-04 07:41:18 INFO  ren0 [PMMFocalGuidingIntegrator] GMM[
weight = 0.000296811 mean = [-18.793 -2.59862 -1.04866] covariance = [[3.51161 0.861716 0.0818569][0.861716 1.01269 0.22881][0.0818569 0.22881 1.09095]]
weight = 0.000296811 mean = [-16.1718 -1.77239 -0.899004] covariance = [[3.51161 0.861716 0.0818569][0.861716 1.01269 0.22881][0.0818569 0.22881 1.09095]]
weight = 0.000156228 mean = [-18.889 -2.71708 2.11133] covariance = [[3.31768 0.896622 -0.0313089][0.896622 0.970723 0.316712][-0.0313089 0.316712 1.41567]]
weight = 0.000539735 mean = [-19.2512 7.40534 5.35029] covariance = [[2.9239 1.113 -0.00290683][1.113 3.17072 0.633261][-0.00290683 0.633261 1.02793]]
weight = 0.000156228 mean = [-16.3434 -1.84603 2.20019] covariance = [[3.31768 0.896622 -0.0313089][0.896622 0.970723 0.316712][-0.0313089 0.316712 1.41567]]
weight = 0.000450341 mean = [-19.495 -2.28284 5.13177] covariance = [[2.67688 0.900674 0.28219][0.900674 1.05507 0.101951][0.28219 0.101951 1.3098]]
weight = 0.00734803 mean = [-11.1882 -1.33798 0.528197] covariance = [[5.2626 1.55726 0.11421][1.55726 3.85339 0.0721905][0.11421 0.0721905 2.69298]]
weight = 0.000539735 mean = [-17.3908 9.60249 5.78209] covariance = [[2.9239 1.113 -0.00290683][1.113 3.17072 0.633261][-0.00290683 0.633261 1.02793]]
weight = 0.000450341 mean = [-17.2392 -1.28236 5.53814] covariance = [[2.67688 0.900674 0.28219][0.900674 1.05507 0.101951][0.28219 0.101951 1.3098]]
weight = 0.00254935 mean = [-12.8716 -1.86301 4.81608] covariance = [[5.1863 0.49743 -0.187287][0.49743 2.62158 0.0763996][-0.187287 0.0763996 1.67086]]
weight = 0.00734803 mean = [-8.21407 0.580687 0.661792] covariance = [[5.2626 1.55726 0.11421][1.55726 3.85339 0.0721905][0.11421 0.0721905 2.69298]]
weight = 0.00254935 mean = [-9.67763 -1.27141 4.66317] covariance = [[5.1863 0.49743 -0.187287][0.49743 2.62158 0.0763996][-0.187287 0.0763996 1.67086]]
weight = 0.00218915 mean = [-18.2354 8.95236 -1.2675] covariance = [[6.41415 3.78592 -0.0525717][3.78592 9.29883 -0.361867][-0.0525717 -0.361867 0.964053]]
weight = 0.0937301 mean = [-5.72022 5.48227 -1.35859] covariance = [[22.1356 4.65426 0.337359][4.65426 8.9138 -0.245206][0.337359 -0.245206 1.46056]]
weight = 0.0445538 mean = [-5.49601 5.20726 1.7621] covariance = [[22.7119 5.98351 -0.456664][5.98351 7.8095 0.221489][-0.456664 0.221489 0.947633]]
weight = 0.0301185 mean = [-6.16104 6.62558 4.77945] covariance = [[25.9412 9.39865 0.294834][9.39865 10.2051 0.883554][0.294834 0.883554 1.69542]]
weight = 0.000470739 mean = [-17.9402 8.35864 1.82506] covariance = [[6.84182 4.21239 0.0136461][4.21239 10.0934 0.541679][0.0136461 0.541679 1.32783]]
weight = 0.492672 mean = [1.63528 2.06426 -1.43419] covariance = [[11.7121 4.23913 0.375292][4.23913 11.1973 0.306187][0.375292 0.306187 1.48917]]
weight = 0.194734 mean = [1.89021 1.95313 1.7112] covariance = [[14.6973 5.60072 -0.0155207][5.60072 12.7024 -0.34909][-0.0155207 -0.34909 0.949504]]
weight = 0.11885 mean = [2.91728 1.56218 4.73322] covariance = [[18.5383 7.9558 0.83517][7.9558 13.0495 0.365433][0.83517 0.365433 1.70808]]
]
2025-04-04 07:41:18 INFO  ren0 [PMMFocalGuidingIntegrator] Octree[
AABB: AABB3[min=[-21.7494, -3.70393, -3.09172], max=[7.19249, 11.2965, 6.96201]]
Nodes count: 542
]
2025-04-04 07:41:18 INFO  ren0 [PMMFocalGuidingIntegrator] Octree[
AABB: AABB3[min=[-21.7494, -3.70393, -3.09172], max=[7.19249, 11.2965, 6.96201]]
Nodes count: 340
]
2025-04-04 07:41:18 INFO  ren0 [PMMFocalGuidingIntegrator] Rendering 2 iteration
2025-04-04 07:41:18 INFO  ren0 [SamplingIntegrator] Starting render job (1280x720, 4 samples, 8 cores, SSE2 enabled) ..
2025-04-04 07:42:25 INFO  ren0 [PMMFocalGuidingIntegrator] iteration render time: 1.1196m
2025-04-04 07:42:25 INFO  ren0 [PMMFocalGuidingIntegrator] Got 87269 non-zero samples and 0 zero samples
2025-04-04 07:42:25 INFO  ren0 [gaussian_mixture_model.h:576] Start processing batch
2025-04-04 07:42:28 INFO  ren0 [gaussian_mixture_model.h:603] Finish E step
2025-04-04 07:42:33 INFO  ren0 [gaussian_mixture_model.h:194] components before the merge: 20
2025-04-04 07:42:33 INFO  ren0 [gaussian_mixture_model.h:213] components after the merge: 14, merged 6 component
2025-04-04 07:42:33 INFO  ren0 [gaussian_mixture_model.h:231] components after the split: 20, split 6 components
2025-04-04 07:42:33 INFO  ren0 [gaussian_mixture_model.h:615] Finish M step
2025-04-04 07:42:33 INFO  ren0 [octree.h:482] root weight: 7.777e+07 (77765944.000000)
2025-04-04 07:42:33 INFO  ren0 [octree.h:483] splitting threshold: 7.777e+04 (77765.945312)
2025-04-04 07:42:33 INFO  ren0 [octree.h:482] root weight: 8.611e+07 (86105360.000000)
2025-04-04 07:42:33 INFO  ren0 [octree.h:483] splitting threshold: 8.611e+04 (86105.367188)
2025-04-04 07:42:33 INFO  ren0 [octree.h:498] node count: 542 -> 559 -> 535

2025-04-04 07:42:33 INFO  ren0 [octree.h:498] node count: 340 -> 352 -> 332

2025-04-04 07:42:33 INFO  ren0 [PMMFocalGuidingIntegrator] diverge probability: 0.525

2025-04-04 07:42:33 INFO  ren0 [PMMFocalGuidingIntegrator] iteration postprocessing time: 8.0775s
2025-04-04 07:42:33 INFO  ren0 [PMMFocalGuidingIntegrator] GMM[
weight = 0.00040175 mean = [-18.5021 -2.45457 -0.966257] covariance = [[2.20221 0.393491 -0.0429028][0.393491 0.758697 0.2204][-0.0429028 0.2204 1.09981]]
weight = 0.00040175 mean = [-16.4236 -1.92145 -0.942712] covariance = [[2.20221 0.393491 -0.0429028][0.393491 0.758697 0.2204][-0.0429028 0.2204 1.09981]]
weight = 0.00022562 mean = [-18.6291 -2.68237 2.02097] covariance = [[2.11839 0.478071 -0.0484267][0.478071 0.758054 0.292781][-0.0484267 0.292781 1.32083]]
weight = 0.000558734 mean = [-18.8206 7.90024 5.44925] covariance = [[2.27093 0.0762004 -0.263198][0.0762004 2.19102 0.425818][-0.263198 0.425818 0.988669]]
weight = 0.00022562 mean = [-16.6044 -2.02355 2.12072] covariance = [[2.11839 0.478071 -0.0484267][0.478071 0.758054 0.292781][-0.0484267 0.292781 1.32083]]
weight = 0.000486749 mean = [-19.2537 -2.05281 5.13458] covariance = [[1.94407 0.454196 0.134547][0.454196 0.760488 -0.01466][0.134547 -0.01466 1.25524]]
weight = 0.0024802 mean = [-12.5532 -1.77094 4.75405] covariance = [[4.76496 0.36692 -0.0724875][0.36692 2.1321 0.0280852][-0.0724875 0.0280852 1.72817]]
weight = 0.000558734 mean = [-17.1116 9.20651 5.52937] covariance = [[2.27093 0.0762004 -0.263198][0.0762004 2.19102 0.425818][-0.263198 0.425818 0.988669]]
weight = 0.000486749 mean = [-17.3219 -1.40857 5.42564] covariance = [[1.94407 0.454196 0.134547][0.454196 0.760488 -0.01466][0.134547 -0.01466 1.25524]]
weight = 0.00116373 mean = [-19.0665 8.04457 -1.17267] covariance = [[3.79143 0.152582 -0.0530077][0.152582 3.7017 -0.323074][-0.0530077 -0.323074 0.823478]]
weight = 0.0146928 mean = [-9.38797 -0.164125 0.651038] covariance = [[7.67164 2.72134 0.253472][2.72134 3.99187 0.0519312][0.253472 0.0519312 2.66653]]
weight = 0.0024802 mean = [-9.47874 -1.35143 4.6857] covariance = [[4.76496 0.36692 -0.0724875][0.36692 2.1321 0.0280852][-0.0724875 0.0280852 1.72817]]
weight = 0.00116373 mean = [-16.9238 9.83567 -1.3959] covariance = [[3.79143 0.152582 -0.0530077][0.152582 3.7017 -0.323074][-0.0530077 -0.323074 0.823478]]
weight = 0.0922905 mean = [-5.39809 5.32805 -1.40399] covariance = [[17.6416 2.98466 0.0847296][2.98466 8.466 -0.281249][0.0847296 -0.281249 1.39635]]
weight = 0.0437351 mean = [-5.17216 5.15163 1.74339] covariance = [[17.8283 4.7383 -0.3727][4.7383 7.55079 0.299322][-0.3727 0.299322 0.958488]]
weight = 0.027741 mean = [-5.81343 6.70771 4.7873] covariance = [[22.12 7.25112 0.0225169][7.25112 8.81802 0.702683][0.0225169 0.702683 1.66912]]
weight = 0.000527245 mean = [-17.7235 8.55674 1.89992] covariance = [[6.83994 3.06298 0.141261][3.06298 6.70001 0.546748][0.141261 0.546748 1.25868]]
weight = 0.507741 mean = [1.64313 2.04407 -1.50938] covariance = [[9.17277 1.21504 0.305413][1.21504 6.66265 0.149059][0.305413 0.149059 1.45267]]
weight = 0.193483 mean = [1.90004 1.92063 1.70835] covariance = [[11.9397 2.47245 0.112769][2.47245 8.34429 -0.208886][0.112769 -0.208886 0.948084]]
weight = 0.109155 mean = [2.929 1.44757 4.72693] covariance = [[14.6192 4.3965 0.65086][4.3965 8.94326 0.199994][0.65086 0.199994 1.70639]]
]
2025-04-04 07:42:33 INFO  ren0 [PMMFocalGuidingIntegrator] Octree[
AABB: AABB3[min=[-21.7494, -3.70393, -3.09172], max=[7.19249, 11.2965, 6.96201]]
Nodes count: 535
]
2025-04-04 07:42:33 INFO  ren0 [PMMFocalGuidingIntegrator] Octree[
AABB: AABB3[min=[-21.7494, -3.70393, -3.09172], max=[7.19249, 11.2965, 6.96201]]
Nodes count: 332
]
2025-04-04 07:42:33 INFO  ren0 [PMMFocalGuidingIntegrator] Rendering 3 iteration
2025-04-04 07:42:33 INFO  ren0 [SamplingIntegrator] Starting render job (1280x720, 4 samples, 8 cores, SSE2 enabled) ..
2025-04-04 07:43:41 INFO  ren0 [PMMFocalGuidingIntegrator] iteration render time: 1.1350m
2025-04-04 07:43:41 INFO  ren0 [PMMFocalGuidingIntegrator] Got 103950 non-zero samples and 0 zero samples
2025-04-04 07:43:41 INFO  ren0 [gaussian_mixture_model.h:576] Start processing batch
2025-04-04 07:43:45 INFO  ren0 [gaussian_mixture_model.h:603] Finish E step
2025-04-04 07:43:51 INFO  ren0 [gaussian_mixture_model.h:194] components before the merge: 20
2025-04-04 07:43:51 INFO  ren0 [gaussian_mixture_model.h:213] components after the merge: 14, merged 6 component
2025-04-04 07:43:51 INFO  ren0 [gaussian_mixture_model.h:231] components after the split: 20, split 6 components
2025-04-04 07:43:51 INFO  ren0 [gaussian_mixture_model.h:615] Finish M step
2025-04-04 07:43:51 INFO  ren0 [octree.h:482] root weight: 7.633e+07 (76326224.000000)
2025-04-04 07:43:51 INFO  ren0 [octree.h:483] splitting threshold: 7.633e+04 (76326.226562)
2025-04-04 07:43:51 INFO  ren0 [octree.h:482] root weight: 7.757e+07 (77570392.000000)
2025-04-04 07:43:51 INFO  ren0 [octree.h:483] splitting threshold: 7.757e+04 (77570.398438)
2025-04-04 07:43:51 INFO  ren0 [octree.h:498] node count: 535 -> 574 -> 553

2025-04-04 07:43:51 INFO  ren0 [octree.h:498] node count: 332 -> 346 -> 330

2025-04-04 07:43:51 INFO  ren0 [PMMFocalGuidingIntegrator] diverge probability: 0.504

2025-04-04 07:43:51 INFO  ren0 [PMMFocalGuidingIntegrator] iteration postprocessing time: 9.5279s
2025-04-04 07:43:51 INFO  ren0 [PMMFocalGuidingIntegrator] GMM[
weight = 0.000465743 mean = [-18.3631 -2.33335 -0.900393] covariance = [[1.73474 0.213573 -0.0710837][0.213573 0.659726 0.205172][-0.0710837 0.205172 1.1401]]
weight = 0.000465743 mean = [-16.5105 -1.99739 -0.998887] covariance = [[1.73474 0.213573 -0.0710837][0.213573 0.659726 0.205172][-0.0710837 0.205172 1.1401]]
weight = 0.000272187 mean = [-18.4709 -2.63746 1.97943] covariance = [[1.66222 0.303196 -0.0521575][0.303196 0.681526 0.267355][-0.0521575 0.267355 1.26873]]
weight = 0.00056564 mean = [-18.607 8.27774 5.55452] covariance = [[1.84372 -0.0540117 -0.208247][-0.0540117 2.25138 0.340118][-0.208247 0.340118 0.929993]]
weight = 0.000272187 mean = [-16.681 -2.10368 2.08204] covariance = [[1.66222 0.303196 -0.0521575][0.303196 0.681526 0.267355][-0.0521575 0.267355 1.26873]]
weight = 0.000491786 mean = [-19.1605 -1.93769 5.11727] covariance = [[1.71941 0.301797 0.097628][0.301797 0.669028 -0.0823554][0.097628 -0.0823554 1.24285]]
weight = 0.00242992 mean = [-12.2569 -1.74103 4.67893] covariance = [[4.57858 0.240412 -0.00700868][0.240412 1.94043 0.0280408][-0.00700868 0.0280408 1.77583]]
weight = 0.00056564 mean = [-16.7528 8.744 5.30925] covariance = [[1.84372 -0.0540117 -0.208247][-0.0540117 2.25138 0.340118][-0.208247 0.340118 0.929993]]
weight = 0.000491786 mean = [-17.3327 -1.47187 5.36447] covariance = [[1.71941 0.301797 0.097628][0.301797 0.669028 -0.0823554][0.097628 -0.0823554 1.24285]]
weight = 0.00119611 mean = [-18.8339 8.40086 -1.17309] covariance = [[3.24826 -0.0770832 -0.0864123][-0.0770832 3.30087 -0.383838][-0.0864123 -0.383838 0.781079]]
weight = 0.0148116 mean = [-9.20168 -0.175679 0.653426] covariance = [[7.80369 2.36864 0.319081][2.36864 3.62323 0.0716043][0.319081 0.0716043 2.71604]]
weight = 0.00242992 mean = [-9.23599 -1.46803 4.67414] covariance = [[4.57858 0.240412 -0.00700868][0.240412 1.94043 0.0280408][-0.00700868 0.0280408 1.77583]]
weight = 0.00119611 mean = [-16.536 9.4512 -1.41957] covariance = [[3.24826 -0.0770832 -0.0864123][-0.0770832 3.30087 -0.383838][-0.0864123 -0.383838 0.781079]]
weight = 0.0901258 mean = [-5.11464 5.28953 -1.44349] covariance = [[16.112 2.86624 -0.0569423][2.86624 8.64589 -0.278591][-0.0569423 -0.278591 1.35127]]
weight = 0.0429082 mean = [-4.95225 5.18225 1.72219] covariance = [[15.7961 4.4679 -0.361294][4.4679 7.51838 0.322199][-0.361294 0.322199 0.969492]]
weight = 0.0256894 mean = [-5.51166 6.82375 4.79133] covariance = [[21.1506 6.54466 -0.10418][6.54466 8.13245 0.566239][-0.10418 0.566239 1.65355]]
weight = 0.000620008 mean = [-17.5386 8.41395 1.95678] covariance = [[7.23208 2.81311 0.0545842][2.81311 5.93988 0.475732][0.0545842 0.475732 1.22434]]
weight = 0.524155 mean = [1.66587 2.00792 -1.59713] covariance = [[8.00043 0.362234 0.281002][0.362234 5.22764 0.126501][0.281002 0.126501 1.42649]]
weight = 0.190411 mean = [1.90791 1.89865 1.69548] covariance = [[10.7821 1.61526 0.181142][1.61526 7.14822 -0.161558][0.181142 -0.161558 0.954014]]
weight = 0.100436 mean = [2.96228 1.35331 4.72312] covariance = [[13.2197 3.46869 0.612346][3.46869 7.75927 0.167131][0.612346 0.167131 1.70365]]
]
2025-04-04 07:43:51 INFO  ren0 [PMMFocalGuidingIntegrator] Octree[
AABB: AABB3[min=[-21.7494, -3.70393, -3.09172], max=[7.19249, 11.2965, 6.96201]]
Nodes count: 553
]
2025-04-04 07:43:51 INFO  ren0 [PMMFocalGuidingIntegrator] Octree[
AABB: AABB3[min=[-21.7494, -3.70393, -3.09172], max=[7.19249, 11.2965, 6.96201]]
Nodes count: 330
]
2025-04-04 07:43:51 INFO  ren0 [PMMFocalGuidingIntegrator] Rendering 4 iteration
2025-04-04 07:43:51 INFO  ren0 [SamplingIntegrator] Starting render job (1280x720, 4 samples, 8 cores, SSE2 enabled) ..
2025-04-04 07:45:01 INFO  ren0 [PMMFocalGuidingIntegrator] iteration render time: 1.1741m
2025-04-04 07:45:01 INFO  ren0 [PMMFocalGuidingIntegrator] Got 122709 non-zero samples and 0 zero samples
2025-04-04 07:45:01 INFO  ren0 [gaussian_mixture_model.h:576] Start processing batch
2025-04-04 07:45:06 INFO  ren0 [gaussian_mixture_model.h:603] Finish E step
2025-04-04 07:45:12 INFO  ren0 [gaussian_mixture_model.h:194] components before the merge: 20
2025-04-04 07:45:12 INFO  ren0 [gaussian_mixture_model.h:213] components after the merge: 14, merged 6 component
2025-04-04 07:45:12 INFO  ren0 [gaussian_mixture_model.h:231] components after the split: 20, split 6 components
2025-04-04 07:45:12 INFO  ren0 [gaussian_mixture_model.h:615] Finish M step
2025-04-04 07:45:12 INFO  ren0 [octree.h:482] root weight: 8.555e+07 (85545760.000000)
2025-04-04 07:45:12 INFO  ren0 [octree.h:483] splitting threshold: 8.555e+04 (85545.765625)
2025-04-04 07:45:12 INFO  ren0 [octree.h:482] root weight: 7.535e+07 (75349592.000000)
2025-04-04 07:45:12 INFO  ren0 [octree.h:483] splitting threshold: 7.535e+04 (75349.593750)
2025-04-04 07:45:12 INFO  ren0 [octree.h:498] node count: 553 -> 589 -> 577

2025-04-04 07:45:12 INFO  ren0 [octree.h:498] node count: 330 -> 335 -> 320

2025-04-04 07:45:12 INFO  ren0 [PMMFocalGuidingIntegrator] diverge probability: 0.468

2025-04-04 07:45:12 INFO  ren0 [PMMFocalGuidingIntegrator] iteration postprocessing time: 11.2396s
2025-04-04 07:45:12 INFO  ren0 [PMMFocalGuidingIntegrator] GMM[
weight = 0.000459145 mean = [-18.3167 -2.26132 -0.868922] covariance = [[1.53642 0.134756 -0.0565297][0.134756 0.643161 0.18083][-0.0565297 0.18083 1.15493]]
weight = 0.000459145 mean = [-16.5717 -2.03249 -1.01075] covariance = [[1.53642 0.134756 -0.0565297][0.134756 0.643161 0.18083][-0.0565297 0.18083 1.15493]]
weight = 0.00028539 mean = [-18.3409 -2.63225 1.96529] covariance = [[1.43373 0.209339 -0.0596613][0.209339 0.667762 0.265224][-0.0596613 0.265224 1.25546]]
weight = 0.000540651 mean = [-18.3941 8.44719 5.57998] covariance = [[1.74245 0.031452 -0.162248][0.031452 2.20674 0.196874][-0.162248 0.196874 0.870968]]
weight = 0.00028539 mean = [-16.6793 -2.17839 2.05678] covariance = [[1.43373 0.209339 -0.0596613][0.209339 0.667762 0.265224][-0.0596613 0.265224 1.25546]]
weight = 0.000472297 mean = [-19.1108 -1.8803 5.10995] covariance = [[1.6524 0.242582 0.0876713][0.242582 0.639714 -0.127141][0.0876713 -0.127141 1.22516]]
weight = 0.00237039 mean = [-11.983 -1.7401 4.62327] covariance = [[4.55631 0.152395 0.0167232][0.152395 1.83591 0.0356849][0.0167232 0.0356849 1.80743]]
weight = 0.000540651 mean = [-16.541 8.46274 5.24957] covariance = [[1.74245 0.031452 -0.162248][0.031452 2.20674 0.196874][-0.162248 0.196874 0.870968]]
weight = 0.000472297 mean = [-17.3122 -1.50081 5.3336] covariance = [[1.6524 0.242582 0.0876713][0.242582 0.639714 -0.127141][0.0876713 -0.127141 1.22516]]
weight = 0.00119081 mean = [-18.5878 8.48783 -1.20197] covariance = [[3.14019 -0.0654573 -0.126158][-0.0654573 3.17707 -0.423257][-0.126158 -0.423257 0.767263]]
weight = 0.0147263 mean = [-9.00945 -0.219606 0.651978] covariance = [[7.98885 1.96491 0.357828][1.96491 3.36638 0.10203][0.357828 0.10203 2.79353]]
weight = 0.00237039 mean = [-8.96618 -1.57136 4.64374] covariance = [[4.55631 0.152395 0.0167232][0.152395 1.83591 0.0356849][0.0167232 0.0356849 1.80743]]
weight = 0.00119081 mean = [-16.2428 9.31809 -1.47571] covariance = [[3.14019 -0.0654573 -0.126158][-0.0654573 3.17707 -0.423257][-0.126158 -0.423257 0.767263]]
weight = 0.0884499 mean = [-4.89525 5.26247 -1.4888] covariance = [[15.4937 3.06161 -0.11508][3.06161 8.94185 -0.266153][-0.11508 -0.266153 1.31256]]
weight = 0.0416001 mean = [-4.78001 5.19867 1.69747] covariance = [[14.7451 4.40117 -0.384508][4.40117 7.43958 0.3178][-0.384508 0.3178 0.98659]]
weight = 0.0237189 mean = [-5.26774 6.9093 4.79713] covariance = [[21.014 6.24306 -0.170629][6.24306 7.67341 0.472743][-0.170629 0.472743 1.63882]]
weight = 0.000686047 mean = [-17.3327 8.20504 1.97285] covariance = [[7.80258 2.91859 -0.0301528][2.91859 5.99019 0.427793][-0.0301528 0.427793 1.21777]]
weight = 0.539254 mean = [1.71102 1.96508 -1.68874] covariance = [[7.19049 0.0247981 0.261349][0.0247981 4.4641 0.136632][0.261349 0.136632 1.39417]]
weight = 0.187469 mean = [1.94415 1.88706 1.68011] covariance = [[10.037 1.2817 0.225651][1.2817 6.64754 -0.130197][0.225651 -0.130197 0.965682]]
weight = 0.0934592 mean = [3.01869 1.30087 4.71976] covariance = [[12.39 3.18673 0.620181][3.18673 7.27675 0.179495][0.620181 0.179495 1.69878]]
]
2025-04-04 07:45:12 INFO  ren0 [PMMFocalGuidingIntegrator] Octree[
AABB: AABB3[min=[-21.7494, -3.70393, -3.09172], max=[7.19249, 11.2965, 6.96201]]
Nodes count: 577
]
2025-04-04 07:45:12 INFO  ren0 [PMMFocalGuidingIntegrator] Octree[
