2025-05-20 23:34:05 INFO  main [mitsuba.cpp:274] Mitsuba version 0.6.0 (Linux, 64 bit), Copyright (c) 2017 Wenzel Jakob
2025-05-20 23:34:05 INFO  main [mitsuba.cpp:377] Parsing scene description from "scene/modern-hall/modern-hall.xml" ..
2025-05-20 23:34:05 INFO  main [scenehandler.cpp:675] In file "/mitsuba/scene/modern-hall/modern-hall.xml" (near line 20): Parsing included file "pmm_focal_recursive.xml" ..
2025-05-20 23:34:05 INFO  main [PluginManager] Loading plugin "plugins/pmm_focal_recursive.so" ..
2025-05-20 23:34:05 INFO  main [octree.h:534] root weight: 8.000e-20 (0.000000)
2025-05-20 23:34:05 INFO  main [octree.h:535] splitting threshold: 8.000e-23 (0.000000)
2025-05-20 23:34:05 INFO  main [octree.h:550] node count: 1 -> 585 -> 585

2025-05-20 23:34:05 INFO  main [octree.h:534] root weight: 8.000e-20 (0.000000)
2025-05-20 23:34:05 INFO  main [octree.h:535] splitting threshold: 8.000e-23 (0.000000)
2025-05-20 23:34:05 INFO  main [octree.h:550] node count: 1 -> 585 -> 585

2025-05-20 23:34:05 INFO  main [MIFocalGuidingPathTracer] Final render will have 32 spp, m_budget will not be taken into account.
2025-05-20 23:34:05 INFO  main [MIFocalGuidingPathTracer] budget: 1800
2025-05-20 23:34:05 INFO  main [MIFocalGuidingPathTracer] dumpPrimaryRays: false
2025-05-20 23:34:05 INFO  main [MIFocalGuidingPathTracer] dumpScene: false
2025-05-20 23:34:05 INFO  main [MIFocalGuidingPathTracer] finalSpp: 32
2025-05-20 23:34:05 INFO  main [MIFocalGuidingPathTracer] gmm.alpha: 0.4
2025-05-20 23:34:05 INFO  main [MIFocalGuidingPathTracer] gmm.initMethod: KMeans
2025-05-20 23:34:05 INFO  main [MIFocalGuidingPathTracer] gmm.maxNumComp: 10
2025-05-20 23:34:05 INFO  main [MIFocalGuidingPathTracer] gmm.mergingThreshold: 0.9
2025-05-20 23:34:05 INFO  main [MIFocalGuidingPathTracer] gmm.minNumComp: 3
2025-05-20 23:34:05 INFO  main [MIFocalGuidingPathTracer] gmm.splittingThreshold: 100
2025-05-20 23:34:05 INFO  main [MIFocalGuidingPathTracer] iterationBudget: 10
2025-05-20 23:34:05 INFO  main [MIFocalGuidingPathTracer] iterationCount: 15
2025-05-20 23:34:05 INFO  main [MIFocalGuidingPathTracer] maxDepth: 40
2025-05-20 23:34:05 INFO  main [MIFocalGuidingPathTracer] minSamplesToStartFitting: 10
2025-05-20 23:34:05 INFO  main [MIFocalGuidingPathTracer] normalBinning: disabled
2025-05-20 23:34:05 INFO  main [MIFocalGuidingPathTracer] renderMaxSeconds: 36000
2025-05-20 23:34:05 INFO  main [MIFocalGuidingPathTracer] rrDepth: 14
2025-05-20 23:34:05 INFO  main [MIFocalGuidingPathTracer] samplingMode: 2
2025-05-20 23:34:05 INFO  main [MIFocalGuidingPathTracer] shouldPretrain: false
2025-05-20 23:34:05 INFO  main [MIFocalGuidingPathTracer] strictNormals: true
2025-05-20 23:34:05 INFO  main [MIFocalGuidingPathTracer] trainingSamples: 4
2025-05-20 23:34:05 INFO  main [MIFocalGuidingPathTracer] tree.threshold: 0.001
2025-05-20 23:34:05 INFO  main [MIFocalGuidingPathTracer] unboundedSplatting: true
2025-05-20 23:34:05 INFO  main [PluginManager] Loading plugin "plugins/independent.so" ..
2025-05-20 23:34:05 INFO  main [PluginManager] Loading plugin "plugins/box.so" ..
2025-05-20 23:34:05 INFO  main [PluginManager] Loading plugin "plugins/hdrfilm.so" ..
2025-05-20 23:34:05 INFO  main [PluginManager] Loading plugin "plugins/perspective.so" ..
2025-05-20 23:34:05 INFO  main [PluginManager] Loading plugin "plugins/dielectric.so" ..
2025-05-20 23:34:05 INFO  main [PluginManager] Loading plugin "plugins/bitmap.so" ..
2025-05-20 23:34:05 INFO  main [BitmapTexture] Loading texture "wood5.jpg"
2025-05-20 23:34:05 INFO  main [PluginManager] Loading plugin "plugins/lanczos.so" ..
2025-05-20 23:34:05 INFO  main [MIPMap] Generating MIP map cache file "/mitsuba/scene/modern-hall/textures/wood5.mip" ..
2025-05-20 23:34:05 INFO  main [PluginManager] Loading plugin "plugins/roughplastic.so" ..
2025-05-20 23:34:05 INFO  main [PluginManager] Loading plugin "plugins/twosided.so" ..
2025-05-20 23:34:05 INFO  main [BitmapTexture] Loading texture "Tiles.jpg"
2025-05-20 23:34:05 INFO  main [PluginManager] Loading plugin "plugins/diffuse.so" ..
2025-05-20 23:34:05 INFO  main [BitmapTexture] Loading texture "Wallpaper.jpg"
2025-05-20 23:34:05 INFO  main [PluginManager] Loading plugin "plugins/roughconductor.so" ..
2025-05-20 23:34:05 INFO  main [spectrum.cpp:599] "Cu.eta.spd": loaded a spectral power distribution with 55 entries (between 302.400421 and 885.601257 nm)
2025-05-20 23:34:05 INFO  main [spectrum.cpp:599] "Cu.k.spd": loaded a spectral power distribution with 55 entries (between 302.400421 and 885.601257 nm)
2025-05-20 23:34:05 INFO  main [spectrum.cpp:599] "Cu.eta.spd": loaded a spectral power distribution with 55 entries (between 302.400421 and 885.601257 nm)
2025-05-20 23:34:05 INFO  main [spectrum.cpp:599] "Cu.k.spd": loaded a spectral power distribution with 55 entries (between 302.400421 and 885.601257 nm)
2025-05-20 23:34:05 INFO  main [PluginManager] Loading plugin "plugins/difftrans.so" ..
2025-05-20 23:34:05 INFO  main [PluginManager] Loading plugin "plugins/area.so" ..
2025-05-20 23:34:05 INFO  main [PluginManager] Loading plugin "plugins/rectangle.so" ..
2025-05-20 23:34:05 INFO  main [PluginManager] Loading plugin "plugins/cube.so" ..
2025-05-20 23:34:05 INFO  main [PluginManager] Loading plugin "plugins/obj.so" ..
2025-05-20 23:34:05 INFO  main [WavefrontOBJ] Loading geometry from "Mesh008.obj" ..
2025-05-20 23:34:05 INFO  main [WavefrontOBJ] Mesh008: 5184 triangles, 2664 vertices (merged 12888 vertices).
2025-05-20 23:34:05 INFO  main [WavefrontOBJ] Done with "Mesh008.obj" (took 12 ms)
2025-05-20 23:34:05 INFO  main [WavefrontOBJ] Loading geometry from "Mesh004.obj" ..
2025-05-20 23:34:05 INFO  main [WavefrontOBJ] Mesh004: 5184 triangles, 2664 vertices (merged 12888 vertices).
2025-05-20 23:34:05 INFO  main [WavefrontOBJ] Done with "Mesh004.obj" (took 11 ms)
2025-05-20 23:34:05 INFO  main [WavefrontOBJ] Loading geometry from "Mesh003.obj" ..
2025-05-20 23:34:05 INFO  main [WavefrontOBJ] Mesh003: 5184 triangles, 2664 vertices (merged 12888 vertices).
2025-05-20 23:34:05 INFO  main [WavefrontOBJ] Done with "Mesh003.obj" (took 11 ms)
2025-05-20 23:34:05 INFO  main [WavefrontOBJ] Loading geometry from "Mesh006.obj" ..
2025-05-20 23:34:05 INFO  main [WavefrontOBJ] Mesh006: 5184 triangles, 2664 vertices (merged 12888 vertices).
2025-05-20 23:34:05 INFO  main [WavefrontOBJ] Done with "Mesh006.obj" (took 11 ms)
2025-05-20 23:34:05 INFO  main [WavefrontOBJ] Loading geometry from "Mesh012.obj" ..
2025-05-20 23:34:05 INFO  main [WavefrontOBJ] Mesh012: 444 triangles, 882 vertices (merged 450 vertices).
2025-05-20 23:34:05 INFO  main [WavefrontOBJ] Done with "Mesh012.obj" (took 2 ms)
2025-05-20 23:34:05 INFO  main [WavefrontOBJ] Loading geometry from "Mesh013.obj" ..
2025-05-20 23:34:05 INFO  main [WavefrontOBJ] Mesh013: 5184 triangles, 2664 vertices (merged 12888 vertices).
2025-05-20 23:34:05 INFO  main [WavefrontOBJ] Done with "Mesh013.obj" (took 11 ms)
2025-05-20 23:34:05 INFO  main [WavefrontOBJ] Loading geometry from "Mesh010.obj" ..
2025-05-20 23:34:05 INFO  main [WavefrontOBJ] Mesh010: 32 triangles, 60 vertices (merged 36 vertices).
2025-05-20 23:34:05 INFO  main [WavefrontOBJ] Done with "Mesh010.obj" (took 0 ms)
2025-05-20 23:34:05 INFO  main [WavefrontOBJ] Loading geometry from "Mesh015.obj" ..
2025-05-20 23:34:05 INFO  main [WavefrontOBJ] Mesh015: 32 triangles, 60 vertices (merged 36 vertices).
2025-05-20 23:34:05 INFO  main [WavefrontOBJ] Done with "Mesh015.obj" (took 0 ms)
2025-05-20 23:34:05 INFO  main [WavefrontOBJ] Loading geometry from "Mesh002.obj" ..
2025-05-20 23:34:05 INFO  main [WavefrontOBJ] Mesh002: 32 triangles, 60 vertices (merged 36 vertices).
2025-05-20 23:34:05 INFO  main [WavefrontOBJ] Done with "Mesh002.obj" (took 0 ms)
2025-05-20 23:34:05 INFO  main [WavefrontOBJ] Loading geometry from "Mesh007.obj" ..
2025-05-20 23:34:05 INFO  main [WavefrontOBJ] Mesh007: 32 triangles, 60 vertices (merged 36 vertices).
2025-05-20 23:34:05 INFO  main [WavefrontOBJ] Done with "Mesh007.obj" (took 0 ms)
2025-05-20 23:34:05 INFO  main [WavefrontOBJ] Loading geometry from "Mesh005.obj" ..
2025-05-20 23:34:05 INFO  main [WavefrontOBJ] Mesh005: 12 triangles, 20 vertices (merged 16 vertices).
2025-05-20 23:34:05 INFO  main [WavefrontOBJ] Done with "Mesh005.obj" (took 0 ms)
2025-05-20 23:34:05 INFO  main [WavefrontOBJ] Loading geometry from "Mesh016.obj" ..
2025-05-20 23:34:05 INFO  main [WavefrontOBJ] Mesh016: 120 triangles, 204 vertices (merged 156 vertices).
2025-05-20 23:34:05 INFO  main [WavefrontOBJ] Done with "Mesh016.obj" (took 0 ms)
2025-05-20 23:34:05 INFO  main [WavefrontOBJ] Loading geometry from "Mesh017.obj" ..
2025-05-20 23:34:05 INFO  main [WavefrontOBJ] Mesh017: 20 triangles, 40 vertices (merged 20 vertices).
2025-05-20 23:34:05 INFO  main [WavefrontOBJ] Done with "Mesh017.obj" (took 0 ms)
2025-05-20 23:34:05 INFO  main [WavefrontOBJ] Loading geometry from "Mesh018.obj" ..
2025-05-20 23:34:05 INFO  main [WavefrontOBJ] Mesh018: 2 triangles, 4 vertices (merged 2 vertices).
2025-05-20 23:34:05 INFO  main [WavefrontOBJ] Done with "Mesh018.obj" (took 0 ms)
2025-05-20 23:34:05 INFO  main [WavefrontOBJ] Loading geometry from "Mesh011.obj" ..
2025-05-20 23:34:05 INFO  main [WavefrontOBJ] Mesh011: 32 triangles, 30 vertices (merged 66 vertices).
2025-05-20 23:34:05 INFO  main [WavefrontOBJ] Done with "Mesh011.obj" (took 0 ms)
2025-05-20 23:34:05 INFO  main [PluginManager] Loading plugin "plugins/homogeneous.so" ..
2025-05-20 23:34:05 INFO  main [PluginManager] Loading plugin "plugins/isotropic.so" ..
2025-05-20 23:34:05 INFO  main [WavefrontOBJ] Loading geometry from "Mesh014.obj" ..
2025-05-20 23:34:05 INFO  main [WavefrontOBJ] Mesh014: 36 triangles, 72 vertices (merged 36 vertices).
2025-05-20 23:34:05 INFO  main [WavefrontOBJ] Done with "Mesh014.obj" (took 0 ms)
2025-05-20 23:34:05 INFO  main [WavefrontOBJ] Loading geometry from "Mesh001.obj" ..
2025-05-20 23:34:05 INFO  main [WavefrontOBJ] Mesh001: 924 triangles, 2016 vertices (merged 756 vertices).
2025-05-20 23:34:05 INFO  main [WavefrontOBJ] Done with "Mesh001.obj" (took 5 ms)
2025-05-20 23:34:05 INFO  main [WavefrontOBJ] Loading geometry from "Mesh000.obj" ..
2025-05-20 23:34:05 INFO  main [WavefrontOBJ] Mesh000: 3127 triangles, 2075 vertices (merged 7306 vertices).
2025-05-20 23:34:05 INFO  main [WavefrontOBJ] Done with "Mesh000.obj" (took 12 ms)
2025-05-20 23:34:05 INFO  main [WavefrontOBJ] Loading geometry from "Mesh009.obj" ..
2025-05-20 23:34:05 INFO  main [WavefrontOBJ] Mesh009: 146 triangles, 110 vertices (merged 328 vertices).
2025-05-20 23:34:05 INFO  main [WavefrontOBJ] Done with "Mesh009.obj" (took 0 ms)
2025-05-20 23:34:05 INFO  ren0 [KDTreeBase] Constructing a SAH kd-tree (30963 primitives) ..
2025-05-20 23:34:06 INFO  ren0 [KDTreeBase] Finished -- took 112 ms.
2025-05-20 23:34:06 INFO  ren0 [octree.h:534] root weight: 8.000e-20 (0.000000)
2025-05-20 23:34:06 INFO  ren0 [octree.h:535] splitting threshold: 8.000e-23 (0.000000)
2025-05-20 23:34:06 INFO  ren0 [octree.h:550] node count: 1 -> 585 -> 585

2025-05-20 23:34:06 INFO  ren0 [octree.h:534] root weight: 4.096e-17 (0.000000)
2025-05-20 23:34:06 INFO  ren0 [octree.h:535] splitting threshold: 4.096e-20 (0.000000)
2025-05-20 23:34:06 INFO  ren0 [octree.h:550] node count: 585 -> 585 -> 585

2025-05-20 23:34:06 INFO  ren0 [octree.h:534] root weight: 8.000e-20 (0.000000)
2025-05-20 23:34:06 INFO  ren0 [octree.h:535] splitting threshold: 8.000e-23 (0.000000)
2025-05-20 23:34:06 INFO  ren0 [octree.h:550] node count: 1 -> 585 -> 585

2025-05-20 23:34:06 INFO  ren0 [octree.h:534] root weight: 8.000e-20 (0.000000)
2025-05-20 23:34:06 INFO  ren0 [octree.h:535] splitting threshold: 8.000e-23 (0.000000)
2025-05-20 23:34:06 INFO  ren0 [octree.h:550] node count: 1 -> 585 -> 585

2025-05-20 23:34:06 INFO  ren0 [octree.h:534] root weight: 4.096e-17 (0.000000)
2025-05-20 23:34:06 INFO  ren0 [octree.h:535] splitting threshold: 4.096e-20 (0.000000)
2025-05-20 23:34:06 INFO  ren0 [octree.h:550] node count: 585 -> 585 -> 585

2025-05-20 23:34:06 INFO  ren0 [octree.h:534] root weight: 8.000e-20 (0.000000)
2025-05-20 23:34:06 INFO  ren0 [octree.h:535] splitting threshold: 8.000e-23 (0.000000)
2025-05-20 23:34:06 INFO  ren0 [octree.h:550] node count: 1 -> 585 -> 585

2025-05-20 23:34:06 INFO  ren0 [MIFocalGuidingPathTracer] AABB3[min=[-21.7494, -3.70393, -3.09172], max=[7.19249, 11.2965, 6.96201]]
2025-05-20 23:34:06 INFO  ren0 [MIFocalGuidingPathTracer] Starting render job (1280x720, 12 cores, SSE2 enabled) ..
2025-05-20 23:34:06 INFO  ren0 [MIFocalGuidingPathTracer] ITERATION 0, until 10.0 seconds
2025-05-20 23:34:16 INFO  ren0 [MIFocalGuidingPathTracer]   10.44 seconds elapsed, passes this iteration: 6, total passes: 6
2025-05-20 23:34:16 INFO  ren0 [MIFocalGuidingPathTracer] Got 119007 non-zero samples
2025-05-20 23:34:16 INFO  ren0 [gaussian_mixture_model.h:815] Processing mega batch of size 119007
2025-05-20 23:34:16 INFO  ren0 [gaussian_mixture_model.h:554] KMeans
2025-05-20 23:34:16 INFO  ren0 [gaussian_mixture_model.h:215] Before splitting
2025-05-20 23:34:16 INFO  ren0 [gaussian_mixture_model.h:216] GMM[
weight = 0.580566 mean = [1.18604 2.0966 -2.55484] covariance = [[3.57481 -1.91324 -0.0908205][-1.91324 1.61184 0.293663][-0.0908205 0.293663 0.846005]]
weight = 0.0162635 mean = [-9.68973 2.43742 -0.822074] covariance = [[4.10048 0.0728003 -2.51398][0.0728003 4.47871 -0.309817][-2.51398 -0.309817 5.52564]]
weight = 0.125967 mean = [5.22301 3.20721 -0.913945] covariance = [[1.84331 -0.118492 0.170605][-0.118492 3.28243 0.0147231][0.170605 0.0147231 2.14771]]
weight = 0.0399 mean = [-5.41034 2.45223 -0.284307] covariance = [[4.06279 0.965167 -1.02246][0.965167 4.61135 -1.83474][-1.02246 -1.83474 5.60964]]
weight = 0.0198345 mean = [1.36502 -1.13597 0.879655] covariance = [[6.05303 -0.0234005 -1.24445][-0.0234005 2.27326 0.714][-1.24445 0.714 3.59646]]
weight = 0.0718839 mean = [-4.08226 5.6047 -0.740676] covariance = [[5.68596 -0.842841 0.47078][-0.842841 2.83823 0.664912][0.47078 0.664912 6.96247]]
weight = 0.0133633 mean = [4.74351 0.109736 5.24598] covariance = [[2.48576 0.319463 0.197461][0.319463 2.58367 0.8979][0.197461 0.8979 1.91861]]
weight = 0.00268396 mean = [-16.8091 3.21867 2.03339] covariance = [[6.33762 2.26282 0.477359][2.26282 14.2442 0.106176][0.477359 0.106176 6.9222]]
weight = 0.0051407 mean = [4.77389 7.96461 0.116573] covariance = [[3.7955 -1.66574 1.40224][-1.66574 4.32026 1.18773][1.40224 1.18773 4.2944]]
weight = 0.124397 mean = [3.2856 3.64724 2.9149] covariance = [[4.42713 -0.209853 1.79129][-0.209853 2.46315 0.168513][1.79129 0.168513 3.21264]]
]
2025-05-20 23:34:16 INFO  ren0 [gaussian_mixture_model.h:218] Before merging
2025-05-20 23:34:16 INFO  ren0 [gaussian_mixture_model.h:219] GMM[
weight = 0.580566 mean = [1.18604 2.0966 -2.55484] covariance = [[3.57481 -1.91324 -0.0908205][-1.91324 1.61184 0.293663][-0.0908205 0.293663 0.846005]]
weight = 0.0162635 mean = [-9.68973 2.43742 -0.822074] covariance = [[4.10048 0.0728003 -2.51398][0.0728003 4.47871 -0.309817][-2.51398 -0.309817 5.52564]]
weight = 0.125967 mean = [5.22301 3.20721 -0.913945] covariance = [[1.84331 -0.118492 0.170605][-0.118492 3.28243 0.0147231][0.170605 0.0147231 2.14771]]
weight = 0.0399 mean = [-5.41034 2.45223 -0.284307] covariance = [[4.06279 0.965167 -1.02246][0.965167 4.61135 -1.83474][-1.02246 -1.83474 5.60964]]
weight = 0.0198345 mean = [1.36502 -1.13597 0.879655] covariance = [[6.05303 -0.0234005 -1.24445][-0.0234005 2.27326 0.714][-1.24445 0.714 3.59646]]
weight = 0.0718839 mean = [-4.08226 5.6047 -0.740676] covariance = [[5.68596 -0.842841 0.47078][-0.842841 2.83823 0.664912][0.47078 0.664912 6.96247]]
weight = 0.0133633 mean = [4.74351 0.109736 5.24598] covariance = [[2.48576 0.319463 0.197461][0.319463 2.58367 0.8979][0.197461 0.8979 1.91861]]
weight = 0.00268396 mean = [-16.8091 3.21867 2.03339] covariance = [[6.33762 2.26282 0.477359][2.26282 14.2442 0.106176][0.477359 0.106176 6.9222]]
weight = 0.0051407 mean = [4.77389 7.96461 0.116573] covariance = [[3.7955 -1.66574 1.40224][-1.66574 4.32026 1.18773][1.40224 1.18773 4.2944]]
weight = 0.124397 mean = [3.2856 3.64724 2.9149] covariance = [[4.42713 -0.209853 1.79129][-0.209853 2.46315 0.168513][1.79129 0.168513 3.21264]]
]
2025-05-20 23:34:16 INFO  ren0 [gaussian_mixture_model.h:215] Before splitting
2025-05-20 23:34:16 INFO  ren0 [gaussian_mixture_model.h:216] GMM[
weight = 0.570207 mean = [1.12231 2.11954 -2.59581] covariance = [[3.89329 -2.10881 -0.0157014][-2.10881 1.62116 0.214387][-0.0157014 0.214387 0.695284]]
weight = 0.0158419 mean = [-9.75133 2.36121 -0.679037] covariance = [[4.32709 0.11401 -2.18189][0.11401 4.81976 -0.619027][-2.18189 -0.619027 5.71924]]
weight = 0.140469 mean = [5.20964 3.24074 -0.932855] covariance = [[1.99169 -0.0439298 0.198042][-0.0439298 3.20839 -0.0732805][0.198042 -0.0732805 2.13645]]
weight = 0.0237704 mean = [1.53965 -1.17518 0.786818] covariance = [[6.42049 0.272681 -0.979167][0.272681 2.42479 0.769281][-0.979167 0.769281 3.46285]]
weight = 0.0888718 mean = [-4.2796 5.07258 -0.458888] covariance = [[5.78256 0.176128 0.271606][0.176128 4.54578 -0.0678377][0.271606 -0.0678377 6.45765]]
weight = 0.0163926 mean = [5.09706 0.374661 5.44763] covariance = [[2.47853 0.480669 0.625943][0.480669 2.33658 1.00804][0.625943 1.00804 1.9903]]
weight = 0.00262476 mean = [-16.082 3.70246 2.23669] covariance = [[8.527 3.1505 2.13867][3.1505 16.185 0.881105][2.13867 0.881105 8.82032]]
weight = 0.0049051 mean = [4.82398 7.78775 0.186464] covariance = [[3.64237 -1.78644 0.998116][-1.78644 4.30557 1.16977][0.998116 1.16977 4.03462]]
weight = 0.136917 mean = [3.20629 3.56394 2.82192] covariance = [[4.59698 -0.223083 2.17245][-0.223083 2.68405 0.198911][2.17245 0.198911 3.72139]]
]
2025-05-20 23:34:16 INFO  ren0 [gaussian_mixture_model.h:218] Before merging
2025-05-20 23:34:16 INFO  ren0 [gaussian_mixture_model.h:219] GMM[
weight = 0.285104 mean = [2.09611 1.53668 -2.62725] covariance = [[1.99672 -0.973634 0.0455322][-0.973634 0.941731 0.177737][0.0455322 0.177737 0.693317]]
weight = 0.0158419 mean = [-9.75133 2.36121 -0.679037] covariance = [[4.32709 0.11401 -2.18189][0.11401 4.81976 -0.619027][-2.18189 -0.619027 5.71924]]
weight = 0.140469 mean = [5.20964 3.24074 -0.932855] covariance = [[1.99169 -0.0439298 0.198042][-0.0439298 3.20839 -0.0732805][0.198042 -0.0732805 2.13645]]
weight = 0.285104 mean = [0.148507 2.70239 -2.56437] covariance = [[1.99672 -0.973634 0.0455322][-0.973634 0.941731 0.177737][0.0455322 0.177737 0.693317]]
weight = 0.0237704 mean = [1.53965 -1.17518 0.786818] covariance = [[6.42049 0.272681 -0.979167][0.272681 2.42479 0.769281][-0.979167 0.769281 3.46285]]
weight = 0.0888718 mean = [-4.2796 5.07258 -0.458888] covariance = [[5.78256 0.176128 0.271606][0.176128 4.54578 -0.0678377][0.271606 -0.0678377 6.45765]]
weight = 0.0163926 mean = [5.09706 0.374661 5.44763] covariance = [[2.47853 0.480669 0.625943][0.480669 2.33658 1.00804][0.625943 1.00804 1.9903]]
weight = 0.00262476 mean = [-16.082 3.70246 2.23669] covariance = [[8.527 3.1505 2.13867][3.1505 16.185 0.881105][2.13867 0.881105 8.82032]]
weight = 0.0049051 mean = [4.82398 7.78775 0.186464] covariance = [[3.64237 -1.78644 0.998116][-1.78644 4.30557 1.16977][0.998116 1.16977 4.03462]]
weight = 0.136917 mean = [3.20629 3.56394 2.82192] covariance = [[4.59698 -0.223083 2.17245][-0.223083 2.68405 0.198911][2.17245 0.198911 3.72139]]
]
2025-05-20 23:34:16 INFO  ren0 [MIFocalGuidingPathTracer] GMM[
weight = 0.285104 mean = [2.09611 1.53668 -2.62725] covariance = [[1.99672 -0.973634 0.0455322][-0.973634 0.941731 0.177737][0.0455322 0.177737 0.693317]]
weight = 0.0158419 mean = [-9.75133 2.36121 -0.679037] covariance = [[4.32709 0.11401 -2.18189][0.11401 4.81976 -0.619027][-2.18189 -0.619027 5.71924]]
weight = 0.285104 mean = [0.148507 2.70239 -2.56437] covariance = [[1.99672 -0.973634 0.0455322][-0.973634 0.941731 0.177737][0.0455322 0.177737 0.693317]]
weight = 0.0237704 mean = [1.53965 -1.17518 0.786818] covariance = [[6.42049 0.272681 -0.979167][0.272681 2.42479 0.769281][-0.979167 0.769281 3.46285]]
weight = 0.0888719 mean = [-4.2796 5.07258 -0.458888] covariance = [[5.78256 0.176128 0.271606][0.176128 4.54578 -0.0678377][0.271606 -0.0678377 6.45765]]
weight = 0.0163926 mean = [5.09706 0.374661 5.44763] covariance = [[2.47853 0.480669 0.625943][0.480669 2.33658 1.00804][0.625943 1.00804 1.9903]]
weight = 0.00262476 mean = [-16.082 3.70246 2.23669] covariance = [[8.527 3.1505 2.13867][3.1505 16.185 0.881105][2.13867 0.881105 8.82032]]
weight = 0.145374 mean = [5.19663 3.39416 -0.895088] covariance = [[2.05225 -0.159896 0.210964][-0.159896 3.91949 0.134595][0.210964 0.134595 2.24135]]
weight = 0.136917 mean = [3.20629 3.56394 2.82192] covariance = [[4.59698 -0.223083 2.17245][-0.223083 2.68405 0.198911][2.17245 0.198911 3.72139]]
]
2025-05-20 23:34:16 INFO  ren0 [octree.h:534] root weight: 3.073e+06 (3072676.250000)
2025-05-20 23:34:16 INFO  ren0 [octree.h:535] splitting threshold: 3.073e+03 (3072.676514)
2025-05-20 23:34:16 INFO  ren0 [octree.h:534] root weight: 3.054e+05 (305378.718750)
2025-05-20 23:34:16 INFO  ren0 [octree.h:535] splitting threshold: 3.054e+02 (305.378723)
2025-05-20 23:34:16 INFO  ren0 [octree.h:550] node count: 585 -> 927 -> 750

2025-05-20 23:34:16 INFO  ren0 [octree.h:550] node count: 585 -> 601 -> 426

2025-05-20 23:34:16 INFO  ren0 [MIFocalGuidingPathTracer] ITERATION 1, until 20.0 seconds
2025-05-20 23:34:37 INFO  ren0 [MIFocalGuidingPathTracer]   31.09 seconds elapsed, passes this iteration: 1, total passes: 7
2025-05-20 23:34:37 INFO  ren0 [MIFocalGuidingPathTracer] Got 66097 non-zero samples
2025-05-20 23:34:37 INFO  ren0 [gaussian_mixture_model.h:815] Processing mega batch of size 66097
2025-05-20 23:34:37 INFO  ren0 [gaussian_mixture_model.h:215] Before splitting
2025-05-20 23:34:37 INFO  ren0 [gaussian_mixture_model.h:216] GMM[
weight = 0.440992 mean = [2.02032 1.48942 -2.78488] covariance = [[1.85416 -1.04783 -0.0517344][-1.04783 0.837845 0.141578][-0.0517344 0.141578 0.338141]]
weight = 0.0128426 mean = [-9.68776 2.0935 -0.468956] covariance = [[4.36785 -0.898208 -1.93498][-0.898208 7.23472 0.605325][-1.93498 0.605325 3.84896]]
weight = 0.174507 mean = [0.270866 2.53465 -2.79937] covariance = [[4.41606 -2.46597 0.0148649][-2.46597 1.64796 0.104044][0.0148649 0.104044 0.253758]]
weight = 0.0167952 mean = [1.75343 -0.735793 0.941646] covariance = [[6.29609 0.270168 -1.09089][0.270168 2.6465 0.888808][-1.09089 0.888808 3.51367]]
weight = 0.127215 mean = [-3.48101 5.8147 -1.24503] covariance = [[5.26641 2.07715 0.97014][2.07715 5.07743 -0.331128][0.97014 -0.331128 4.8243]]
weight = 0.0147434 mean = [5.32006 0.612961 5.41333] covariance = [[1.96887 0.279404 0.364251][0.279404 3.08811 0.861852][0.364251 0.861852 1.42744]]
weight = 0.0021247 mean = [-15.7583 5.82876 1.61075] covariance = [[8.43085 2.72601 1.5122][2.72601 14.1797 0.210377][1.5122 0.210377 6.31533]]
weight = 0.0852704 mean = [4.96298 3.4112 -0.878481] covariance = [[2.33641 -0.0604997 0.392493][-0.0604997 3.12066 -0.441844][0.392493 -0.441844 2.41092]]
weight = 0.125509 mean = [3.25873 3.37723 2.72719] covariance = [[5.04745 -0.457202 3.00111][-0.457202 2.94616 0.0600463][3.00111 0.0600463 4.82013]]
]
2025-05-20 23:34:37 INFO  ren0 [gaussian_mixture_model.h:218] Before merging
2025-05-20 23:34:37 INFO  ren0 [gaussian_mixture_model.h:219] GMM[
weight = 0.220496 mean = [2.69066 1.06747 -2.82821] covariance = [[0.955467 -0.482139 0.00635995][-0.482139 0.481784 0.105011][0.00635995 0.105011 0.334396]]
weight = 0.0128426 mean = [-9.68776 2.0935 -0.468956] covariance = [[4.36785 -0.898208 -1.93498][-0.898208 7.23472 0.605325][-1.93498 0.605325 3.84896]]
weight = 0.220496 mean = [1.34998 1.91136 -2.74155] covariance = [[0.955467 -0.482139 0.00635995][-0.482139 0.481784 0.105011][0.00635995 0.105011 0.334396]]
weight = 0.174507 mean = [0.270866 2.53465 -2.79937] covariance = [[4.41606 -2.46597 0.0148649][-2.46597 1.64796 0.104044][0.0148649 0.104044 0.253758]]
weight = 0.0167952 mean = [1.75343 -0.735793 0.941646] covariance = [[6.29609 0.270168 -1.09089][0.270168 2.6465 0.888808][-1.09089 0.888808 3.51367]]
weight = 0.127215 mean = [-3.48101 5.8147 -1.24503] covariance = [[5.26641 2.07715 0.97014][2.07715 5.07743 -0.331128][0.97014 -0.331128 4.8243]]
weight = 0.0147434 mean = [5.32006 0.612961 5.41333] covariance = [[1.96887 0.279404 0.364251][0.279404 3.08811 0.861852][0.364251 0.861852 1.42744]]
weight = 0.0021247 mean = [-15.7583 5.82876 1.61075] covariance = [[8.43085 2.72601 1.5122][2.72601 14.1797 0.210377][1.5122 0.210377 6.31533]]
weight = 0.0852704 mean = [4.96298 3.4112 -0.878481] covariance = [[2.33641 -0.0604997 0.392493][-0.0604997 3.12066 -0.441844][0.392493 -0.441844 2.41092]]
weight = 0.125509 mean = [3.25873 3.37723 2.72719] covariance = [[5.04745 -0.457202 3.00111][-0.457202 2.94616 0.0600463][3.00111 0.0600463 4.82013]]
]
2025-05-20 23:34:37 INFO  ren0 [MIFocalGuidingPathTracer] GMM[
weight = 0.220496 mean = [2.69066 1.06747 -2.82821] covariance = [[0.955467 -0.482139 0.00635995][-0.482139 0.481784 0.105011][0.00635995 0.105011 0.334396]]
weight = 0.0128426 mean = [-9.68776 2.0935 -0.468956] covariance = [[4.36785 -0.898208 -1.93498][-0.898208 7.23472 0.605325][-1.93498 0.605325 3.84896]]
weight = 0.220496 mean = [1.34998 1.91136 -2.74155] covariance = [[0.955467 -0.482139 0.00635995][-0.482139 0.481784 0.105011][0.00635995 0.105011 0.334396]]
weight = 0.174507 mean = [0.270866 2.53465 -2.79937] covariance = [[4.41606 -2.46597 0.0148649][-2.46597 1.64796 0.104044][0.0148649 0.104044 0.253758]]
weight = 0.0167952 mean = [1.75343 -0.735793 0.941646] covariance = [[6.29609 0.270168 -1.09089][0.270168 2.6465 0.888808][-1.09089 0.888808 3.51367]]
weight = 0.127215 mean = [-3.48101 5.8147 -1.24503] covariance = [[5.26641 2.07715 0.97014][2.07715 5.07743 -0.331128][0.97014 -0.331128 4.8243]]
weight = 0.0021247 mean = [-15.7583 5.82876 1.61075] covariance = [[8.43085 2.72601 1.5122][2.72601 14.1797 0.210377][1.5122 0.210377 6.31533]]
weight = 0.0852704 mean = [4.96298 3.4112 -0.878481] covariance = [[2.33641 -0.0604997 0.392493][-0.0604997 3.12066 -0.441844][0.392493 -0.441844 2.41092]]
weight = 0.140252 mean = [3.47542 3.08665 3.00956] covariance = [[5.12355 -0.915788 3.24479][-0.915788 3.6799 -0.554159][3.24479 -0.554159 5.14224]]
]
2025-05-20 23:34:37 INFO  ren0 [octree.h:534] root weight: 2.510e+06 (2510438.750000)
2025-05-20 23:34:37 INFO  ren0 [octree.h:535] splitting threshold: 2.510e+03 (2510.438965)
2025-05-20 23:34:37 INFO  ren0 [octree.h:534] root weight: 2.488e+05 (248785.062500)
2025-05-20 23:34:37 INFO  ren0 [octree.h:535] splitting threshold: 2.488e+02 (248.785080)
2025-05-20 23:34:37 INFO  ren0 [octree.h:550] node count: 750 -> 907 -> 867

2025-05-20 23:34:37 INFO  ren0 [octree.h:550] node count: 426 -> 440 -> 425

2025-05-20 23:34:37 INFO  ren0 [MIFocalGuidingPathTracer] ITERATION 2, until 30.0 seconds
2025-05-20 23:34:56 INFO  ren0 [MIFocalGuidingPathTracer]   50.41 seconds elapsed, passes this iteration: 1, total passes: 8
2025-05-20 23:34:56 INFO  ren0 [MIFocalGuidingPathTracer] Got 112506 non-zero samples
2025-05-20 23:34:56 INFO  ren0 [gaussian_mixture_model.h:815] Processing mega batch of size 112506
2025-05-20 23:34:56 INFO  ren0 [gaussian_mixture_model.h:215] Before splitting
2025-05-20 23:34:56 INFO  ren0 [gaussian_mixture_model.h:216] GMM[
weight = 0.229958 mean = [2.31302 1.30337 -2.79946] covariance = [[1.32898 -0.709156 -0.017788][-0.709156 0.568051 0.0778809][-0.017788 0.0778809 0.25053]]
weight = 0.0255929 mean = [-8.95082 4.66593 0.99613] covariance = [[3.39783 -2.05412 0.942137][-2.05412 11.3244 2.13915][0.942137 2.13915 6.41452]]
weight = 0.0723229 mean = [1.56105 1.68193 -2.74182] covariance = [[1.45665 -0.738688 -0.0989745][-0.738688 0.599267 0.0869683][-0.0989745 0.0869683 0.215435]]
weight = 0.140385 mean = [-0.327554 2.85756 -2.8034] covariance = [[6.19676 -3.4709 0.02133][-3.4709 2.14517 0.0370601][0.02133 0.0370601 0.169215]]
weight = 0.0296638 mean = [0.670627 -0.620534 0.772898] covariance = [[13.0558 -1.13464 -2.04438][-1.13464 2.52 0.190626][-2.04438 0.190626 3.7787]]
weight = 0.175428 mean = [-4.55486 3.94287 0.526273] covariance = [[5.71809 1.78785 -1.61091][1.78785 6.26179 -1.79464][-1.61091 -1.79464 4.87335]]
weight = 0.019287 mean = [-10.5964 7.58566 2.46416] covariance = [[9.09872 1.93343 4.48101][1.93343 4.70557 -3.00552][4.48101 -3.00552 7.78213]]
weight = 0.131962 mean = [4.8501 3.34001 -0.845288] covariance = [[2.62301 -0.377905 0.922041][-0.377905 2.97697 -0.167536][0.922041 -0.167536 2.49208]]
weight = 0.1754 mean = [3.14593 3.22127 2.22565] covariance = [[6.07736 0.624132 3.67326][0.624132 3.83609 0.725503][3.67326 0.725503 5.26739]]
]
2025-05-20 23:34:56 INFO  ren0 [gaussian_mixture_model.h:218] Before merging
2025-05-20 23:34:56 INFO  ren0 [gaussian_mixture_model.h:219] GMM[
weight = 0.114979 mean = [2.88065 0.962725 -2.8238] covariance = [[0.684591 -0.322442 0.00984399][-0.322442 0.335989 0.0612986][0.00984399 0.0612986 0.249355]]
weight = 0.0255929 mean = [-8.95082 4.66593 0.99613] covariance = [[3.39783 -2.05412 0.942137][-2.05412 11.3244 2.13915][0.942137 2.13915 6.41452]]
weight = 0.0723229 mean = [1.56105 1.68193 -2.74182] covariance = [[1.45665 -0.738688 -0.0989745][-0.738688 0.599267 0.0869683][-0.0989745 0.0869683 0.215435]]
weight = 0.140385 mean = [-0.327554 2.85756 -2.8034] covariance = [[6.19676 -3.4709 0.02133][-3.4709 2.14517 0.0370601][0.02133 0.0370601 0.169215]]
weight = 0.0296638 mean = [0.670627 -0.620534 0.772898] covariance = [[13.0558 -1.13464 -2.04438][-1.13464 2.52 0.190626][-2.04438 0.190626 3.7787]]
weight = 0.175428 mean = [-4.55486 3.94287 0.526273] covariance = [[5.71809 1.78785 -1.61091][1.78785 6.26179 -1.79464][-1.61091 -1.79464 4.87335]]
weight = 0.114979 mean = [1.74539 1.64401 -2.77512] covariance = [[0.684591 -0.322442 0.00984399][-0.322442 0.335989 0.0612986][0.00984399 0.0612986 0.249355]]
weight = 0.019287 mean = [-10.5964 7.58566 2.46416] covariance = [[9.09872 1.93343 4.48101][1.93343 4.70557 -3.00552][4.48101 -3.00552 7.78213]]
weight = 0.131962 mean = [4.8501 3.34001 -0.845288] covariance = [[2.62301 -0.377905 0.922041][-0.377905 2.97697 -0.167536][0.922041 -0.167536 2.49208]]
weight = 0.1754 mean = [3.14593 3.22127 2.22565] covariance = [[6.07736 0.624132 3.67326][0.624132 3.83609 0.725503][3.67326 0.725503 5.26739]]
]
2025-05-20 23:34:56 INFO  ren0 [gaussian_mixture_model.h:215] Before splitting
2025-05-20 23:34:56 INFO  ren0 [gaussian_mixture_model.h:216] GMM[
weight = 0.186191 mean = [2.36356 1.27028 -2.80751] covariance = [[1.18861 -0.633073 -0.0102556][-0.633073 0.509275 0.0656016][-0.0102556 0.0656016 0.230246]]
weight = 0.0315 mean = [-8.22564 2.93678 1.81289] covariance = [[3.80826 -3.67584 1.12087][-3.67584 12.3241 -1.14236][1.12087 -1.14236 6.44159]]
weight = 0.131632 mean = [-0.252271 2.81083 -2.80023] covariance = [[6.85609 -3.89797 0.0571483][-3.89797 2.39258 0.00340112][0.0571483 0.00340112 0.160822]]
weight = 0.040562 mean = [-1.38028 -0.888305 1.33409] covariance = [[20.0918 -0.179283 -4.9032][-0.179283 2.63588 0.299589][-4.9032 0.299589 3.97594]]
weight = 0.285421 mean = [-5.64359 2.36195 1.92218] covariance = [[6.33195 3.57146 -4.17789][3.57146 7.61712 -3.82722][-4.17789 -3.82722 6.0814]]
weight = 0.0167846 mean = [2.27159 1.32165 -2.84912] covariance = [[0.627124 -0.354676 -0.0545933][-0.354676 0.283237 0.0632716][-0.0545933 0.0632716 0.113456]]
weight = 0.0142089 mean = [-10.8888 7.3913 2.51452] covariance = [[10.5644 2.97779 3.95016][2.97779 5.50827 -3.09097][3.95016 -3.09097 7.5]]
weight = 0.1247 mean = [4.87804 3.21638 -0.846732] covariance = [[2.73184 -0.540117 1.01601][-0.540117 3.0046 -0.125461][1.01601 -0.125461 2.57562]]
weight = 0.169 mean = [3.09165 3.21882 2.18711] covariance = [[6.04788 0.312531 3.35621][0.312531 3.66659 0.547148][3.35621 0.547148 4.87776]]
]
2025-05-20 23:34:56 INFO  ren0 [gaussian_mixture_model.h:218] Before merging
2025-05-20 23:34:56 INFO  ren0 [gaussian_mixture_model.h:219] GMM[
weight = 0.0930956 mean = [2.90033 0.948309 -2.8274] covariance = [[0.612382 -0.287422 0.0111006][-0.287422 0.30195 0.0527914][0.0111006 0.0527914 0.229465]]
weight = 0.0315 mean = [-8.22564 2.93678 1.81289] covariance = [[3.80826 -3.67584 1.12087][-3.67584 12.3241 -1.14236][1.12087 -1.14236 6.44159]]
weight = 0.0930956 mean = [1.8268 1.59226 -2.78761] covariance = [[0.612382 -0.287422 0.0111006][-0.287422 0.30195 0.0527914][0.0111006 0.0527914 0.229465]]
weight = 0.131632 mean = [-0.252271 2.81083 -2.80023] covariance = [[6.85609 -3.89797 0.0571483][-3.89797 2.39258 0.00340112][0.0571483 0.00340112 0.160822]]
weight = 0.040562 mean = [-1.38028 -0.888305 1.33409] covariance = [[20.0918 -0.179283 -4.9032][-0.179283 2.63588 0.299589][-4.9032 0.299589 3.97594]]
weight = 0.285421 mean = [-5.64359 2.36195 1.92218] covariance = [[6.33195 3.57146 -4.17789][3.57146 7.61712 -3.82722][-4.17789 -3.82722 6.0814]]
weight = 0.0167846 mean = [2.27159 1.32165 -2.84912] covariance = [[0.627124 -0.354676 -0.0545933][-0.354676 0.283237 0.0632716][-0.0545933 0.0632716 0.113456]]
weight = 0.0142089 mean = [-10.8888 7.3913 2.51452] covariance = [[10.5644 2.97779 3.95016][2.97779 5.50827 -3.09097][3.95016 -3.09097 7.5]]
weight = 0.1247 mean = [4.87804 3.21638 -0.846732] covariance = [[2.73184 -0.540117 1.01601][-0.540117 3.0046 -0.125461][1.01601 -0.125461 2.57562]]
weight = 0.169 mean = [3.09165 3.21882 2.18711] covariance = [[6.04788 0.312531 3.35621][0.312531 3.66659 0.547148][3.35621 0.547148 4.87776]]
]
2025-05-20 23:34:56 INFO  ren0 [MIFocalGuidingPathTracer] GMM[
weight = 0.0930956 mean = [2.90033 0.948309 -2.8274] covariance = [[0.612382 -0.287422 0.0111006][-0.287422 0.30195 0.0527914][0.0111006 0.0527914 0.229465]]
weight = 0.0930956 mean = [1.8268 1.59226 -2.78761] covariance = [[0.612382 -0.287422 0.0111006][-0.287422 0.30195 0.0527914][0.0111006 0.0527914 0.229465]]
weight = 0.131632 mean = [-0.252271 2.81083 -2.80023] covariance = [[6.85609 -3.89797 0.0571483][-3.89797 2.39258 0.00340112][0.0571483 0.00340112 0.160822]]
weight = 0.040562 mean = [-1.38028 -0.888305 1.33409] covariance = [[20.0918 -0.179283 -4.9032][-0.179283 2.63588 0.299589][-4.9032 0.299589 3.97594]]
weight = 0.316921 mean = [-5.90023 2.41909 1.91132] covariance = [[6.67791 2.71826 -3.62597][2.71826 8.11456 -3.56598][-3.62597 -3.56598 6.11828]]
weight = 0.0167846 mean = [2.27159 1.32165 -2.84912] covariance = [[0.627124 -0.354676 -0.0545933][-0.354676 0.283237 0.0632716][-0.0545933 0.0632716 0.113456]]
weight = 0.0142089 mean = [-10.8888 7.3913 2.51452] covariance = [[10.5644 2.97779 3.95016][2.97779 5.50827 -3.09097][3.95016 -3.09097 7.5]]
weight = 0.1247 mean = [4.87804 3.21638 -0.846732] covariance = [[2.73184 -0.540117 1.01601][-0.540117 3.0046 -0.125461][1.01601 -0.125461 2.57562]]
weight = 0.169 mean = [3.09165 3.21882 2.18711] covariance = [[6.04788 0.312531 3.35621][0.312531 3.66659 0.547148][3.35621 0.547148 4.87776]]
]
2025-05-20 23:34:56 INFO  ren0 [octree.h:534] root weight: 2.130e+06 (2129838.000000)
2025-05-20 23:34:56 INFO  ren0 [octree.h:535] splitting threshold: 2.130e+03 (2129.838135)
2025-05-20 23:34:56 INFO  ren0 [octree.h:534] root weight: 2.614e+05 (261432.265625)
2025-05-20 23:34:56 INFO  ren0 [octree.h:535] splitting threshold: 2.614e+02 (261.432281)
2025-05-20 23:34:56 INFO  ren0 [octree.h:550] node count: 867 -> 974 -> 821

2025-05-20 23:34:56 INFO  ren0 [octree.h:550] node count: 425 -> 453 -> 448

2025-05-20 23:34:56 INFO  ren0 [MIFocalGuidingPathTracer] ITERATION 3, until 40.0 seconds
2025-05-20 23:35:15 INFO  ren0 [MIFocalGuidingPathTracer]   69.34 seconds elapsed, passes this iteration: 1, total passes: 9
2025-05-20 23:35:15 INFO  ren0 [MIFocalGuidingPathTracer] Got 73384 non-zero samples
2025-05-20 23:35:15 INFO  ren0 [gaussian_mixture_model.h:815] Processing mega batch of size 73384
2025-05-20 23:35:15 INFO  ren0 [gaussian_mixture_model.h:215] Before splitting
2025-05-20 23:35:15 INFO  ren0 [gaussian_mixture_model.h:216] GMM[
weight = 0.108716 mean = [2.67489 1.0879 -2.79114] covariance = [[0.434222 -0.191867 0.0584636][-0.191867 0.196061 -0.011879][0.0584636 -0.011879 0.153115]]
weight = 0.0624632 mean = [2.20407 1.36737 -2.80892] covariance = [[0.715976 -0.396387 -0.0199568][-0.396387 0.321723 0.0438326][-0.0199568 0.0438326 0.141281]]
weight = 0.118364 mean = [-0.391615 2.85867 -2.82716] covariance = [[5.84203 -3.29656 0.0122084][-3.29656 1.97319 0.00656265][0.0122084 0.00656265 0.097208]]
weight = 0.0242816 mean = [0.768388 -0.966384 0.287645] covariance = [[19.0606 -0.526568 -2.48049][-0.526568 2.71132 0.156983][-2.48049 0.156983 3.75545]]
weight = 0.169778 mean = [-5.84483 3.19704 -0.159946] covariance = [[8.9894 2.90426 -0.0764556][2.90426 5.36097 -0.54687][-0.0764556 -0.54687 5.83836]]
weight = 0.0262829 mean = [2.48966 1.14997 -2.94538] covariance = [[0.191493 -0.108154 -0.0082395][-0.108154 0.0814373 0.00937952][-0.0082395 0.00937952 0.0256409]]
weight = 0.00890955 mean = [-9.38193 7.81042 1.698] covariance = [[22.2678 8.84932 7.56998][8.84932 7.12543 0.477011][7.56998 0.477011 9.62784]]
weight = 0.149976 mean = [4.81277 3.43937 -0.640156] covariance = [[2.56031 0.30888 1.36977][0.30888 2.82303 0.530524][1.36977 0.530524 2.84837]]
weight = 0.331229 mean = [3.82426 3.80265 3.58235] covariance = [[4.06614 0.401987 2.81969][0.401987 3.13756 1.61587][2.81969 1.61587 6.31926]]
]
2025-05-20 23:35:15 INFO  ren0 [gaussian_mixture_model.h:218] Before merging
2025-05-20 23:35:15 INFO  ren0 [gaussian_mixture_model.h:219] GMM[
weight = 0.0543578 mean = [2.99638 0.911424 -2.73839] covariance = [[0.227518 -0.0783944 0.0245434][-0.0783944 0.133782 0.00674095][0.0245434 0.00674095 0.147559]]
weight = 0.0543578 mean = [2.3534 1.26438 -2.8439] covariance = [[0.227518 -0.0783944 0.0245434][-0.0783944 0.133782 0.00674095][0.0245434 0.00674095 0.147559]]
weight = 0.0624632 mean = [2.20407 1.36737 -2.80892] covariance = [[0.715976 -0.396387 -0.0199568][-0.396387 0.321723 0.0438326][-0.0199568 0.0438326 0.141281]]
weight = 0.118364 mean = [-0.391615 2.85867 -2.82716] covariance = [[5.84203 -3.29656 0.0122084][-3.29656 1.97319 0.00656265][0.0122084 0.00656265 0.097208]]
weight = 0.0242816 mean = [0.768388 -0.966384 0.287645] covariance = [[19.0606 -0.526568 -2.48049][-0.526568 2.71132 0.156983][-2.48049 0.156983 3.75545]]
weight = 0.169778 mean = [-5.84483 3.19704 -0.159946] covariance = [[8.9894 2.90426 -0.0764556][2.90426 5.36097 -0.54687][-0.0764556 -0.54687 5.83836]]
weight = 0.0262829 mean = [2.48966 1.14997 -2.94538] covariance = [[0.191493 -0.108154 -0.0082395][-0.108154 0.0814373 0.00937952][-0.0082395 0.00937952 0.0256409]]
weight = 0.00890955 mean = [-9.38193 7.81042 1.698] covariance = [[22.2678 8.84932 7.56998][8.84932 7.12543 0.477011][7.56998 0.477011 9.62784]]
weight = 0.149976 mean = [4.81277 3.43937 -0.640156] covariance = [[2.56031 0.30888 1.36977][0.30888 2.82303 0.530524][1.36977 0.530524 2.84837]]
weight = 0.331229 mean = [3.82426 3.80265 3.58235] covariance = [[4.06614 0.401987 2.81969][0.401987 3.13756 1.61587][2.81969 1.61587 6.31926]]
]
2025-05-20 23:35:15 INFO  ren0 [MIFocalGuidingPathTracer] GMM[
weight = 0.0543578 mean = [2.99638 0.911424 -2.73839] covariance = [[0.227518 -0.0783944 0.0245434][-0.0783944 0.133782 0.00674095][0.0245434 0.00674095 0.147559]]
weight = 0.118364 mean = [-0.391615 2.85867 -2.82716] covariance = [[5.84203 -3.29656 0.0122084][-3.29656 1.97319 0.00656265][0.0122084 0.00656265 0.097208]]
weight = 0.0242816 mean = [0.768388 -0.966384 0.287645] covariance = [[19.0606 -0.526568 -2.48049][-0.526568 2.71132 0.156983][-2.48049 0.156983 3.75545]]
weight = 0.169778 mean = [-5.84483 3.19704 -0.159946] covariance = [[8.9894 2.90426 -0.0764556][2.90426 5.36097 -0.54687][-0.0764556 -0.54687 5.83836]]
