2025-05-18 13:42:03 INFO  main [mitsuba.cpp:274] Mitsuba version 0.6.0 (Linux, 64 bit), Copyright (c) 2017 Wenzel Jakob
2025-05-18 13:42:03 INFO  main [mitsuba.cpp:377] Parsing scene description from "scene/modern-hall/modern-hall.xml" ..
2025-05-18 13:42:03 INFO  main [scenehandler.cpp:675] In file "/mitsuba/scene/modern-hall/modern-hall.xml" (near line 20): Parsing included file "pmm_focal_recursive.xml" ..
2025-05-18 13:42:03 INFO  main [PluginManager] Loading plugin "plugins/pmm_focal_recursive.so" ..
2025-05-18 13:42:03 INFO  main [octree.h:535] root weight: 8.000e-20 (0.000000)
2025-05-18 13:42:03 INFO  main [octree.h:536] splitting threshold: 8.000e-23 (0.000000)
2025-05-18 13:42:03 INFO  main [octree.h:551] node count: 1 -> 585 -> 585

2025-05-18 13:42:03 INFO  main [octree.h:535] root weight: 8.000e-20 (0.000000)
2025-05-18 13:42:03 INFO  main [octree.h:536] splitting threshold: 8.000e-23 (0.000000)
2025-05-18 13:42:03 INFO  main [octree.h:551] node count: 1 -> 585 -> 585

2025-05-18 13:42:03 INFO  main [MIFocalGuidingPathTracer] budget: 600
2025-05-18 13:42:03 INFO  main [MIFocalGuidingPathTracer] dumpPrimaryRays: false
2025-05-18 13:42:03 INFO  main [MIFocalGuidingPathTracer] dumpScene: false
2025-05-18 13:42:03 INFO  main [MIFocalGuidingPathTracer] gmm.alpha: 0.4
2025-05-18 13:42:03 INFO  main [MIFocalGuidingPathTracer] gmm.initMethod: KMeans
2025-05-18 13:42:03 INFO  main [MIFocalGuidingPathTracer] gmm.maxNumComp: 10
2025-05-18 13:42:03 INFO  main [MIFocalGuidingPathTracer] gmm.mergingThreshold: 0.5
2025-05-18 13:42:03 INFO  main [MIFocalGuidingPathTracer] gmm.minNumComp: 3
2025-05-18 13:42:03 INFO  main [MIFocalGuidingPathTracer] gmm.splittingThreshold: 100
2025-05-18 13:42:03 INFO  main [MIFocalGuidingPathTracer] iterationBudget: 10
2025-05-18 13:42:03 INFO  main [MIFocalGuidingPathTracer] iterationCount: 15
2025-05-18 13:42:03 INFO  main [MIFocalGuidingPathTracer] maxDepth: 40
2025-05-18 13:42:03 INFO  main [MIFocalGuidingPathTracer] minSamplesToStartFitting: 128
2025-05-18 13:42:03 INFO  main [MIFocalGuidingPathTracer] normalBinning: disabled
2025-05-18 13:42:03 INFO  main [MIFocalGuidingPathTracer] renderMaxSeconds: 36000
2025-05-18 13:42:03 INFO  main [MIFocalGuidingPathTracer] rrDepth: 14
2025-05-18 13:42:03 INFO  main [MIFocalGuidingPathTracer] samplingMode: 2
2025-05-18 13:42:03 INFO  main [MIFocalGuidingPathTracer] strictNormals: true
2025-05-18 13:42:03 INFO  main [MIFocalGuidingPathTracer] trainingSamples: 4
2025-05-18 13:42:03 INFO  main [MIFocalGuidingPathTracer] tree.threshold: 0.001
2025-05-18 13:42:03 INFO  main [MIFocalGuidingPathTracer] unboundedSplatting: true
2025-05-18 13:42:03 INFO  main [PluginManager] Loading plugin "plugins/independent.so" ..
2025-05-18 13:42:03 INFO  main [PluginManager] Loading plugin "plugins/box.so" ..
2025-05-18 13:42:03 INFO  main [PluginManager] Loading plugin "plugins/hdrfilm.so" ..
2025-05-18 13:42:03 INFO  main [PluginManager] Loading plugin "plugins/perspective.so" ..
2025-05-18 13:42:03 INFO  main [PluginManager] Loading plugin "plugins/dielectric.so" ..
2025-05-18 13:42:03 INFO  main [PluginManager] Loading plugin "plugins/bitmap.so" ..
2025-05-18 13:42:03 INFO  main [BitmapTexture] Loading texture "wood5.jpg"
2025-05-18 13:42:03 INFO  main [PluginManager] Loading plugin "plugins/lanczos.so" ..
2025-05-18 13:42:03 INFO  main [MIPMap] Generating MIP map cache file "/mitsuba/scene/modern-hall/textures/wood5.mip" ..
2025-05-18 13:42:03 INFO  main [PluginManager] Loading plugin "plugins/roughplastic.so" ..
2025-05-18 13:42:03 INFO  main [PluginManager] Loading plugin "plugins/twosided.so" ..
2025-05-18 13:42:03 INFO  main [BitmapTexture] Loading texture "Tiles.jpg"
2025-05-18 13:42:03 INFO  main [PluginManager] Loading plugin "plugins/diffuse.so" ..
2025-05-18 13:42:03 INFO  main [BitmapTexture] Loading texture "Wallpaper.jpg"
2025-05-18 13:42:03 INFO  main [PluginManager] Loading plugin "plugins/roughconductor.so" ..
2025-05-18 13:42:03 INFO  main [spectrum.cpp:599] "Cu.eta.spd": loaded a spectral power distribution with 55 entries (between 302.400421 and 885.601257 nm)
2025-05-18 13:42:03 INFO  main [spectrum.cpp:599] "Cu.k.spd": loaded a spectral power distribution with 55 entries (between 302.400421 and 885.601257 nm)
2025-05-18 13:42:03 INFO  main [spectrum.cpp:599] "Cu.eta.spd": loaded a spectral power distribution with 55 entries (between 302.400421 and 885.601257 nm)
2025-05-18 13:42:03 INFO  main [spectrum.cpp:599] "Cu.k.spd": loaded a spectral power distribution with 55 entries (between 302.400421 and 885.601257 nm)
2025-05-18 13:42:03 INFO  main [PluginManager] Loading plugin "plugins/difftrans.so" ..
2025-05-18 13:42:03 INFO  main [PluginManager] Loading plugin "plugins/area.so" ..
2025-05-18 13:42:03 INFO  main [PluginManager] Loading plugin "plugins/rectangle.so" ..
2025-05-18 13:42:03 INFO  main [PluginManager] Loading plugin "plugins/cube.so" ..
2025-05-18 13:42:03 INFO  main [PluginManager] Loading plugin "plugins/obj.so" ..
2025-05-18 13:42:03 INFO  main [WavefrontOBJ] Loading geometry from "Mesh008.obj" ..
2025-05-18 13:42:03 INFO  main [WavefrontOBJ] Mesh008: 5184 triangles, 2664 vertices (merged 12888 vertices).
2025-05-18 13:42:03 INFO  main [WavefrontOBJ] Done with "Mesh008.obj" (took 13 ms)
2025-05-18 13:42:03 INFO  main [WavefrontOBJ] Loading geometry from "Mesh004.obj" ..
2025-05-18 13:42:03 INFO  main [WavefrontOBJ] Mesh004: 5184 triangles, 2664 vertices (merged 12888 vertices).
2025-05-18 13:42:03 INFO  main [WavefrontOBJ] Done with "Mesh004.obj" (took 12 ms)
2025-05-18 13:42:03 INFO  main [WavefrontOBJ] Loading geometry from "Mesh003.obj" ..
2025-05-18 13:42:03 INFO  main [WavefrontOBJ] Mesh003: 5184 triangles, 2664 vertices (merged 12888 vertices).
2025-05-18 13:42:03 INFO  main [WavefrontOBJ] Done with "Mesh003.obj" (took 12 ms)
2025-05-18 13:42:03 INFO  main [WavefrontOBJ] Loading geometry from "Mesh006.obj" ..
2025-05-18 13:42:03 INFO  main [WavefrontOBJ] Mesh006: 5184 triangles, 2664 vertices (merged 12888 vertices).
2025-05-18 13:42:03 INFO  main [WavefrontOBJ] Done with "Mesh006.obj" (took 11 ms)
2025-05-18 13:42:03 INFO  main [WavefrontOBJ] Loading geometry from "Mesh012.obj" ..
2025-05-18 13:42:03 INFO  main [WavefrontOBJ] Mesh012: 444 triangles, 882 vertices (merged 450 vertices).
2025-05-18 13:42:03 INFO  main [WavefrontOBJ] Done with "Mesh012.obj" (took 2 ms)
2025-05-18 13:42:03 INFO  main [WavefrontOBJ] Loading geometry from "Mesh013.obj" ..
2025-05-18 13:42:03 INFO  main [WavefrontOBJ] Mesh013: 5184 triangles, 2664 vertices (merged 12888 vertices).
2025-05-18 13:42:03 INFO  main [WavefrontOBJ] Done with "Mesh013.obj" (took 11 ms)
2025-05-18 13:42:03 INFO  main [WavefrontOBJ] Loading geometry from "Mesh010.obj" ..
2025-05-18 13:42:03 INFO  main [WavefrontOBJ] Mesh010: 32 triangles, 60 vertices (merged 36 vertices).
2025-05-18 13:42:03 INFO  main [WavefrontOBJ] Done with "Mesh010.obj" (took 0 ms)
2025-05-18 13:42:03 INFO  main [WavefrontOBJ] Loading geometry from "Mesh015.obj" ..
2025-05-18 13:42:03 INFO  main [WavefrontOBJ] Mesh015: 32 triangles, 60 vertices (merged 36 vertices).
2025-05-18 13:42:03 INFO  main [WavefrontOBJ] Done with "Mesh015.obj" (took 0 ms)
2025-05-18 13:42:03 INFO  main [WavefrontOBJ] Loading geometry from "Mesh002.obj" ..
2025-05-18 13:42:03 INFO  main [WavefrontOBJ] Mesh002: 32 triangles, 60 vertices (merged 36 vertices).
2025-05-18 13:42:03 INFO  main [WavefrontOBJ] Done with "Mesh002.obj" (took 0 ms)
2025-05-18 13:42:03 INFO  main [WavefrontOBJ] Loading geometry from "Mesh007.obj" ..
2025-05-18 13:42:03 INFO  main [WavefrontOBJ] Mesh007: 32 triangles, 60 vertices (merged 36 vertices).
2025-05-18 13:42:03 INFO  main [WavefrontOBJ] Done with "Mesh007.obj" (took 0 ms)
2025-05-18 13:42:03 INFO  main [WavefrontOBJ] Loading geometry from "Mesh005.obj" ..
2025-05-18 13:42:03 INFO  main [WavefrontOBJ] Mesh005: 12 triangles, 20 vertices (merged 16 vertices).
2025-05-18 13:42:03 INFO  main [WavefrontOBJ] Done with "Mesh005.obj" (took 0 ms)
2025-05-18 13:42:03 INFO  main [WavefrontOBJ] Loading geometry from "Mesh016.obj" ..
2025-05-18 13:42:03 INFO  main [WavefrontOBJ] Mesh016: 120 triangles, 204 vertices (merged 156 vertices).
2025-05-18 13:42:03 INFO  main [WavefrontOBJ] Done with "Mesh016.obj" (took 0 ms)
2025-05-18 13:42:03 INFO  main [WavefrontOBJ] Loading geometry from "Mesh017.obj" ..
2025-05-18 13:42:03 INFO  main [WavefrontOBJ] Mesh017: 20 triangles, 40 vertices (merged 20 vertices).
2025-05-18 13:42:03 INFO  main [WavefrontOBJ] Done with "Mesh017.obj" (took 0 ms)
2025-05-18 13:42:03 INFO  main [WavefrontOBJ] Loading geometry from "Mesh018.obj" ..
2025-05-18 13:42:03 INFO  main [WavefrontOBJ] Mesh018: 2 triangles, 4 vertices (merged 2 vertices).
2025-05-18 13:42:03 INFO  main [WavefrontOBJ] Done with "Mesh018.obj" (took 0 ms)
2025-05-18 13:42:03 INFO  main [WavefrontOBJ] Loading geometry from "Mesh011.obj" ..
2025-05-18 13:42:03 INFO  main [WavefrontOBJ] Mesh011: 32 triangles, 30 vertices (merged 66 vertices).
2025-05-18 13:42:03 INFO  main [WavefrontOBJ] Done with "Mesh011.obj" (took 0 ms)
2025-05-18 13:42:03 INFO  main [PluginManager] Loading plugin "plugins/homogeneous.so" ..
2025-05-18 13:42:03 INFO  main [PluginManager] Loading plugin "plugins/isotropic.so" ..
2025-05-18 13:42:03 INFO  main [WavefrontOBJ] Loading geometry from "Mesh014.obj" ..
2025-05-18 13:42:03 INFO  main [WavefrontOBJ] Mesh014: 36 triangles, 72 vertices (merged 36 vertices).
2025-05-18 13:42:03 INFO  main [WavefrontOBJ] Done with "Mesh014.obj" (took 0 ms)
2025-05-18 13:42:03 INFO  main [WavefrontOBJ] Loading geometry from "Mesh001.obj" ..
2025-05-18 13:42:03 INFO  main [WavefrontOBJ] Mesh001: 924 triangles, 2016 vertices (merged 756 vertices).
2025-05-18 13:42:03 INFO  main [WavefrontOBJ] Done with "Mesh001.obj" (took 5 ms)
2025-05-18 13:42:03 INFO  main [WavefrontOBJ] Loading geometry from "Mesh000.obj" ..
2025-05-18 13:42:03 INFO  main [WavefrontOBJ] Mesh000: 3127 triangles, 2075 vertices (merged 7306 vertices).
2025-05-18 13:42:03 INFO  main [WavefrontOBJ] Done with "Mesh000.obj" (took 12 ms)
2025-05-18 13:42:03 INFO  main [WavefrontOBJ] Loading geometry from "Mesh009.obj" ..
2025-05-18 13:42:03 INFO  main [WavefrontOBJ] Mesh009: 146 triangles, 110 vertices (merged 328 vertices).
2025-05-18 13:42:03 INFO  main [WavefrontOBJ] Done with "Mesh009.obj" (took 0 ms)
2025-05-18 13:42:03 INFO  ren0 [KDTreeBase] Constructing a SAH kd-tree (30963 primitives) ..
2025-05-18 13:42:03 INFO  ren0 [KDTreeBase] Finished -- took 115 ms.
2025-05-18 13:42:03 INFO  ren0 [octree.h:535] root weight: 8.000e-20 (0.000000)
2025-05-18 13:42:03 INFO  ren0 [octree.h:536] splitting threshold: 8.000e-23 (0.000000)
2025-05-18 13:42:03 INFO  ren0 [octree.h:551] node count: 1 -> 585 -> 585

2025-05-18 13:42:03 INFO  ren0 [octree.h:535] root weight: 4.096e-17 (0.000000)
2025-05-18 13:42:03 INFO  ren0 [octree.h:536] splitting threshold: 4.096e-20 (0.000000)
2025-05-18 13:42:03 INFO  ren0 [octree.h:551] node count: 585 -> 585 -> 585

2025-05-18 13:42:03 INFO  ren0 [octree.h:535] root weight: 8.000e-20 (0.000000)
2025-05-18 13:42:03 INFO  ren0 [octree.h:536] splitting threshold: 8.000e-23 (0.000000)
2025-05-18 13:42:03 INFO  ren0 [octree.h:551] node count: 1 -> 585 -> 585

2025-05-18 13:42:03 INFO  ren0 [octree.h:535] root weight: 8.000e-20 (0.000000)
2025-05-18 13:42:03 INFO  ren0 [octree.h:536] splitting threshold: 8.000e-23 (0.000000)
2025-05-18 13:42:03 INFO  ren0 [octree.h:551] node count: 1 -> 585 -> 585

2025-05-18 13:42:03 INFO  ren0 [octree.h:535] root weight: 4.096e-17 (0.000000)
2025-05-18 13:42:03 INFO  ren0 [octree.h:536] splitting threshold: 4.096e-20 (0.000000)
2025-05-18 13:42:03 INFO  ren0 [octree.h:551] node count: 585 -> 585 -> 585

2025-05-18 13:42:03 INFO  ren0 [octree.h:535] root weight: 8.000e-20 (0.000000)
2025-05-18 13:42:03 INFO  ren0 [octree.h:536] splitting threshold: 8.000e-23 (0.000000)
2025-05-18 13:42:03 INFO  ren0 [octree.h:551] node count: 1 -> 585 -> 585

2025-05-18 13:42:03 INFO  ren0 [MIFocalGuidingPathTracer] AABB3[min=[-21.7494, -3.70393, -3.09172], max=[7.19249, 11.2965, 6.96201]]
2025-05-18 13:42:03 INFO  ren0 [MIFocalGuidingPathTracer] Starting render job (1280x720, 12 cores, SSE2 enabled) ..
2025-05-18 13:42:03 INFO  ren0 [MIFocalGuidingPathTracer] ITERATION 0, until 10.0 seconds
2025-05-18 13:42:14 INFO  ren0 [MIFocalGuidingPathTracer]   11.05 seconds elapsed, passes this iteration: 6, total passes: 6
2025-05-18 13:42:14 INFO  ren0 [MIFocalGuidingPathTracer] Got 123253 non-zero samples
2025-05-18 13:42:14 INFO  ren0 [gaussian_mixture_model.h:808] Processing mega batch of size 123253
2025-05-18 13:42:14 INFO  ren0 [gaussian_mixture_model.h:547] KMeans
2025-05-18 13:42:15 INFO  ren0 [MIFocalGuidingPathTracer] GMM[
weight = 0.0975822 mean = [3.43997 3.49255 0.169069] covariance = [[3.38883 0.502215 -0.092832][0.502215 3.30208 -0.17651][-0.092832 -0.17651 4.22586]]
weight = 0.0975822 mean = [5.03224 1.72432 0.0506868] covariance = [[3.38883 0.502215 -0.092832][0.502215 3.30208 -0.17651][-0.092832 -0.17651 4.22586]]
weight = 0.00412188 mean = [-11.212 1.96551 -1.32805] covariance = [[5.1543 0.268613 -1.06433][0.268613 5.85073 -0.354793][-1.06433 -0.354793 1.5201]]
weight = 0.200334 mean = [-3.10299 4.01145 -1.72823] covariance = [[3.9161 -1.69064 -0.717713][-1.69064 3.48147 -0.880718][-0.717713 -0.880718 3.97916]]
weight = 0.012115 mean = [-11.2597 5.18276 2.77324] covariance = [[24.2438 2.90701 3.32254][2.90701 12.068 -0.783998][3.32254 -0.783998 4.69409]]
weight = 0.0506845 mean = [3.59922 2.91333 3.15286] covariance = [[3.45961 1.832 1.46833][1.832 2.58892 1.32984][1.46833 1.32984 1.57776]]
weight = 0.468928 mean = [1.77011 1.53472 -2.74917] covariance = [[1.6419 -0.870764 0.0280555][-0.870764 0.786719 -0.111395][0.0280555 -0.111395 0.424772]]
weight = 0.0346812 mean = [-7.07098 3.11511 0.350492] covariance = [[2.0284 0.476012 0.241227][0.476012 4.417 1.22577][0.241227 1.22577 4.24327]]
weight = 0.0339702 mean = [4.90084 2.26463 5.91047] covariance = [[2.7497 0.59404 0.143281][0.59404 4.56001 0.539301][0.143281 0.539301 0.756429]]
]
2025-05-18 13:42:15 INFO  ren0 [octree.h:535] root weight: 2.895e+06 (2895292.250000)
2025-05-18 13:42:15 INFO  ren0 [octree.h:536] splitting threshold: 2.895e+03 (2895.292480)
2025-05-18 13:42:15 INFO  ren0 [octree.h:535] root weight: 2.980e+05 (298028.750000)
2025-05-18 13:42:15 INFO  ren0 [octree.h:536] splitting threshold: 2.980e+02 (298.028778)
2025-05-18 13:42:15 INFO  ren0 [octree.h:551] node count: 585 -> 890 -> 710

2025-05-18 13:42:15 INFO  ren0 [octree.h:551] node count: 585 -> 604 -> 426

2025-05-18 13:42:15 INFO  ren0 [MIFocalGuidingPathTracer] ITERATION 1, until 20.0 seconds
2025-05-18 13:42:34 INFO  ren0 [MIFocalGuidingPathTracer]   30.96 seconds elapsed, passes this iteration: 1, total passes: 7
2025-05-18 13:42:34 INFO  ren0 [MIFocalGuidingPathTracer] Got 63684 non-zero samples
2025-05-18 13:42:34 INFO  ren0 [gaussian_mixture_model.h:808] Processing mega batch of size 63684
2025-05-18 13:42:34 INFO  ren0 [MIFocalGuidingPathTracer] GMM[
weight = 0.0670121 mean = [4.26384 3.76691 0.153024] covariance = [[2.28796 0.0319153 0.0180237][0.0319153 2.53364 0.320068][0.0180237 0.320068 3.69298]]
weight = 0.174123 mean = [4.91315 2.20252 0.0926782] covariance = [[3.77717 -0.0566912 0.14081][-0.0566912 4.29177 0.0882015][0.14081 0.0882015 3.65972]]
weight = 0.0670121 mean = [2.15313 4.09758 0.104929] covariance = [[2.28796 0.0319153 0.0180237][0.0319153 2.53364 0.320068][0.0180237 0.320068 3.69298]]
weight = 0.134169 mean = [-2.31083 3.43674 -1.71873] covariance = [[2.71297 -0.785874 -0.143335][-0.785874 3.34389 -0.899102][-0.143335 -0.899102 2.9967]]
weight = 0.0614601 mean = [3.92319 3.14842 3.19828] covariance = [[3.86451 2.47281 1.93373][2.47281 3.57136 1.92683][1.93373 1.92683 1.88731]]
weight = 0.416673 mean = [1.73919 1.59105 -2.7872] covariance = [[2.03818 -1.12436 0.0574034][-1.12436 0.825699 -0.0618428][0.0574034 -0.0618428 0.241441]]
weight = 0.0383473 mean = [-7.69165 3.47732 0.971059] covariance = [[15.0774 2.76041 0.443164][2.76041 10.7301 0.710732][0.443164 0.710732 6.3206]]
weight = 0.0412044 mean = [5.11099 2.25985 5.88637] covariance = [[2.37744 0.570607 -0.0634539][0.570607 5.60752 0.229864][-0.0634539 0.229864 0.648959]]
]
2025-05-18 13:42:34 INFO  ren0 [octree.h:535] root weight: 2.092e+06 (2091808.750000)
2025-05-18 13:42:34 INFO  ren0 [octree.h:536] splitting threshold: 2.092e+03 (2091.808838)
2025-05-18 13:42:34 INFO  ren0 [octree.h:535] root weight: 1.969e+05 (196943.281250)
2025-05-18 13:42:34 INFO  ren0 [octree.h:536] splitting threshold: 1.969e+02 (196.943283)
2025-05-18 13:42:34 INFO  ren0 [octree.h:551] node count: 710 -> 824 -> 803

2025-05-18 13:42:34 INFO  ren0 [octree.h:551] node count: 426 -> 432 -> 418

2025-05-18 13:42:34 INFO  ren0 [MIFocalGuidingPathTracer] ITERATION 2, until 30.0 seconds
2025-05-18 13:42:55 INFO  ren0 [MIFocalGuidingPathTracer]   51.97 seconds elapsed, passes this iteration: 1, total passes: 8
2025-05-18 13:42:55 INFO  ren0 [MIFocalGuidingPathTracer] Got 104170 non-zero samples
2025-05-18 13:42:55 INFO  ren0 [gaussian_mixture_model.h:808] Processing mega batch of size 104170
2025-05-18 13:42:55 INFO  ren0 [MIFocalGuidingPathTracer] GMM[
weight = 0.389075 mean = [3.71463 3.04031 -0.0845128] covariance = [[3.96106 -0.609512 -0.147189][-0.609512 4.44458 0.139472][-0.147189 0.139472 3.34644]]
weight = 0.0686717 mean = [3.52174 2.67619 3.0037] covariance = [[3.65254 2.32205 2.05018][2.32205 3.36384 1.90502][2.05018 1.90502 2.03683]]
weight = 0.442434 mean = [1.75137 1.59121 -2.82482] covariance = [[2.0954 -1.16249 0.0317781][-1.16249 0.794009 -0.0288968][0.0317781 -0.0288968 0.138179]]
weight = 0.0487061 mean = [-5.09891 2.92441 -0.197076] covariance = [[14.4469 1.18495 -0.00535652][1.18495 10.9023 0.786472][-0.00535652 0.786472 5.43022]]
weight = 0.0511132 mean = [5.10023 2.72122 5.93385] covariance = [[2.77754 0.925346 0.118138][0.925346 4.22499 0.29963][0.118138 0.29963 0.526643]]
]
2025-05-18 13:42:55 INFO  ren0 [octree.h:535] root weight: 1.604e+06 (1603720.625000)
2025-05-18 13:42:55 INFO  ren0 [octree.h:536] splitting threshold: 1.604e+03 (1603.720703)
2025-05-18 13:42:55 INFO  ren0 [octree.h:535] root weight: 1.695e+05 (169531.156250)
2025-05-18 13:42:55 INFO  ren0 [octree.h:536] splitting threshold: 1.695e+02 (169.531158)
2025-05-18 13:42:55 INFO  ren0 [octree.h:551] node count: 803 -> 884 -> 802

2025-05-18 13:42:55 INFO  ren0 [octree.h:551] node count: 418 -> 433 -> 426

2025-05-18 13:42:55 INFO  ren0 [MIFocalGuidingPathTracer] ITERATION 3, until 40.0 seconds
2025-05-18 13:43:11 INFO  ren0 [MIFocalGuidingPathTracer]   68.02 seconds elapsed, passes this iteration: 1, total passes: 9
2025-05-18 13:43:11 INFO  ren0 [MIFocalGuidingPathTracer] Got 171950 non-zero samples
2025-05-18 13:43:11 INFO  ren0 [gaussian_mixture_model.h:808] Processing mega batch of size 171950
2025-05-18 13:43:11 INFO  ren0 [MIFocalGuidingPathTracer] GMM[
weight = 0.0210333 mean = [2.54087 1.46506 2.16779] covariance = [[1.88565 -0.0526433 0.502658][-0.0526433 1.20572 0.201008][0.502658 0.201008 0.847879]]
weight = 0.0210333 mean = [2.30849 2.98011 2.60994] covariance = [[1.88565 -0.0526433 0.502658][-0.0526433 1.20572 0.201008][0.502658 0.201008 0.847879]]
weight = 0.3627 mean = [3.43458 2.84282 -0.521079] covariance = [[4.47989 -1.06285 -0.553263][-1.06285 4.09925 0.724857][-0.553263 0.724857 3.25237]]
weight = 0.0400995 mean = [4.1689 3.48718 3.3218] covariance = [[4.19976 1.07685 1.26314][1.07685 2.7071 0.915898][1.26314 0.915898 1.24274]]
weight = 0.423795 mean = [1.44693 1.75672 -2.89256] covariance = [[3.39896 -2.0418 0.0832706][-2.0418 1.29328 -0.0552115][0.0832706 -0.0552115 0.0487561]]
weight = 0.0962974 mean = [-3.13299 3.79056 -0.190908] covariance = [[12.8844 1.6837 1.80457][1.6837 11.3289 -0.875088][1.80457 -0.875088 6.25834]]
weight = 0.0350421 mean = [4.13961 2.54928 5.64006] covariance = [[5.32624 0.115044 -0.278185][0.115044 4.58057 0.276784][-0.278185 0.276784 0.708233]]
]
2025-05-18 13:43:11 INFO  ren0 [octree.h:535] root weight: 1.328e+06 (1327599.750000)
2025-05-18 13:43:11 INFO  ren0 [octree.h:536] splitting threshold: 1.328e+03 (1327.599854)
2025-05-18 13:43:11 INFO  ren0 [octree.h:535] root weight: 1.571e+05 (157100.875000)
2025-05-18 13:43:11 INFO  ren0 [octree.h:536] splitting threshold: 1.571e+02 (157.100876)
2025-05-18 13:43:11 INFO  ren0 [octree.h:551] node count: 802 -> 877 -> 795

2025-05-18 13:43:11 INFO  ren0 [octree.h:551] node count: 426 -> 441 -> 432

2025-05-18 13:43:11 INFO  ren0 [MIFocalGuidingPathTracer] ITERATION 4, until 50.0 seconds
2025-05-18 13:43:31 INFO  ren0 [MIFocalGuidingPathTracer]   87.34 seconds elapsed, passes this iteration: 1, total passes: 10
2025-05-18 13:43:31 INFO  ren0 [MIFocalGuidingPathTracer] Got 249322 non-zero samples
2025-05-18 13:43:31 INFO  ren0 [gaussian_mixture_model.h:808] Processing mega batch of size 249322
2025-05-18 13:43:31 INFO  ren0 [MIFocalGuidingPathTracer] GMM[
weight = 0.277918 mean = [4.1995 2.32814 -0.622307] covariance = [[5.62037 -0.169901 0.438671][-0.169901 2.93026 -0.177173][0.438671 -0.177173 2.63791]]
weight = 0.0212899 mean = [2.61468 1.72113 2.14007] covariance = [[1.84645 -0.729571 0.427092][-0.729571 2.46872 0.388161][0.427092 0.388161 0.792339]]
weight = 0.44278 mean = [0.869866 2.08711 -2.9652] covariance = [[4.6137 -2.75478 0.018835][-2.75478 1.65815 -0.0127497][0.018835 -0.0127497 0.00696026]]
weight = 0.172418 mean = [-3.78833 3.07913 -0.670201] covariance = [[8.09398 -0.131059 -1.55091][-0.131059 7.24144 0.743072][-1.55091 0.743072 4.39069]]
weight = 0.0855937 mean = [5.5088 3.1626 4.96733] covariance = [[1.76698 0.0693568 0.52054][0.0693568 2.28079 -0.0424737][0.52054 -0.0424737 1.68803]]
]
2025-05-18 13:43:31 INFO  ren0 [octree.h:535] root weight: 1.313e+06 (1312797.500000)
2025-05-18 13:43:31 INFO  ren0 [octree.h:536] splitting threshold: 1.313e+03 (1312.797607)
2025-05-18 13:43:31 INFO  ren0 [octree.h:535] root weight: 1.618e+05 (161772.562500)
2025-05-18 13:43:31 INFO  ren0 [octree.h:536] splitting threshold: 1.618e+02 (161.772568)
2025-05-18 13:43:31 INFO  ren0 [octree.h:551] node count: 795 -> 907 -> 800

2025-05-18 13:43:31 INFO  ren0 [octree.h:551] node count: 432 -> 447 -> 438

2025-05-18 13:43:31 INFO  ren0 [MIFocalGuidingPathTracer] ITERATION 5, until 60.0 seconds
2025-05-18 13:43:45 INFO  ren0 [MIFocalGuidingPathTracer]   101.67 seconds elapsed, passes this iteration: 1, total passes: 11
2025-05-18 13:43:45 INFO  ren0 [MIFocalGuidingPathTracer] Got 684913 non-zero samples
2025-05-18 13:43:45 INFO  ren0 [gaussian_mixture_model.h:808] Processing mega batch of size 684913
2025-05-18 13:43:46 INFO  ren0 [MIFocalGuidingPathTracer] GMM[
weight = 0.0506255 mean = [3.4486 0.696172 6.24312] covariance = [[0.479891 -0.12716 -0.417401][-0.12716 0.273493 0.0312344][-0.417401 0.0312344 0.84267]]
weight = 0.370713 mean = [3.38343 2.8227 -0.983822] covariance = [[4.47202 -0.238065 0.937648][-0.238065 3.66369 0.948761][0.937648 0.948761 3.3652]]
weight = 0.0217125 mean = [2.93004 0.969182 2.61946] covariance = [[1.23531 -0.495839 0.355999][-0.495839 0.711832 -0.213064][0.355999 -0.213064 0.315453]]
weight = 0.356828 mean = [2.3841 1.20743 -2.98652] covariance = [[0.348625 -0.198732 -0.000679032][-0.198732 0.114407 0.000614868][-0.000679032 0.000614868 0.000410682]]
weight = 0.0934504 mean = [-3.14931 3.21193 -0.429581] covariance = [[15.473 0.361411 4.91758][0.361411 5.52966 1.45227][4.91758 1.45227 9.04449]]
weight = 0.106671 mean = [5.43656 1.94052 5.3178] covariance = [[1.80577 0.722969 0.203678][0.722969 2.90284 0.272877][0.203678 0.272877 1.34629]]
]
2025-05-18 13:43:46 INFO  ren0 [octree.h:535] root weight: 1.819e+06 (1819146.125000)
2025-05-18 13:43:46 INFO  ren0 [octree.h:536] splitting threshold: 1.819e+03 (1819.146240)
2025-05-18 13:43:46 INFO  ren0 [octree.h:535] root weight: 2.970e+05 (296986.593750)
2025-05-18 13:43:46 INFO  ren0 [octree.h:536] splitting threshold: 2.970e+02 (296.986603)
2025-05-18 13:43:46 INFO  ren0 [octree.h:551] node count: 800 -> 954 -> 774

2025-05-18 13:43:46 INFO  ren0 [octree.h:551] node count: 438 -> 479 -> 458

2025-05-18 13:43:46 INFO  ren0 [MIFocalGuidingPathTracer] ITERATION 6, until 70.0 seconds
2025-05-18 13:44:03 INFO  ren0 [MIFocalGuidingPathTracer]   120.06 seconds elapsed, passes this iteration: 1, total passes: 12
2025-05-18 13:44:03 INFO  ren0 [MIFocalGuidingPathTracer] Got 1624077 non-zero samples
2025-05-18 13:44:04 INFO  ren0 [gaussian_mixture_model.h:808] Processing mega batch of size 1624077
2025-05-18 13:44:05 INFO  ren0 [MIFocalGuidingPathTracer] GMM[
weight = 0.0818109 mean = [-2.42731 3.95519 -2.98572] covariance = [[0.00388574 0.000622213 4.66343e-05][0.000622213 0.000945062 0.000447967][4.66343e-05 0.000447967 0.000442619]]
weight = 0.050832 mean = [-2.33849 3.99583 -2.96437] covariance = [[0.000798799 -0.000554257 0.000106166][-0.000554257 0.00100024 1.92936e-05][0.000106166 1.92936e-05 0.000109093]]
weight = 0.00885805 mean = [4.22883 1.57927 5.90177] covariance = [[0.0656481 0.0627156 0.0231299][0.0627156 0.402932 -0.168196][0.0231299 -0.168196 0.211863]]
weight = 0.858499 mean = [2.3999 2.40538 -0.909216] covariance = [[8.2806 -0.743075 2.09992][-0.743075 2.80039 0.923041][2.09992 0.923041 6.5962]]
]
2025-05-18 13:44:05 INFO  ren0 [octree.h:535] root weight: 1.387e+06 (1387495.250000)
2025-05-18 13:44:05 INFO  ren0 [octree.h:536] splitting threshold: 1.387e+03 (1387.495361)
2025-05-18 13:44:05 INFO  ren0 [octree.h:535] root weight: 1.902e+05 (190201.375000)
2025-05-18 13:44:05 INFO  ren0 [octree.h:536] splitting threshold: 1.902e+02 (190.201385)
2025-05-18 13:44:05 INFO  ren0 [octree.h:551] node count: 774 -> 858 -> 778

2025-05-18 13:44:05 INFO  ren0 [octree.h:551] node count: 458 -> 466 -> 448

2025-05-18 13:44:05 INFO  ren0 [MIFocalGuidingPathTracer] ITERATION 7, until 80.0 seconds
2025-05-18 13:44:16 INFO  ren0 [MIFocalGuidingPathTracer]   132.99 seconds elapsed, passes this iteration: 1, total passes: 13
2025-05-18 13:44:16 INFO  ren0 [MIFocalGuidingPathTracer] Got 2129366 non-zero samples
2025-05-18 13:44:16 INFO  ren0 [gaussian_mixture_model.h:808] Processing mega batch of size 2129366
2025-05-18 13:44:18 INFO  ren0 [MIFocalGuidingPathTracer] GMM[
weight = 0.000793918 mean = [-2.36947 3.96836 -2.96933] covariance = [[0.000301477 -0.000219141 8.6881e-05][-0.000219141 0.00161436 -0.00044314][8.6881e-05 -0.00044314 0.000178446]]
weight = 0.000899605 mean = [-2.36445 4.0367 -2.97816] covariance = [[0.00266106 0.000160212 0.000181083][0.000160212 0.00148193 -0.000103962][0.000181083 -0.000103962 0.000265359]]
weight = 0.000793918 mean = [-2.37881 4.02481 -2.98548] covariance = [[0.000301477 -0.000219141 8.6881e-05][-0.000219141 0.00161436 -0.00044314][8.6881e-05 -0.00044314 0.000178446]]
weight = 0.000899605 mean = [-2.35808 3.98326 -2.9726] covariance = [[0.00266106 0.000160212 0.000181083][0.000160212 0.00148193 -0.000103962][0.000181083 -0.000103962 0.000265359]]
weight = 0.0413699 mean = [-2.36942 3.95552 -2.96803] covariance = [[0.000579765 -5.10937e-05 0.000108674][-5.10937e-05 0.00266706 -0.00053378][0.000108674 -0.00053378 0.00020829]]
weight = 0.273423 mean = [2.57784 1.10378 -2.98875] covariance = [[0.00101767 0.000239075 -7.88897e-05][0.000239075 0.00257848 3.87527e-05][-7.88897e-05 3.87527e-05 8.96979e-05]]
weight = 0.68182 mean = [1.07109 2.9123 -1.06788] covariance = [[17.8951 -5.53129 1.07124][-5.53129 5.22419 0.0654921][1.07124 0.0654921 4.6995]]
]
2025-05-18 13:44:18 INFO  ren0 [octree.h:535] root weight: 1.530e+06 (1530448.500000)
2025-05-18 13:44:18 INFO  ren0 [octree.h:536] splitting threshold: 1.530e+03 (1530.448608)
2025-05-18 13:44:18 INFO  ren0 [octree.h:535] root weight: 1.958e+05 (195847.515625)
2025-05-18 13:44:18 INFO  ren0 [octree.h:536] splitting threshold: 1.958e+02 (195.847519)
2025-05-18 13:44:18 INFO  ren0 [octree.h:551] node count: 778 -> 903 -> 775

2025-05-18 13:44:18 INFO  ren0 [octree.h:551] node count: 448 -> 468 -> 437

2025-05-18 13:44:18 INFO  ren0 [MIFocalGuidingPathTracer] ITERATION 8, until 90.0 seconds
2025-05-18 13:44:36 INFO  ren0 [MIFocalGuidingPathTracer]   152.79 seconds elapsed, passes this iteration: 1, total passes: 14
2025-05-18 13:44:36 INFO  ren0 [MIFocalGuidingPathTracer] Got 4132226 non-zero samples
2025-05-18 13:44:36 INFO  ren0 [gaussian_mixture_model.h:808] Processing mega batch of size 4132226
2025-05-18 13:44:39 INFO  ren0 [MIFocalGuidingPathTracer] GMM[
weight = 0.00310371 mean = [-2.36669 3.94884 -2.97023] covariance = [[0.00146659 0.000105198 -8.27168e-05][0.000105198 0.00145347 -7.41635e-05][-8.27168e-05 -7.41635e-05 0.000113102]]
weight = 0.440049 mean = [2.1809 1.68113 -2.20286] covariance = [[3.27199 -0.685041 0.184818][-0.685041 3.14767 0.517659][0.184818 0.517659 3.24099]]
weight = 0.113695 mean = [-6.33415 2.04406 -0.275261] covariance = [[7.9399 2.56639 -1.71311][2.56639 7.60097 1.18043][-1.71311 1.18043 4.9028]]
weight = 0.00310371 mean = [-2.33122 3.91101 -2.97033] covariance = [[0.00146659 0.000105198 -8.27168e-05][0.000105198 0.00145347 -7.41635e-05][-8.27168e-05 -7.41635e-05 0.000113102]]
weight = 0.440049 mean = [3.69329 1.90969 -0.0775954] covariance = [[3.27199 -0.685041 0.184818][-0.685041 3.14767 0.517659][0.184818 0.517659 3.24099]]
]
2025-05-18 13:44:39 INFO  ren0 [octree.h:535] root weight: 1.270e+06 (1269721.375000)
2025-05-18 13:44:39 INFO  ren0 [octree.h:536] splitting threshold: 1.270e+03 (1269.721436)
2025-05-18 13:44:39 INFO  ren0 [octree.h:535] root weight: 1.606e+05 (160627.546875)
2025-05-18 13:44:39 INFO  ren0 [octree.h:536] splitting threshold: 1.606e+02 (160.627548)
2025-05-18 13:44:40 INFO  ren0 [octree.h:551] node count: 775 -> 873 -> 802

2025-05-18 13:44:40 INFO  ren0 [octree.h:551] node count: 437 -> 453 -> 447

2025-05-18 13:44:40 INFO  ren0 [MIFocalGuidingPathTracer] ITERATION 9, until 100.0 seconds
2025-05-18 13:44:54 INFO  ren0 [MIFocalGuidingPathTracer]   170.29 seconds elapsed, passes this iteration: 1, total passes: 15
2025-05-18 13:44:54 INFO  ren0 [pmm_focal_guiding_recursive.cpp:214] starting iterative narrowing
2025-05-18 13:44:54 INFO  ren0 [MIFocalGuidingPathTracer] Got 134582 non-zero samples
2025-05-18 13:44:54 INFO  ren0 [gaussian_mixture_model.h:808] Processing mega batch of size 134582
2025-05-18 13:44:54 INFO  ren0 [MIFocalGuidingPathTracer] GMM[
weight = 0.0541062 mean = [0.817863 2.45217 -2.25004] covariance = [[1.01561 -0.205666 0.0736334][-0.205666 0.760937 0.227723][0.0736334 0.227723 0.745901]]
weight = 0.0541062 mean = [2.05671 1.62738 -2.49648] covariance = [[1.01561 -0.205666 0.0736334][-0.205666 0.760937 0.227723][0.0736334 0.227723 0.745901]]
weight = 0.164322 mean = [1.7549 1.80273 -2.39036] covariance = [[1.02334 -0.0195329 0.0330986][-0.0195329 0.894069 0.190822][0.0330986 0.190822 0.760543]]
weight = 0.164322 mean = [2.93002 1.07703 -2.76721] covariance = [[1.02334 -0.0195329 0.0330986][-0.0195329 0.894069 0.190822][0.0330986 0.190822 0.760543]]
weight = 0.026225 mean = [-5.01292 4.75467 -1.49361] covariance = [[7.00993 0.176903 -0.468584][0.176903 6.09559 -0.33629][-0.468584 -0.33629 4.33282]]
weight = 0.183801 mean = [-4.74186 4.29677 -0.954885] covariance = [[11.3409 -1.10486 0.846604][-1.10486 6.14903 -2.40056][0.846604 -2.40056 5.83781]]
weight = 0.026225 mean = [-8.63053 3.91697 -0.789904] covariance = [[7.00993 0.176903 -0.468584][0.176903 6.09559 -0.33629][-0.468584 -0.33629 4.33282]]
weight = 0.0236641 mean = [-2.34687 3.98443 -2.98059] covariance = [[0.00079501 -0.000255816 -3.0728e-05][-0.000255816 0.0015996 9.84406e-05][-3.0728e-05 9.84406e-05 6.26661e-05]]
weight = 0.303228 mean = [3.58859 2.49062 0.736338] covariance = [[4.30073 0.548789 1.80815][0.548789 4.50293 0.278123][1.80815 0.278123 8.04925]]
]
2025-05-18 13:44:54 INFO  ren0 [octree.h:535] root weight: 1.252e+06 (1252177.250000)
2025-05-18 13:44:54 INFO  ren0 [octree.h:536] splitting threshold: 1.252e+03 (1252.177368)
2025-05-18 13:44:54 INFO  ren0 [octree.h:535] root weight: 1.536e+05 (153553.046875)
2025-05-18 13:44:54 INFO  ren0 [octree.h:536] splitting threshold: 1.536e+02 (153.553055)
2025-05-18 13:44:54 INFO  ren0 [octree.h:551] node count: 802 -> 931 -> 826

2025-05-18 13:44:54 INFO  ren0 [octree.h:551] node count: 447 -> 464 -> 446

2025-05-18 13:44:54 INFO  ren0 [MIFocalGuidingPathTracer] ITERATION 10, until 110.0 seconds
2025-05-18 13:45:13 INFO  ren0 [MIFocalGuidingPathTracer]   190.10 seconds elapsed, passes this iteration: 1, total passes: 16
2025-05-18 13:45:13 INFO  ren0 [MIFocalGuidingPathTracer] Got 483515 non-zero samples
2025-05-18 13:45:13 INFO  ren0 [gaussian_mixture_model.h:808] Processing mega batch of size 483515
2025-05-18 13:45:14 INFO  ren0 [MIFocalGuidingPathTracer] GMM[
weight = 0.116622 mean = [0.449189 2.35838 -2.97106] covariance = [[0.0975181 -0.056631 -4.78867e-05][-0.056631 0.0336777 6.98017e-05][-4.78867e-05 6.98017e-05 0.000128142]]
weight = 0.116622 mean = [0.0079169 2.61619 -2.97076] covariance = [[0.0975181 -0.056631 -4.78867e-05][-0.056631 0.0336777 6.98017e-05][-4.78867e-05 6.98017e-05 0.000128142]]
weight = 0.0138409 mean = [2.58262 1.08816 -2.85837] covariance = [[0.0114655 0.000329119 0.00223388][0.000329119 0.0100183 6.89138e-05][0.00223388 6.89138e-05 0.0076379]]
weight = 0.0516286 mean = [0.153681 2.52869 -2.97474] covariance = [[0.000348661 -0.000157245 -2.11609e-05][-0.000157245 0.00118971 3.12898e-05][-2.11609e-05 3.12898e-05 7.97114e-05]]
weight = 0.685706 mean = [2.38832 1.22701 -2.97026] covariance = [[0.440382 -0.258153 -0.000644788][-0.258153 0.152125 0.000264863][-0.000644788 0.000264863 0.000296929]]
weight = 0.00153153 mean = [-2.32455 3.98957 -2.97403] covariance = [[0.00281637 -0.000628267 -0.000469307][-0.000628267 0.00320218 0.000133826][-0.000469307 0.000133826 0.000282248]]
weight = 0.0140493 mean = [0.940253 2.88267 -1.29334] covariance = [[10.0636 -2.49125 3.66868][-2.49125 2.4875 -0.502065][3.66868 -0.502065 5.16878]]
]
2025-05-18 13:45:14 INFO  ren0 [octree.h:535] root weight: 1.949e+07 (19492932.000000)
2025-05-18 13:45:14 INFO  ren0 [octree.h:536] splitting threshold: 1.949e+04 (19492.933594)
2025-05-18 13:45:14 INFO  ren0 [octree.h:535] root weight: 4.084e+04 (40844.578125)
2025-05-18 13:45:14 INFO  ren0 [octree.h:536] splitting threshold: 4.084e+01 (40.844582)
2025-05-18 13:45:14 INFO  ren0 [octree.h:551] node count: 826 -> 1188 -> 1027

2025-05-18 13:45:14 INFO  ren0 [octree.h:551] node count: 446 -> 446 -> 433

2025-05-18 13:45:14 INFO  ren0 [MIFocalGuidingPathTracer] ITERATION 11, until 120.0 seconds
2025-05-18 13:45:28 INFO  ren0 [MIFocalGuidingPathTracer]   204.22 seconds elapsed, passes this iteration: 1, total passes: 17
2025-05-18 13:45:28 INFO  ren0 [MIFocalGuidingPathTracer] Got 5111180 non-zero samples
2025-05-18 13:45:28 INFO  ren0 [gaussian_mixture_model.h:808] Processing mega batch of size 5111180
2025-05-18 13:45:32 INFO  ren0 [MIFocalGuidingPathTracer] GMM[
weight = 0.00342255 mean = [2.49822 1.10772 -2.96263] covariance = [[4.68465e-05 3.25764e-07 1.32171e-05][3.25764e-07 3.07607e-05 -8.1071e-06][1.32171e-05 -8.1071e-06 4.89848e-05]]
weight = 0.00505615 mean = [2.58141 1.1366 -2.94268] covariance = [[0.000640076 0.000117555 0.000145788][0.000117555 0.000298867 -0.000101963][0.000145788 -0.000101963 0.0002683]]
weight = 0.00342255 mean = [2.4917 1.10962 -2.97028] covariance = [[4.68465e-05 3.25764e-07 1.32171e-05][3.25764e-07 3.07607e-05 -8.1071e-06][1.32171e-05 -8.1071e-06 4.89848e-05]]
weight = 0.0657793 mean = [2.58971 1.1133 -2.97555] covariance = [[0.000243127 -8.91476e-05 7.44299e-05][-8.91476e-05 0.000519809 -6.79329e-05][7.44299e-05 -6.79329e-05 4.48112e-05]]
weight = 0.0349916 mean = [2.54498 1.10413 -2.93221] covariance = [[0.000634102 -0.000117926 0.000255147][-0.000117926 0.000519126 -0.000377353][0.000255147 -0.000377353 0.00125628]]
weight = 0.887328 mean = [-4.51208 5.31671 -2.95406] covariance = [[1.61816 -0.960042 0.00106523][-0.960042 0.569859 -0.000572015][0.00106523 -0.000572015 4.11083e-05]]
]
2025-05-18 13:45:32 INFO  ren0 [octree.h:535] root weight: 1.110e+07 (11098108.000000)
2025-05-18 13:45:32 INFO  ren0 [octree.h:536] splitting threshold: 1.110e+04 (11098.108398)
2025-05-18 13:45:32 INFO  ren0 [octree.h:535] root weight: 7.878e+03 (7878.478516)
2025-05-18 13:45:32 INFO  ren0 [octree.h:536] splitting threshold: 7.878e+00 (7.878479)
2025-05-18 13:45:32 INFO  ren0 [octree.h:551] node count: 1027 -> 1202 -> 1054

2025-05-18 13:45:32 INFO  ren0 [octree.h:551] node count: 433 -> 433 -> 432

2025-05-18 13:45:32 INFO  ren0 [MIFocalGuidingPathTracer] ITERATION 12, until 130.0 seconds
2025-05-18 13:45:41 INFO  ren0 [MIFocalGuidingPathTracer]   217.64 seconds elapsed, passes this iteration: 1, total passes: 18
2025-05-18 13:45:41 INFO  ren0 [MIFocalGuidingPathTracer] Got 3049629 non-zero samples
2025-05-18 13:45:41 INFO  ren0 [gaussian_mixture_model.h:808] Processing mega batch of size 3049629
2025-05-18 13:45:43 INFO  ren0 [MIFocalGuidingPathTracer] GMM[
weight = 0.499882 mean = [-4.87322 5.52763 -2.99272] covariance = [[0.000701662 -0.000208914 9.14432e-05][-0.000208914 0.000131801 2.52009e-05][9.14432e-05 2.52009e-05 7.16127e-05]]
weight = 0.000235317 mean = [2.5647 1.10081 -2.958] covariance = [[0.00158844 -0.000269555 -0.000281124][-0.000269555 0.00141424 -2.31977e-05][-0.000281124 -2.31977e-05 0.000371951]]
weight = 0.499882 mean = [-4.83609 5.51581 -2.98834] covariance = [[0.000701662 -0.000208914 9.14432e-05][-0.000208914 0.000131801 2.52009e-05][9.14432e-05 2.52009e-05 7.16127e-05]]
]
2025-05-18 13:45:43 INFO  ren0 [octree.h:535] root weight: 1.622e+09 (1622295808.000000)
2025-05-18 13:45:43 INFO  ren0 [octree.h:536] splitting threshold: 1.622e+06 (1622295.875000)
2025-05-18 13:45:43 INFO  ren0 [octree.h:535] root weight: 2.753e+03 (2752.739746)
2025-05-18 13:45:43 INFO  ren0 [octree.h:536] splitting threshold: 2.753e+00 (2.752740)
2025-05-18 13:45:43 INFO  ren0 [octree.h:551] node count: 1054 -> 1669 -> 1590

2025-05-18 13:45:43 INFO  ren0 [octree.h:551] node count: 432 -> 432 -> 432

2025-05-18 13:45:43 INFO  ren0 [MIFocalGuidingPathTracer] ITERATION 13, until 140.0 seconds
2025-05-18 13:45:48 INFO  ren0 [MIFocalGuidingPathTracer]   224.92 seconds elapsed, passes this iteration: 1, total passes: 19
2025-05-18 13:45:48 INFO  ren0 [MIFocalGuidingPathTracer] Got 2288473 non-zero samples
2025-05-18 13:45:48 INFO  ren0 [gaussian_mixture_model.h:808] Processing mega batch of size 2288473
2025-05-18 13:45:50 INFO  ren0 [MIFocalGuidingPathTracer] GMM[
weight = 0.000218943 mean = [-4.97385 5.52142 -2.96008] covariance = [[0.000147142 7.23899e-06 -2.87613e-05][7.23899e-06 7.93673e-05 7.01784e-05][-2.87613e-05 7.01784e-05 9.59023e-05]]
weight = 0.000368645 mean = [-4.95164 5.50838 -2.97782] covariance = [[0.000340516 8.94775e-06 -7.59238e-05][8.94775e-06 0.000122687 0.000121099][-7.59238e-05 0.000121099 0.000164602]]
weight = 0.00098742 mean = [-4.97502 5.53058 -2.94906] covariance = [[9.05929e-06 -1.58641e-07 -1.37594e-06][-1.58641e-07 1.63071e-05 -5.48257e-07][-1.37594e-06 -5.48257e-07 1.0755e-05]]
weight = 0.000218943 mean = [-4.98508 5.52936 -2.94848] covariance = [[0.000147142 7.23899e-06 -2.87613e-05][7.23899e-06 7.93673e-05 7.01784e-05][-2.87613e-05 7.01784e-05 9.59023e-05]]
weight = 0.16705 mean = [-4.90434 5.51835 -2.94155] covariance = [[0.000159577 0.000104718 -8.87354e-05][0.000104718 7.39562e-05 -5.11594e-05][-8.87354e-05 -5.11594e-05 6.51935e-05]]
weight = 0.000368645 mean = [-4.97571 5.51298 -2.96646] covariance = [[0.000340516 8.94775e-06 -7.59238e-05][8.94775e-06 0.000122687 0.000121099][-7.59238e-05 0.000121099 0.000164602]]
weight = 1.66884e-05 mean = [-4.92761 5.48712 -2.8363] covariance = [[3.02649e-05 7.12621e-06 5.98283e-06][7.12621e-06 3.31818e-05 4.15825e-06][5.98283e-06 4.15825e-06 2.69268e-05]]
