2025-04-19 22:57:39 INFO  main [mitsuba.cpp:274] Mitsuba version 0.6.0 (Linux, 64 bit), Copyright (c) 2017 Wenzel Jakob
2025-04-19 22:57:39 INFO  main [mitsuba.cpp:377] Parsing scene description from "../../scenes/dining-room/dining-room.xml" ..
2025-04-19 22:57:39 INFO  main [scenehandler.cpp:675] In file "/home/julia/PBRT/PMM_focal_guiding/mitsuba/dist/../../scenes/dining-room/dining-room.xml" (near line 18): Parsing included file "pmm_focal_guiding.xml" ..
2025-04-19 22:57:39 INFO  main [PluginManager] Loading plugin "plugins/pmm_focal_guiding.so" ..
2025-04-19 22:57:39 INFO  main [octree.h:501] root weight: 8.000e-20 (0.000000)
2025-04-19 22:57:39 INFO  main [octree.h:502] splitting threshold: 8.000e-23 (0.000000)
2025-04-19 22:57:39 INFO  main [octree.h:517] node count: 1 -> 585 -> 585

2025-04-19 22:57:39 INFO  main [octree.h:501] root weight: 8.000e-20 (0.000000)
2025-04-19 22:57:39 INFO  main [octree.h:502] splitting threshold: 8.000e-23 (0.000000)
2025-04-19 22:57:39 INFO  main [octree.h:517] node count: 1 -> 585 -> 585

2025-04-19 22:57:39 INFO  main [PMMFocalGuidingIntegrator] Saving to: 
2025-04-19 22:57:39 INFO  main [PMMFocalGuidingIntegrator] GMM params: alpha = 1.000000, split_th = 4.500000, merge_th = 0.500000, min_num_comp = 3, max_num_comp = 20, init = Random
2025-04-19 22:57:39 INFO  main [PMMFocalGuidingIntegrator] iterationCount: 15
2025-04-19 22:57:39 INFO  main [PMMFocalGuidingIntegrator] PMMFocalGuidingIntegrator
  maxDepth = 40,
  rrDepth = 14,
  strictNormals = 1
  gmm = GMM[
]
]
2025-04-19 22:57:39 WARN  main [scenehandler.cpp:795] In file "/home/julia/PBRT/PMM_focal_guiding/mitsuba/dist/../../scenes/dining-room/../_integrators/pmm_focal_guiding.xml" (near line 49): Unqueried attribute "budget" in element "integrator"
2025-04-19 22:57:39 WARN  main [scenehandler.cpp:795] In file "/home/julia/PBRT/PMM_focal_guiding/mitsuba/dist/../../scenes/dining-room/../_integrators/pmm_focal_guiding.xml" (near line 49): Unqueried attribute "dumpPrimaryRays" in element "integrator"
2025-04-19 22:57:39 WARN  main [scenehandler.cpp:795] In file "/home/julia/PBRT/PMM_focal_guiding/mitsuba/dist/../../scenes/dining-room/../_integrators/pmm_focal_guiding.xml" (near line 49): Unqueried attribute "dumpScene" in element "integrator"
2025-04-19 22:57:39 WARN  main [scenehandler.cpp:795] In file "/home/julia/PBRT/PMM_focal_guiding/mitsuba/dist/../../scenes/dining-room/../_integrators/pmm_focal_guiding.xml" (near line 49): Unqueried attribute "normalBinning" in element "integrator"
2025-04-19 22:57:39 WARN  main [scenehandler.cpp:795] In file "/home/julia/PBRT/PMM_focal_guiding/mitsuba/dist/../../scenes/dining-room/../_integrators/pmm_focal_guiding.xml" (near line 49): Unqueried attribute "samplingMode" in element "integrator"
2025-04-19 22:57:39 WARN  main [scenehandler.cpp:795] In file "/home/julia/PBRT/PMM_focal_guiding/mitsuba/dist/../../scenes/dining-room/../_integrators/pmm_focal_guiding.xml" (near line 49): Unqueried attribute "unboundedSplatting" in element "integrator"
2025-04-19 22:57:39 INFO  main [PluginManager] Loading plugin "plugins/independent.so" ..
2025-04-19 22:57:39 INFO  main [PluginManager] Loading plugin "plugins/box.so" ..
2025-04-19 22:57:39 INFO  main [PluginManager] Loading plugin "plugins/hdrfilm.so" ..
2025-04-19 22:57:39 INFO  main [PluginManager] Loading plugin "plugins/perspective.so" ..
2025-04-19 22:57:39 INFO  main [PluginManager] Loading plugin "plugins/roughplastic.so" ..
2025-04-19 22:57:39 INFO  main [PluginManager] Loading plugin "plugins/twosided.so" ..
2025-04-19 22:57:39 INFO  main [PluginManager] Loading plugin "plugins/roughconductor.so" ..
2025-04-19 22:57:39 INFO  main [spectrum.cpp:599] "Cu.eta.spd": loaded a spectral power distribution with 55 entries (between 302.400421 and 885.601257 nm)
2025-04-19 22:57:39 INFO  main [spectrum.cpp:599] "Cu.k.spd": loaded a spectral power distribution with 55 entries (between 302.400421 and 885.601257 nm)
2025-04-19 22:57:39 INFO  main [PluginManager] Loading plugin "plugins/diffuse.so" ..
2025-04-19 22:57:39 INFO  main [PluginManager] Loading plugin "plugins/bitmap.so" ..
2025-04-19 22:57:39 INFO  main [BitmapTexture] Loading texture "picture3.jpg"
2025-04-19 22:57:39 INFO  main [MIPMap] Mapped MIP map cache file "/home/julia/PBRT/PMM_focal_guiding/mitsuba/dist/../../scenes/dining-room/textures/picture3.mip" into memory (18.8 MiB).
2025-04-19 22:57:39 INFO  main [BitmapTexture] Loading texture "Tiles.jpg"
2025-04-19 22:57:39 INFO  main [PluginManager] Loading plugin "plugins/lanczos.so" ..
2025-04-19 22:57:39 INFO  main [spectrum.cpp:599] "Cu.eta.spd": loaded a spectral power distribution with 55 entries (between 302.400421 and 885.601257 nm)
2025-04-19 22:57:39 INFO  main [spectrum.cpp:599] "Cu.k.spd": loaded a spectral power distribution with 55 entries (between 302.400421 and 885.601257 nm)
2025-04-19 22:57:39 INFO  main [PluginManager] Loading plugin "plugins/conductor.so" ..
2025-04-19 22:57:39 INFO  main [spectrum.cpp:599] "Ir.eta.spd": loaded a spectral power distribution with 28 entries (between 302.389984 and 885.570984 nm)
2025-04-19 22:57:39 INFO  main [spectrum.cpp:599] "Ir.k.spd": loaded a spectral power distribution with 28 entries (between 302.389984 and 885.570984 nm)
2025-04-19 22:57:39 INFO  main [spectrum.cpp:599] "Cu.eta.spd": loaded a spectral power distribution with 55 entries (between 302.400421 and 885.601257 nm)
2025-04-19 22:57:39 INFO  main [spectrum.cpp:599] "Cu.k.spd": loaded a spectral power distribution with 55 entries (between 302.400421 and 885.601257 nm)
2025-04-19 22:57:39 INFO  main [BitmapTexture] Loading texture "Teacup.png"
2025-04-19 22:57:39 INFO  main [spectrum.cpp:599] "Cu.eta.spd": loaded a spectral power distribution with 55 entries (between 302.400421 and 885.601257 nm)
2025-04-19 22:57:39 INFO  main [spectrum.cpp:599] "Cu.k.spd": loaded a spectral power distribution with 55 entries (between 302.400421 and 885.601257 nm)
2025-04-19 22:57:39 INFO  main [PluginManager] Loading plugin "plugins/area.so" ..
2025-04-19 22:57:39 INFO  main [PluginManager] Loading plugin "plugins/disk.so" ..
2025-04-19 22:57:39 INFO  main [PluginManager] Loading plugin "plugins/ply.so" ..
2025-04-19 22:57:39 INFO  main [PLYLoader] Loading geometry from "parabol1.ply" ..
2025-04-19 22:57:39 INFO  main [PLYLoader] "parabol1": Loaded 25856 triangles, 13057 vertices (456.0 KiB in 26 ms).
2025-04-19 22:57:39 INFO  main [PLYLoader] Loading geometry from "parabol2.ply" ..
2025-04-19 22:57:39 INFO  main [PLYLoader] "parabol2": Loaded 25856 triangles, 13057 vertices (456.0 KiB in 26 ms).
2025-04-19 22:57:39 INFO  main [PluginManager] Loading plugin "plugins/obj.so" ..
2025-04-19 22:57:39 INFO  main [WavefrontOBJ] Loading geometry from "Mesh013.obj" ..
2025-04-19 22:57:39 INFO  main [WavefrontOBJ] Mesh013: 1056 triangles, 577 vertices (merged 2591 vertices).
2025-04-19 22:57:39 INFO  main [WavefrontOBJ] Done with "Mesh013.obj" (took 8 ms)
2025-04-19 22:57:39 INFO  main [WavefrontOBJ] Loading geometry from "Mesh016.obj" ..
2025-04-19 22:57:39 INFO  main [WavefrontOBJ] Mesh016: 384 triangles, 768 vertices (merged 384 vertices).
2025-04-19 22:57:39 INFO  main [WavefrontOBJ] Done with "Mesh016.obj" (took 4 ms)
2025-04-19 22:57:39 INFO  main [WavefrontOBJ] Loading geometry from "Mesh015.obj" ..
2025-04-19 22:57:39 INFO  main [WavefrontOBJ] Mesh015: 3136 triangles, 1680 vertices (merged 7728 vertices).
2025-04-19 22:57:39 INFO  main [WavefrontOBJ] Done with "Mesh015.obj" (took 26 ms)
2025-04-19 22:57:39 INFO  main [WavefrontOBJ] Loading geometry from "Mesh023.obj" ..
2025-04-19 22:57:39 INFO  main [WavefrontOBJ] Mesh023: 1056 triangles, 577 vertices (merged 2591 vertices).
2025-04-19 22:57:39 INFO  main [WavefrontOBJ] Done with "Mesh023.obj" (took 9 ms)
2025-04-19 22:57:39 INFO  main [WavefrontOBJ] Loading geometry from "Mesh020.obj" ..
2025-04-19 22:57:40 INFO  main [WavefrontOBJ] Mesh020: 384 triangles, 768 vertices (merged 384 vertices).
2025-04-19 22:57:40 INFO  main [WavefrontOBJ] Done with "Mesh020.obj" (took 5 ms)
2025-04-19 22:57:40 INFO  main [WavefrontOBJ] Loading geometry from "Mesh017.obj" ..
2025-04-19 22:57:40 INFO  main [WavefrontOBJ] Mesh017: 3136 triangles, 1680 vertices (merged 7728 vertices).
2025-04-19 22:57:40 INFO  main [WavefrontOBJ] Done with "Mesh017.obj" (took 24 ms)
2025-04-19 22:57:40 INFO  main [WavefrontOBJ] Loading geometry from "Mesh024.obj" ..
2025-04-19 22:57:40 INFO  main [WavefrontOBJ] Mesh024: 34 triangles, 68 vertices (merged 34 vertices).
2025-04-19 22:57:40 INFO  main [WavefrontOBJ] Done with "Mesh024.obj" (took 0 ms)
2025-04-19 22:57:40 INFO  main [WavefrontOBJ] Loading geometry from "Mesh041.obj" ..
2025-04-19 22:57:40 INFO  main [WavefrontOBJ] Mesh041: 8 triangles, 16 vertices (merged 8 vertices).
2025-04-19 22:57:40 INFO  main [WavefrontOBJ] Done with "Mesh041.obj" (took 0 ms)
2025-04-19 22:57:40 INFO  main [WavefrontOBJ] Loading geometry from "Mesh011.obj" ..
2025-04-19 22:57:40 INFO  main [WavefrontOBJ] Mesh011: 8992 triangles, 4544 vertices (merged 22432 vertices).
2025-04-19 22:57:40 INFO  main [WavefrontOBJ] Done with "Mesh011.obj" (took 73 ms)
2025-04-19 22:57:40 INFO  main [WavefrontOBJ] Loading geometry from "Mesh026.obj" ..
2025-04-19 22:57:40 INFO  main [WavefrontOBJ] Mesh026: 7624 triangles, 4070 vertices (merged 18802 vertices).
2025-04-19 22:57:40 INFO  main [WavefrontOBJ] Done with "Mesh026.obj" (took 53 ms)
2025-04-19 22:57:40 INFO  main [WavefrontOBJ] Loading geometry from "Mesh018.obj" ..
2025-04-19 22:57:40 INFO  main [WavefrontOBJ] Mesh018: 2016 triangles, 1260 vertices (merged 4788 vertices).
2025-04-19 22:57:40 INFO  main [WavefrontOBJ] Done with "Mesh018.obj" (took 17 ms)
2025-04-19 22:57:40 INFO  main [WavefrontOBJ] Loading geometry from "Mesh007.obj" ..
2025-04-19 22:57:40 INFO  main [WavefrontOBJ] Mesh007: 4352 triangles, 2178 vertices (merged 10878 vertices).
2025-04-19 22:57:40 INFO  main [WavefrontOBJ] Done with "Mesh007.obj" (took 32 ms)
2025-04-19 22:57:40 INFO  main [WavefrontOBJ] Loading geometry from "Mesh005.obj" ..
2025-04-19 22:57:40 INFO  main [WavefrontOBJ] Mesh005: 160 triangles, 144 vertices (merged 336 vertices).
2025-04-19 22:57:40 INFO  main [WavefrontOBJ] Done with "Mesh005.obj" (took 2 ms)
2025-04-19 22:57:40 INFO  main [WavefrontOBJ] Loading geometry from "Mesh019.obj" ..
2025-04-19 22:57:40 INFO  main [WavefrontOBJ] Mesh019: 560 triangles, 400 vertices (merged 1280 vertices).
2025-04-19 22:57:40 INFO  main [WavefrontOBJ] Done with "Mesh019.obj" (took 4 ms)
2025-04-19 22:57:40 INFO  main [WavefrontOBJ] Loading geometry from "Mesh021.obj" ..
2025-04-19 22:57:40 INFO  main [WavefrontOBJ] Mesh021: 720 triangles, 482 vertices (merged 1678 vertices).
2025-04-19 22:57:40 INFO  main [WavefrontOBJ] Done with "Mesh021.obj" (took 6 ms)
2025-04-19 22:57:40 INFO  main [WavefrontOBJ] Loading geometry from "Mesh037.obj" ..
2025-04-19 22:57:40 INFO  main [WavefrontOBJ] Mesh037: 7624 triangles, 4070 vertices (merged 18802 vertices).
2025-04-19 22:57:40 INFO  main [WavefrontOBJ] Done with "Mesh037.obj" (took 55 ms)
2025-04-19 22:57:40 INFO  main [WavefrontOBJ] Loading geometry from "Mesh004.obj" ..
2025-04-19 22:57:40 INFO  main [WavefrontOBJ] Mesh004: 2016 triangles, 1260 vertices (merged 4788 vertices).
2025-04-19 22:57:40 INFO  main [WavefrontOBJ] Done with "Mesh004.obj" (took 16 ms)
2025-04-19 22:57:40 INFO  main [WavefrontOBJ] Loading geometry from "Mesh014.obj" ..
2025-04-19 22:57:40 INFO  main [WavefrontOBJ] Mesh014: 160 triangles, 144 vertices (merged 336 vertices).
2025-04-19 22:57:40 INFO  main [WavefrontOBJ] Done with "Mesh014.obj" (took 1 ms)
2025-04-19 22:57:40 INFO  main [WavefrontOBJ] Loading geometry from "Mesh012.obj" ..
2025-04-19 22:57:40 INFO  main [WavefrontOBJ] Mesh012: 560 triangles, 400 vertices (merged 1280 vertices).
2025-04-19 22:57:40 INFO  main [WavefrontOBJ] Done with "Mesh012.obj" (took 7 ms)
2025-04-19 22:57:40 INFO  main [WavefrontOBJ] Loading geometry from "Mesh028.obj" ..
2025-04-19 22:57:40 INFO  main [WavefrontOBJ] Mesh028: 720 triangles, 482 vertices (merged 1678 vertices).
2025-04-19 22:57:40 INFO  main [WavefrontOBJ] Done with "Mesh028.obj" (took 8 ms)
2025-04-19 22:57:40 INFO  main [WavefrontOBJ] Loading geometry from "Mesh025.obj" ..
2025-04-19 22:57:40 INFO  main [WavefrontOBJ] Mesh025: 4352 triangles, 2178 vertices (merged 10878 vertices).
2025-04-19 22:57:40 INFO  main [WavefrontOBJ] Done with "Mesh025.obj" (took 41 ms)
2025-04-19 22:57:40 INFO  main [WavefrontOBJ] Loading geometry from "Mesh008.obj" ..
2025-04-19 22:57:40 INFO  main [WavefrontOBJ] Mesh008: 6320 triangles, 3270 vertices (merged 15690 vertices).
2025-04-19 22:57:40 INFO  main [WavefrontOBJ] Done with "Mesh008.obj" (took 52 ms)
2025-04-19 22:57:40 INFO  main [WavefrontOBJ] Loading geometry from "Mesh032.obj" ..
2025-04-19 22:57:40 INFO  main [WavefrontOBJ] Mesh032: 13248 triangles, 6686 vertices (merged 33058 vertices).
2025-04-19 22:57:40 INFO  main [WavefrontOBJ] Done with "Mesh032.obj" (took 101 ms)
2025-04-19 22:57:40 INFO  main [WavefrontOBJ] Loading geometry from "Mesh035.obj" ..
2025-04-19 22:57:40 INFO  main [WavefrontOBJ] Mesh035: 14480 triangles, 7404 vertices (merged 36036 vertices).
2025-04-19 22:57:40 INFO  main [WavefrontOBJ] Done with "Mesh035.obj" (took 110 ms)
2025-04-19 22:57:40 INFO  main [WavefrontOBJ] Loading geometry from "Mesh042.obj" ..
2025-04-19 22:57:40 INFO  main [WavefrontOBJ] Mesh042: 2320 triangles, 1492 vertices (merged 5468 vertices).
2025-04-19 22:57:40 INFO  main [WavefrontOBJ] Done with "Mesh042.obj" (took 14 ms)
2025-04-19 22:57:40 INFO  main [WavefrontOBJ] Loading geometry from "Mesh010.obj" ..
2025-04-19 22:57:40 INFO  main [WavefrontOBJ] Mesh010: 13248 triangles, 6686 vertices (merged 33058 vertices).
2025-04-19 22:57:40 INFO  main [WavefrontOBJ] Done with "Mesh010.obj" (took 92 ms)
2025-04-19 22:57:40 INFO  main [WavefrontOBJ] Loading geometry from "Mesh036.obj" ..
2025-04-19 22:57:40 INFO  main [WavefrontOBJ] Mesh036: 14480 triangles, 7404 vertices (merged 36036 vertices).
2025-04-19 22:57:40 INFO  main [WavefrontOBJ] Done with "Mesh036.obj" (took 111 ms)
2025-04-19 22:57:40 INFO  main [WavefrontOBJ] Loading geometry from "Mesh027.obj" ..
2025-04-19 22:57:40 INFO  main [WavefrontOBJ] Mesh027: 2320 triangles, 1492 vertices (merged 5468 vertices).
2025-04-19 22:57:40 INFO  main [WavefrontOBJ] Done with "Mesh027.obj" (took 18 ms)
2025-04-19 22:57:40 INFO  main [WavefrontOBJ] Loading geometry from "Mesh043.obj" ..
2025-04-19 22:57:40 INFO  main [WavefrontOBJ] Mesh043: 13248 triangles, 6686 vertices (merged 33058 vertices).
2025-04-19 22:57:40 INFO  main [WavefrontOBJ] Done with "Mesh043.obj" (took 86 ms)
2025-04-19 22:57:40 INFO  main [WavefrontOBJ] Loading geometry from "Mesh044.obj" ..
2025-04-19 22:57:41 INFO  main [WavefrontOBJ] Mesh044: 14480 triangles, 7404 vertices (merged 36036 vertices).
2025-04-19 22:57:41 INFO  main [WavefrontOBJ] Done with "Mesh044.obj" (took 108 ms)
2025-04-19 22:57:41 INFO  main [WavefrontOBJ] Loading geometry from "Mesh031.obj" ..
2025-04-19 22:57:41 INFO  main [WavefrontOBJ] Mesh031: 2320 triangles, 1492 vertices (merged 5468 vertices).
2025-04-19 22:57:41 INFO  main [WavefrontOBJ] Done with "Mesh031.obj" (took 19 ms)
2025-04-19 22:57:41 INFO  main [WavefrontOBJ] Loading geometry from "Mesh022.obj" ..
2025-04-19 22:57:41 INFO  main [WavefrontOBJ] Mesh022: 13248 triangles, 6686 vertices (merged 33058 vertices).
2025-04-19 22:57:41 INFO  main [WavefrontOBJ] Done with "Mesh022.obj" (took 101 ms)
2025-04-19 22:57:41 INFO  main [WavefrontOBJ] Loading geometry from "Mesh038.obj" ..
2025-04-19 22:57:41 INFO  main [WavefrontOBJ] Mesh038: 14480 triangles, 7404 vertices (merged 36036 vertices).
2025-04-19 22:57:41 INFO  main [WavefrontOBJ] Done with "Mesh038.obj" (took 105 ms)
2025-04-19 22:57:41 INFO  main [WavefrontOBJ] Loading geometry from "Mesh030.obj" ..
2025-04-19 22:57:41 INFO  main [WavefrontOBJ] Mesh030: 2320 triangles, 1492 vertices (merged 5468 vertices).
2025-04-19 22:57:41 INFO  main [WavefrontOBJ] Done with "Mesh030.obj" (took 19 ms)
2025-04-19 22:57:41 INFO  main [WavefrontOBJ] Loading geometry from "Mesh046.obj" ..
2025-04-19 22:57:41 INFO  main [WavefrontOBJ] Mesh046: 13248 triangles, 6686 vertices (merged 33058 vertices).
2025-04-19 22:57:41 INFO  main [WavefrontOBJ] Done with "Mesh046.obj" (took 96 ms)
2025-04-19 22:57:41 INFO  main [WavefrontOBJ] Loading geometry from "Mesh047.obj" ..
2025-04-19 22:57:41 INFO  main [WavefrontOBJ] Mesh047: 14480 triangles, 7404 vertices (merged 36036 vertices).
2025-04-19 22:57:41 INFO  main [WavefrontOBJ] Done with "Mesh047.obj" (took 106 ms)
2025-04-19 22:57:41 INFO  main [WavefrontOBJ] Loading geometry from "Mesh034.obj" ..
2025-04-19 22:57:41 INFO  main [WavefrontOBJ] Mesh034: 2320 triangles, 1492 vertices (merged 5468 vertices).
2025-04-19 22:57:41 INFO  main [WavefrontOBJ] Done with "Mesh034.obj" (took 27 ms)
2025-04-19 22:57:41 INFO  main [WavefrontOBJ] Loading geometry from "Mesh033.obj" ..
2025-04-19 22:57:41 INFO  main [WavefrontOBJ] Mesh033: 44 triangles, 96 vertices (merged 36 vertices).
2025-04-19 22:57:41 INFO  main [WavefrontOBJ] Done with "Mesh033.obj" (took 1 ms)
2025-04-19 22:57:41 INFO  main [WavefrontOBJ] Loading geometry from "Mesh006.obj" ..
2025-04-19 22:57:41 INFO  main [WavefrontOBJ] Mesh006: 4 triangles, 6 vertices (merged 6 vertices).
2025-04-19 22:57:41 INFO  main [WavefrontOBJ] Done with "Mesh006.obj" (took 0 ms)
2025-04-19 22:57:41 INFO  main [WavefrontOBJ] Loading geometry from "Mesh048.obj" ..
2025-04-19 22:57:41 INFO  main [WavefrontOBJ] Mesh048: 30 triangles, 38 vertices (merged 52 vertices).
2025-04-19 22:57:41 INFO  main [WavefrontOBJ] Done with "Mesh048.obj" (took 0 ms)
2025-04-19 22:57:41 INFO  main [WavefrontOBJ] Loading geometry from "Mesh049.obj" ..
2025-04-19 22:57:41 INFO  main [WavefrontOBJ] Mesh049: 13248 triangles, 6686 vertices (merged 33058 vertices).
2025-04-19 22:57:41 INFO  main [WavefrontOBJ] Done with "Mesh049.obj" (took 91 ms)
2025-04-19 22:57:41 INFO  main [WavefrontOBJ] Loading geometry from "Mesh051.obj" ..
2025-04-19 22:57:41 INFO  main [WavefrontOBJ] Mesh051: 14480 triangles, 7404 vertices (merged 36036 vertices).
2025-04-19 22:57:41 INFO  main [WavefrontOBJ] Done with "Mesh051.obj" (took 103 ms)
2025-04-19 22:57:41 INFO  main [WavefrontOBJ] Loading geometry from "Mesh040.obj" ..
2025-04-19 22:57:41 INFO  main [WavefrontOBJ] Mesh040: 2320 triangles, 1492 vertices (merged 5468 vertices).
2025-04-19 22:57:41 INFO  main [WavefrontOBJ] Done with "Mesh040.obj" (took 16 ms)
2025-04-19 22:57:41 INFO  main [WavefrontOBJ] Loading geometry from "Mesh003.obj" ..
2025-04-19 22:57:41 INFO  main [WavefrontOBJ] Mesh003: 18176 triangles, 9150 vertices (merged 45378 vertices).
2025-04-19 22:57:41 INFO  main [WavefrontOBJ] Done with "Mesh003.obj" (took 122 ms)
2025-04-19 22:57:41 INFO  main [WavefrontOBJ] Loading geometry from "Mesh002.obj" ..
2025-04-19 22:57:41 INFO  main [WavefrontOBJ] Mesh002: 7624 triangles, 4070 vertices (merged 18802 vertices).
2025-04-19 22:57:41 INFO  main [WavefrontOBJ] Done with "Mesh002.obj" (took 53 ms)
2025-04-19 22:57:41 INFO  main [WavefrontOBJ] Loading geometry from "Mesh009.obj" ..
2025-04-19 22:57:42 INFO  main [WavefrontOBJ] Mesh009: 2016 triangles, 1260 vertices (merged 4788 vertices).
2025-04-19 22:57:42 INFO  main [WavefrontOBJ] Done with "Mesh009.obj" (took 15 ms)
2025-04-19 22:57:42 INFO  main [WavefrontOBJ] Loading geometry from "Mesh045.obj" ..
2025-04-19 22:57:42 INFO  main [WavefrontOBJ] Mesh045: 4352 triangles, 2178 vertices (merged 10878 vertices).
2025-04-19 22:57:42 INFO  main [WavefrontOBJ] Done with "Mesh045.obj" (took 31 ms)
2025-04-19 22:57:42 INFO  main [WavefrontOBJ] Loading geometry from "Mesh029.obj" ..
2025-04-19 22:57:42 INFO  main [WavefrontOBJ] Mesh029: 160 triangles, 144 vertices (merged 336 vertices).
2025-04-19 22:57:42 INFO  main [WavefrontOBJ] Done with "Mesh029.obj" (took 1 ms)
2025-04-19 22:57:42 INFO  main [WavefrontOBJ] Loading geometry from "Mesh039.obj" ..
2025-04-19 22:57:42 INFO  main [WavefrontOBJ] Mesh039: 560 triangles, 400 vertices (merged 1280 vertices).
2025-04-19 22:57:42 INFO  main [WavefrontOBJ] Done with "Mesh039.obj" (took 4 ms)
2025-04-19 22:57:42 INFO  main [WavefrontOBJ] Loading geometry from "Mesh050.obj" ..
2025-04-19 22:57:42 INFO  main [WavefrontOBJ] Mesh050: 720 triangles, 482 vertices (merged 1678 vertices).
2025-04-19 22:57:42 INFO  main [WavefrontOBJ] Done with "Mesh050.obj" (took 9 ms)
2025-04-19 22:57:42 INFO  main [WavefrontOBJ] Loading geometry from "Mesh001.obj" ..
2025-04-19 22:57:42 INFO  main [WavefrontOBJ] Mesh001: 170 triangles, 340 vertices (merged 170 vertices).
2025-04-19 22:57:42 INFO  main [WavefrontOBJ] Done with "Mesh001.obj" (took 3 ms)
2025-04-19 22:57:42 INFO  main [WavefrontOBJ] Loading geometry from "Mesh000.obj" ..
2025-04-19 22:57:42 INFO  main [WavefrontOBJ] Mesh000: 22 triangles, 44 vertices (merged 22 vertices).
2025-04-19 22:57:42 INFO  main [WavefrontOBJ] Done with "Mesh000.obj" (took 0 ms)
2025-04-19 22:57:42 INFO  main [PluginManager] Loading plugin "plugins/rectangle.so" ..
2025-04-19 22:57:42 INFO  ren0 [KDTreeBase] Constructing a SAH kd-tree (321251 primitives) ..
2025-04-19 22:57:46 INFO  ren0 [KDTreeBase] Finished -- took 4275 ms.
2025-04-19 22:57:46 INFO  ren0 [PMMFocalGuidingIntegrator] Starting preprocess
2025-04-19 22:57:46 INFO  ren0 [octree.h:501] root weight: 8.000e-20 (0.000000)
2025-04-19 22:57:46 INFO  ren0 [octree.h:502] splitting threshold: 8.000e-23 (0.000000)
2025-04-19 22:57:46 INFO  ren0 [octree.h:517] node count: 1 -> 585 -> 585

2025-04-19 22:57:46 INFO  ren0 [octree.h:501] root weight: 4.096e-17 (0.000000)
2025-04-19 22:57:46 INFO  ren0 [octree.h:502] splitting threshold: 4.096e-20 (0.000000)
2025-04-19 22:57:46 INFO  ren0 [octree.h:517] node count: 585 -> 585 -> 585

2025-04-19 22:57:46 INFO  ren0 [octree.h:501] root weight: 8.000e-20 (0.000000)
2025-04-19 22:57:46 INFO  ren0 [octree.h:502] splitting threshold: 8.000e-23 (0.000000)
2025-04-19 22:57:46 INFO  ren0 [octree.h:517] node count: 1 -> 585 -> 585

2025-04-19 22:57:46 INFO  ren0 [octree.h:501] root weight: 4.096e-17 (0.000000)
2025-04-19 22:57:46 INFO  ren0 [octree.h:502] splitting threshold: 4.096e-20 (0.000000)
2025-04-19 22:57:46 INFO  ren0 [octree.h:517] node count: 585 -> 585 -> 585

2025-04-19 22:57:46 INFO  ren0 [PMMFocalGuidingIntegrator] Octree[
AABB: AABB3[min=[-6.3658, -1.5274, -4.73046], max=[5.27597, 8.04131, 10.0598]]
Nodes count: 585
]
2025-04-19 22:57:46 INFO  ren0 [PMMFocalGuidingIntegrator] Octree[
AABB: AABB3[min=[-6.3658, -1.5274, -4.73046], max=[5.27597, 8.04131, 10.0598]]
Nodes count: 585
]
2025-04-19 22:57:46 INFO  ren0 [PMMFocalGuidingIntegrator] GMM[
]
2025-04-19 22:57:46 INFO  ren0 [PMMFocalGuidingIntegrator] Starting training... (15) iterations
2025-04-19 22:57:46 INFO  ren0 [PMMFocalGuidingIntegrator] Rendering 0 iteration
2025-04-19 22:57:46 INFO  ren0 [SamplingIntegrator] Starting render job (1280x720, 4 samples, 8 cores, SSE2 enabled) ..
2025-04-19 22:59:35 INFO  ren0 [PMMFocalGuidingIntegrator] iteration render time: 1.8213m
2025-04-19 22:59:35 INFO  ren0 [PMMFocalGuidingIntegrator] Got 81149 non-zero samples
2025-04-19 22:59:35 INFO  ren0 [gaussian_mixture_model.h:636] Starting processing in chunks
2025-04-19 22:59:35 INFO  ren0 [gaussian_mixture_model.h:432] Random
2025-04-19 22:59:35 INFO  ren0 [gaussian_mixture_model.h:498] Starting initialization using random value from the first batch
2025-04-19 22:59:35 INFO  ren0 [gaussian_mixture_model.h:511] Initialized using random value from the first batch
2025-04-19 22:59:35 INFO  ren0 [gaussian_mixture_model.h:664] Finished component cache
2025-04-19 22:59:35 INFO  ren0 [gaussian_mixture_model.h:672] Next chunk
2025-04-19 22:59:42 INFO  ren0 [gaussian_mixture_model.h:724] processed all chunks
2025-04-19 22:59:42 INFO  ren0 [gaussian_mixture_model.h:747] sample count: 81149
2025-04-19 22:59:42 INFO  ren0 [gaussian_mixture_model.h:246] components before the merge: 20
2025-04-19 22:59:42 INFO  ren0 [gaussian_mixture_model.h:265] components after the merge: 15, merged 5 component
2025-04-19 22:59:42 INFO  ren0 [gaussian_mixture_model.h:283] components after the split: 20, split 5 components
2025-04-19 22:59:42 INFO  ren0 [octree.h:501] root weight: 8.005e+06 (8004844.500000)
2025-04-19 22:59:42 INFO  ren0 [octree.h:502] splitting threshold: 8.005e+03 (8004.844727)
2025-04-19 22:59:42 INFO  ren0 [octree.h:501] root weight: 8.565e+02 (856.466248)
2025-04-19 22:59:42 INFO  ren0 [octree.h:502] splitting threshold: 8.565e-01 (0.856466)
2025-04-19 22:59:42 INFO  ren0 [octree.h:517] node count: 585 -> 944 -> 874

2025-04-19 22:59:42 INFO  ren0 [octree.h:517] node count: 585 -> 585 -> 577

2025-04-19 22:59:42 INFO  ren0 [PMMFocalGuidingIntegrator] diverge probability: 0.000

2025-04-19 22:59:42 INFO  ren0 [PMMFocalGuidingIntegrator] iteration postprocessing time: 6.5503s
2025-04-19 22:59:42 INFO  ren0 [PMMFocalGuidingIntegrator] GMM[
weight = 4.28109e-05 mean = [1.78377 0.0867115 5.98474] covariance = [[2.97406 0.428534 0.0956493][0.428534 1.61381 -0.312626][0.0956493 -0.312626 3.11448]]
weight = 1.00813e-05 mean = [3.79672 -0.240449 3.64706] covariance = [[0.804349 0.0830611 0.122888][0.0830611 0.613256 0.117969][0.122888 0.117969 1.6404]]
weight = 0.00213276 mean = [3.08669 2.08014 -2.09559] covariance = [[0.161517 -0.0875251 -0.00775916][-0.0875251 0.121776 -0.0189116][-0.00775916 -0.0189116 0.107948]]
weight = 2.73395e-05 mean = [-4.06804 6.1741 1.37741] covariance = [[1.50981 -0.164525 0.361181][-0.164525 2.93021 0.446572][0.361181 0.446572 3.22244]]
weight = 4.58854e-05 mean = [3.86921 2.74095 1.90985] covariance = [[0.858399 0.100363 0.227947][0.100363 1.23283 0.445905][0.227947 0.445905 2.68229]]
weight = 1.00813e-05 mean = [3.52182 -0.461684 1.85178] covariance = [[0.804349 0.0830611 0.122888][0.0830611 0.613256 0.117969][0.122888 0.117969 1.6404]]
weight = 1.36968e-05 mean = [1.32902 6.5995 8.50126] covariance = [[2.55372 0.117476 -0.264322][0.117476 0.952198 -0.34982][-0.264322 -0.34982 1.09706]]
weight = 7.49356e-05 mean = [3.90913 6.1361 1.95389] covariance = [[0.887588 0.0818436 -0.346949][0.0818436 1.41954 -0.302861][-0.346949 -0.302861 3.09308]]
weight = 5.26517e-05 mean = [-1.96969 2.6173 7.24321] covariance = [[4.6112 2.20277 -1.34728][2.20277 3.54113 -1.17118][-1.34728 -1.17118 2.6741]]
weight = 0.201138 mean = [-2.2346 3.18554 -1.78697] covariance = [[0.28583 0.0711599 -0.106637][0.0711599 0.296318 -0.108404][-0.106637 -0.108404 0.0691452]]
weight = 1.95743e-05 mean = [-5.17853 4.36487 7.58353] covariance = [[1.10811 0.327993 -0.409221][0.327993 2.37235 0.207138][-0.409221 0.207138 2.46705]]
weight = 0.00213276 mean = [2.55753 2.50711 -2.12767] covariance = [[0.161517 -0.0875251 -0.00775916][-0.0875251 0.121776 -0.0189116][-0.00775916 -0.0189116 0.107948]]
weight = 1.36968e-05 mean = [-0.902233 6.34896 8.94618] covariance = [[2.55372 0.117476 -0.264322][0.117476 0.952198 -0.34982][-0.264322 -0.34982 1.09706]]
weight = 0.201138 mean = [-2.81903 2.56758 -1.42563] covariance = [[0.28583 0.0711599 -0.106637][0.0711599 0.296318 -0.108404][-0.106637 -0.108404 0.0691452]]
weight = 2.71145e-05 mean = [3.5237 3.16153 8.73275] covariance = [[1.31076 0.427381 -0.176945][0.427381 3.48302 -0.19493][-0.176945 -0.19493 0.874644]]
weight = 0.289108 mean = [0.97189 3.07577 -1.99902] covariance = [[1.697 0.323025 -0.254234][0.323025 0.458703 -0.066489][-0.254234 -0.066489 0.0933122]]
weight = 1.95743e-05 mean = [-4.41421 6.18081 6.62427] covariance = [[1.10811 0.327993 -0.409221][0.327993 2.37235 0.207138][-0.409221 0.207138 2.46705]]
weight = 0.0537134 mean = [-1.44425 1.70305 -1.62514] covariance = [[0.38609 0.0586867 -0.0573187][0.0586867 0.239174 -0.0396355][-0.0573187 -0.0396355 0.0219497]]
weight = 0.249921 mean = [3.06932 2.79514 -3.12538] covariance = [[0.665972 -0.106886 -0.584047][-0.106886 0.189124 -0.144573][-0.584047 -0.144573 0.85024]]
weight = 0.000357765 mean = [-3.75535 1.83333 -0.633858] covariance = [[0.27307 0.068211 -0.372903][0.068211 0.419376 -0.0684163][-0.372903 -0.0684163 1.19475]]
]
2025-04-19 22:59:42 INFO  ren0 [PMMFocalGuidingIntegrator] Octree[
AABB: AABB3[min=[-6.3658, -1.5274, -4.73046], max=[5.27597, 8.04131, 10.0598]]
Nodes count: 874
]
2025-04-19 22:59:42 INFO  ren0 [PMMFocalGuidingIntegrator] Octree[
AABB: AABB3[min=[-6.3658, -1.5274, -4.73046], max=[5.27597, 8.04131, 10.0598]]
Nodes count: 577
]
2025-04-19 22:59:42 INFO  ren0 [PMMFocalGuidingIntegrator] Rendering 1 iteration
2025-04-19 22:59:42 INFO  ren0 [SamplingIntegrator] Starting render job (1280x720, 4 samples, 8 cores, SSE2 enabled) ..
2025-04-19 23:00:16 INFO  wrk3 [PMMFocalGuidingIntegrator] w0 is 0 - skipping splatting
2025-04-19 23:03:29 INFO  ren0 [PMMFocalGuidingIntegrator] iteration render time: 3.7870m
2025-04-19 23:03:29 INFO  ren0 [PMMFocalGuidingIntegrator] Got 306056 non-zero samples
2025-04-19 23:03:29 INFO  ren0 [gaussian_mixture_model.h:636] Starting processing in chunks
2025-04-19 23:03:29 INFO  ren0 [gaussian_mixture_model.h:664] Finished component cache
2025-04-19 23:03:29 INFO  ren0 [gaussian_mixture_model.h:672] Next chunk
2025-04-19 23:03:55 INFO  ren0 [gaussian_mixture_model.h:724] processed all chunks
2025-04-19 23:03:55 INFO  ren0 [gaussian_mixture_model.h:747] sample count: 306056
2025-04-19 23:03:55 INFO  ren0 [gaussian_mixture_model.h:246] components before the merge: 20
2025-04-19 23:03:55 INFO  ren0 [gaussian_mixture_model.h:265] components after the merge: 14, merged 6 component
2025-04-19 23:03:55 INFO  ren0 [gaussian_mixture_model.h:283] components after the split: 20, split 6 components
2025-04-19 23:03:55 INFO  ren0 [octree.h:501] root weight: 1.602e+07 (16023705.000000)
2025-04-19 23:03:55 INFO  ren0 [octree.h:502] splitting threshold: 1.602e+04 (16023.706055)
2025-04-19 23:03:55 INFO  ren0 [octree.h:501] root weight: 1.502e+04 (15019.622070)
2025-04-19 23:03:55 INFO  ren0 [octree.h:502] splitting threshold: 1.502e+01 (15.019623)
2025-04-19 23:03:55 INFO  ren0 [octree.h:517] node count: 874 -> 1123 -> 941

2025-04-19 23:03:55 INFO  ren0 [octree.h:517] node count: 577 -> 577 -> 577

2025-04-19 23:03:55 INFO  ren0 [PMMFocalGuidingIntegrator] diverge probability: 0.001

2025-04-19 23:03:55 INFO  ren0 [PMMFocalGuidingIntegrator] iteration postprocessing time: 25.7830s
2025-04-19 23:03:55 INFO  ren0 [PMMFocalGuidingIntegrator] GMM[
weight = 0.0119073 mean = [-2.66821 3.42998 -0.772817] covariance = [[1.55771 -0.984617 -1.55666][-0.984617 2.66445 1.48324][-1.55666 1.48324 2.95445]]
weight = 0.000316316 mean = [0.379681 1.70062 -2.57473] covariance = [[3.9306 0.940176 0.956989][0.940176 1.53882 -0.515908][0.956989 -0.515908 6.13105]]
weight = 1.58681e-05 mean = [2.33666 -0.37422 -0.431967] covariance = [[1.70554 0.0446622 0.681092][0.0446622 0.434331 0.273032][0.681092 0.273032 3.55963]]
weight = 0.0119073 mean = [-1.22442 1.57941 -2.98802] covariance = [[1.55771 -0.984617 -1.55666][-0.984617 2.66445 1.48324][-1.55666 1.48324 2.95445]]
weight = 0.000316316 mean = [1.60025 1.57939 0.814055] covariance = [[3.9306 0.940176 0.956989][0.940176 1.53882 -0.515908][0.956989 -0.515908 6.13105]]
weight = 1.58681e-05 mean = [3.1894 -0.151183 2.18209] covariance = [[1.70554 0.0446622 0.681092][0.0446622 0.434331 0.273032][0.681092 0.273032 3.55963]]
weight = 5.97213e-05 mean = [2.97415 5.48939 -1.60196] covariance = [[1.80749 -0.184633 0.165956][-0.184633 1.35288 0.176631][0.165956 0.176631 3.91639]]
weight = 5.97213e-05 mean = [3.17637 5.66575 1.19216] covariance = [[1.80749 -0.184633 0.165956][-0.184633 1.35288 0.176631][0.165956 0.176631 3.91639]]
weight = 0.000344254 mean = [-3.33441 2.48459 5.30176] covariance = [[2.86168 0.830016 1.10719][0.830016 1.00953 -0.103217][1.10719 -0.103217 2.29261]]
weight = 0.000344254 mean = [-5.56233 1.88979 3.75784] covariance = [[2.86168 0.830016 1.10719][0.830016 1.00953 -0.103217][1.10719 -0.103217 2.29261]]
weight = 0.0231838 mean = [2.60656 2.3867 -1.64259] covariance = [[0.0761077 -0.0477897 -0.00492934][-0.0477897 0.047604 -0.0120167][-0.00492934 -0.0120167 0.100557]]
weight = 0.0231838 mean = [2.9601 2.10164 -1.50412] covariance = [[0.0761077 -0.0477897 -0.00492934][-0.0477897 0.047604 -0.0120167][-0.00492934 -0.0120167 0.100557]]
weight = 1.38674e-05 mean = [0.17132 5.99758 7.60694] covariance = [[2.95914 0.32073 -0.879857][0.32073 0.728328 -0.271818][-0.879857 -0.271818 1.46544]]
weight = 0.183313 mean = [-2.26056 3.38911 -1.87914] covariance = [[0.0959829 0.0620882 -0.0507156][0.0620882 0.201712 -0.0552066][-0.0507156 -0.0552066 0.0431674]]
weight = 1.04048e-05 mean = [2.61952 3.24925 7.91092] covariance = [[1.03516 0.152812 -0.225866][0.152812 1.90337 -0.384215][-0.225866 -0.384215 1.68808]]
weight = 0.565502 mean = [0.196024 2.69121 -2.0818] covariance = [[2.5718 0.311446 -0.0649409][0.311446 0.6623 0.098447][-0.0649409 0.098447 0.118866]]
weight = 0.00417449 mean = [-5.67617 2.50016 4.23056] covariance = [[0.38728 0.528815 0.4482][0.528815 1.98451 1.88088][0.4482 1.88088 3.23918]]
weight = 0.0125588 mean = [-2.2006 2.24837 -1.85083] covariance = [[0.354973 -0.0855066 0.0255803][-0.0855066 0.255446 -0.0552408][0.0255803 -0.0552408 0.0238703]]
weight = 0.063347 mean = [1.6545 3.25775 -2.13444] covariance = [[0.770119 -0.26157 -0.488449][-0.26157 0.147424 0.0742267][-0.488449 0.0742267 0.464101]]
weight = 0.0994257 mean = [-3.95035 2.3698 0.411361] covariance = [[1.10503 -0.0407152 -1.589][-0.0407152 0.365447 0.165966][-1.589 0.165966 2.61026]]
]
2025-04-19 23:03:55 INFO  ren0 [PMMFocalGuidingIntegrator] Octree[
AABB: AABB3[min=[-6.3658, -1.5274, -4.73046], max=[5.27597, 8.04131, 10.0598]]
Nodes count: 941
]
2025-04-19 23:03:55 INFO  ren0 [PMMFocalGuidingIntegrator] Octree[
AABB: AABB3[min=[-6.3658, -1.5274, -4.73046], max=[5.27597, 8.04131, 10.0598]]
Nodes count: 577
]
2025-04-19 23:03:55 INFO  ren0 [PMMFocalGuidingIntegrator] Rendering 2 iteration
2025-04-19 23:03:55 INFO  ren0 [SamplingIntegrator] Starting render job (1280x720, 4 samples, 8 cores, SSE2 enabled) ..
2025-04-19 23:04:18 INFO  wrk4 [PMMFocalGuidingIntegrator] w0 is 0 - skipping splatting
2025-04-19 23:05:05 INFO  wrk2 [PMMFocalGuidingIntegrator] w0 is 0 - skipping splatting
2025-04-19 23:05:41 INFO  wrk3 [PMMFocalGuidingIntegrator] w0 is 0 - skipping splatting
2025-04-19 23:07:53 INFO  ren0 [PMMFocalGuidingIntegrator] iteration render time: 3.9679m
2025-04-19 23:07:53 INFO  ren0 [PMMFocalGuidingIntegrator] Got 435127 non-zero samples
2025-04-19 23:07:53 INFO  ren0 [gaussian_mixture_model.h:636] Starting processing in chunks
2025-04-19 23:07:53 INFO  ren0 [gaussian_mixture_model.h:664] Finished component cache
2025-04-19 23:07:53 INFO  ren0 [gaussian_mixture_model.h:672] Next chunk
2025-04-19 23:08:27 INFO  ren0 [gaussian_mixture_model.h:724] processed all chunks
2025-04-19 23:08:27 INFO  ren0 [gaussian_mixture_model.h:747] sample count: 435127
2025-04-19 23:08:27 INFO  ren0 [gaussian_mixture_model.h:246] components before the merge: 20
2025-04-19 23:08:27 INFO  ren0 [gaussian_mixture_model.h:265] components after the merge: 11, merged 9 component
2025-04-19 23:08:27 INFO  ren0 [gaussian_mixture_model.h:283] components after the split: 20, split 9 components
2025-04-19 23:08:27 INFO  ren0 [octree.h:501] root weight: 4.204e+07 (42038972.000000)
2025-04-19 23:08:27 INFO  ren0 [octree.h:502] splitting threshold: 4.204e+04 (42038.972656)
2025-04-19 23:08:27 INFO  ren0 [octree.h:501] root weight: 2.587e+04 (25867.166016)
2025-04-19 23:08:27 INFO  ren0 [octree.h:502] splitting threshold: 2.587e+01 (25.867167)
2025-04-19 23:08:27 INFO  ren0 [octree.h:517] node count: 941 -> 1266 -> 1014

2025-04-19 23:08:27 INFO  ren0 [octree.h:517] node count: 577 -> 577 -> 577

2025-04-19 23:08:27 INFO  ren0 [PMMFocalGuidingIntegrator] diverge probability: 0.001

2025-04-19 23:08:27 INFO  ren0 [PMMFocalGuidingIntegrator] iteration postprocessing time: 34.1660s
2025-04-19 23:08:27 INFO  ren0 [PMMFocalGuidingIntegrator] GMM[
weight = 1.0893e-05 mean = [2.69934 -0.297819 -0.998831] covariance = [[1.7095 -0.0152391 0.168624][-0.0152391 0.473591 0.193556][0.168624 0.193556 2.98216]]
weight = 0.000295721 mean = [2.90922 4.67378 -1.47581] covariance = [[1.14423 -0.0867603 -0.140042][-0.0867603 1.91674 0.712181][-0.140042 0.712181 2.66518]]
weight = 0.00957722 mean = [2.54326 2.51498 -1.94231] covariance = [[0.172426 -0.118464 0.0232505][-0.118464 0.126466 -0.0834535][0.0232505 -0.0834535 0.293234]]
weight = 6.05711e-06 mean = [-1.01707 6.12607 7.1189] covariance = [[1.96337 -0.0698 -0.129943][-0.0698 0.711483 -0.212642][-0.129943 -0.212642 1.33379]]
weight = 0.0993202 mean = [-2.38558 3.30412 -1.79737] covariance = [[0.0625648 0.00677547 -0.0299991][0.00677547 0.0807553 -0.0104071][-0.0299991 -0.0104071 0.0304984]]
weight = 1.0893e-05 mean = [3.01033 -0.114827 1.43148] covariance = [[1.7095 -0.0152391 0.168624][-0.0152391 0.473591 0.193556][0.168624 0.193556 2.98216]]
weight = 0.314543 mean = [-1.54149 2.71735 -2.16438] covariance = [[1.80812 0.0451267 -0.0235698][0.0451267 0.729241 0.193984][-0.0235698 0.193984 1.05226]]
weight = 0.000295721 mean = [3.11754 3.38852 -3.6026] covariance = [[1.14423 -0.0867603 -0.140042][-0.0867603 1.91674 0.712181][-0.140042 0.712181 2.66518]]
weight = 0.00382835 mean = [-5.92516 1.84898 0.209916] covariance = [[0.513498 0.217917 0.35792][0.217917 0.721802 0.59817][0.35792 0.59817 3.4669]]
weight = 0.00439119 mean = [-2.31029 2.84409 -2.00726] covariance = [[0.263333 -0.0553713 0.0453479][-0.0553713 0.258194 -0.0680126][0.0453479 -0.0680126 0.0339677]]
weight = 0.0199034 mean = [0.929947 3.59623 -1.83661] covariance = [[0.226469 -0.093876 -0.11427][-0.093876 0.0705582 0.000777555][-0.11427 0.000777555 0.139918]]
weight = 0.00957722 mean = [2.88804 2.10302 -1.28843] covariance = [[0.172426 -0.118464 0.0232505][-0.118464 0.126466 -0.0834535][0.0232505 -0.0834535 0.293234]]
weight = 6.05711e-06 mean = [0.941994 6.08123 6.74535] covariance = [[1.96337 -0.0698 -0.129943][-0.0698 0.711483 -0.212642][-0.129943 -0.212642 1.33379]]
weight = 0.0993202 mean = [-2.13994 3.61099 -1.96911] covariance = [[0.0625648 0.00677547 -0.0299991][0.00677547 0.0807553 -0.0104071][-0.0299991 -0.0104071 0.0304984]]
weight = 8.56692e-06 mean = [2.48341 3.3484 7.15024] covariance = [[0.977941 0.286324 -0.173793][0.286324 2.00438 -0.311795][-0.173793 -0.311795 1.57905]]
weight = 0.314543 mean = [0.359517 2.78941 -2.20505] covariance = [[1.80812 0.0451267 -0.0235698][0.0451267 0.729241 0.193984][-0.0235698 0.193984 1.05226]]
weight = 0.00382835 mean = [-5.5865 2.41057 2.82773] covariance = [[0.513498 0.217917 0.35792][0.217917 0.721802 0.59817][0.35792 0.59817 3.4669]]
weight = 0.00439119 mean = [-1.75602 2.27556 -1.79694] covariance = [[0.263333 -0.0553713 0.0453479][-0.0553713 0.258194 -0.0680126][0.0453479 -0.0680126 0.0339677]]
weight = 0.0199034 mean = [1.59355 3.35458 -2.23727] covariance = [[0.226469 -0.093876 -0.11427][-0.093876 0.0705582 0.000777555][-0.11427 0.000777555 0.139918]]
weight = 0.0962394 mean = [-3.41855 2.41202 -0.761423] covariance = [[0.906769 0.0682142 -1.4477][0.0682142 0.289179 0.0183145][-1.4477 0.0183145 2.66589]]
]
2025-04-19 23:08:27 INFO  ren0 [PMMFocalGuidingIntegrator] Octree[
AABB: AABB3[min=[-6.3658, -1.5274, -4.73046], max=[5.27597, 8.04131, 10.0598]]
Nodes count: 1014
]
2025-04-19 23:08:27 INFO  ren0 [PMMFocalGuidingIntegrator] Octree[
AABB: AABB3[min=[-6.3658, -1.5274, -4.73046], max=[5.27597, 8.04131, 10.0598]]
Nodes count: 577
]
2025-04-19 23:08:27 INFO  ren0 [PMMFocalGuidingIntegrator] Rendering 3 iteration
2025-04-19 23:08:27 INFO  ren0 [SamplingIntegrator] Starting render job (1280x720, 4 samples, 8 cores, SSE2 enabled) ..
2025-04-19 23:10:21 INFO  wrk2 [PMMFocalGuidingIntegrator] w0 is 0 - skipping splatting
2025-04-19 23:11:07 INFO  wrk2 [PMMFocalGuidingIntegrator] w0 is 0 - skipping splatting
