2025-05-21 15:11:24 INFO  main [mitsuba.cpp:274] Mitsuba version 0.6.0 (Linux, 64 bit), Copyright (c) 2017 Wenzel Jakob
2025-05-21 15:11:24 INFO  main [mitsuba.cpp:377] Parsing scene description from "scene/dining-room/dining-room.xml" ..
2025-05-21 15:11:24 INFO  main [scenehandler.cpp:675] In file "/mitsuba/scene/dining-room/dining-room.xml" (near line 18): Parsing included file "pmm_focal_recursive.xml" ..
2025-05-21 15:11:24 INFO  main [PluginManager] Loading plugin "plugins/pmm_focal_recursive.so" ..
2025-05-21 15:11:24 INFO  main [octree.h:534] root weight: 8.000e-20 (0.000000)
2025-05-21 15:11:24 INFO  main [octree.h:535] splitting threshold: 8.000e-23 (0.000000)
2025-05-21 15:11:24 INFO  main [octree.h:550] node count: 1 -> 585 -> 585

2025-05-21 15:11:24 INFO  main [octree.h:534] root weight: 8.000e-20 (0.000000)
2025-05-21 15:11:24 INFO  main [octree.h:535] splitting threshold: 8.000e-23 (0.000000)
2025-05-21 15:11:24 INFO  main [octree.h:550] node count: 1 -> 585 -> 585

2025-05-21 15:11:24 INFO  main [MIFocalGuidingPathTracer] Final render will have 32 spp, m_budget will not be taken into account.
2025-05-21 15:11:24 INFO  main [MIFocalGuidingPathTracer] budget: 1800
2025-05-21 15:11:24 INFO  main [MIFocalGuidingPathTracer] dumpPrimaryRays: false
2025-05-21 15:11:24 INFO  main [MIFocalGuidingPathTracer] dumpScene: false
2025-05-21 15:11:24 INFO  main [MIFocalGuidingPathTracer] finalSpp: 32
2025-05-21 15:11:24 INFO  main [MIFocalGuidingPathTracer] gmm.alpha: 0.4
2025-05-21 15:11:24 INFO  main [MIFocalGuidingPathTracer] gmm.initMethod: KMeans
2025-05-21 15:11:24 INFO  main [MIFocalGuidingPathTracer] gmm.maxNumComp: 10
2025-05-21 15:11:24 INFO  main [MIFocalGuidingPathTracer] gmm.mergingThreshold: 0.65
2025-05-21 15:11:24 INFO  main [MIFocalGuidingPathTracer] gmm.minNumComp: 3
2025-05-21 15:11:24 INFO  main [MIFocalGuidingPathTracer] gmm.splittingThreshold: 100
2025-05-21 15:11:24 INFO  main [MIFocalGuidingPathTracer] iterationBudget: 10
2025-05-21 15:11:24 INFO  main [MIFocalGuidingPathTracer] iterationCount: 20
2025-05-21 15:11:24 INFO  main [MIFocalGuidingPathTracer] maxDepth: 40
2025-05-21 15:11:24 INFO  main [MIFocalGuidingPathTracer] minSamplesToStartFitting: 10
2025-05-21 15:11:24 INFO  main [MIFocalGuidingPathTracer] normalBinning: disabled
2025-05-21 15:11:24 INFO  main [MIFocalGuidingPathTracer] renderMaxSeconds: 36000
2025-05-21 15:11:24 INFO  main [MIFocalGuidingPathTracer] rrDepth: 14
2025-05-21 15:11:24 INFO  main [MIFocalGuidingPathTracer] samplingMode: 2
2025-05-21 15:11:24 INFO  main [MIFocalGuidingPathTracer] shouldPretrain: false
2025-05-21 15:11:24 INFO  main [MIFocalGuidingPathTracer] strictNormals: true
2025-05-21 15:11:24 INFO  main [MIFocalGuidingPathTracer] trainingSamples: 4
2025-05-21 15:11:24 INFO  main [MIFocalGuidingPathTracer] tree.threshold: 0.001
2025-05-21 15:11:24 INFO  main [MIFocalGuidingPathTracer] unboundedSplatting: true
2025-05-21 15:11:24 INFO  main [PluginManager] Loading plugin "plugins/independent.so" ..
2025-05-21 15:11:24 INFO  main [PluginManager] Loading plugin "plugins/box.so" ..
2025-05-21 15:11:24 INFO  main [PluginManager] Loading plugin "plugins/hdrfilm.so" ..
2025-05-21 15:11:24 INFO  main [PluginManager] Loading plugin "plugins/perspective.so" ..
2025-05-21 15:11:24 INFO  main [PluginManager] Loading plugin "plugins/roughplastic.so" ..
2025-05-21 15:11:24 INFO  main [PluginManager] Loading plugin "plugins/twosided.so" ..
2025-05-21 15:11:24 INFO  main [PluginManager] Loading plugin "plugins/roughconductor.so" ..
2025-05-21 15:11:24 INFO  main [spectrum.cpp:599] "Cu.eta.spd": loaded a spectral power distribution with 55 entries (between 302.400421 and 885.601257 nm)
2025-05-21 15:11:24 INFO  main [spectrum.cpp:599] "Cu.k.spd": loaded a spectral power distribution with 55 entries (between 302.400421 and 885.601257 nm)
2025-05-21 15:11:24 INFO  main [PluginManager] Loading plugin "plugins/diffuse.so" ..
2025-05-21 15:11:24 INFO  main [PluginManager] Loading plugin "plugins/bitmap.so" ..
2025-05-21 15:11:24 INFO  main [BitmapTexture] Loading texture "picture3.jpg"
2025-05-21 15:11:24 INFO  main [PluginManager] Loading plugin "plugins/lanczos.so" ..
2025-05-21 15:11:24 INFO  main [MIPMap] Generating MIP map cache file "/mitsuba/scene/dining-room/textures/picture3.mip" ..
2025-05-21 15:11:24 INFO  main [BitmapTexture] Loading texture "Tiles.jpg"
2025-05-21 15:11:24 INFO  main [spectrum.cpp:599] "Cu.eta.spd": loaded a spectral power distribution with 55 entries (between 302.400421 and 885.601257 nm)
2025-05-21 15:11:24 INFO  main [spectrum.cpp:599] "Cu.k.spd": loaded a spectral power distribution with 55 entries (between 302.400421 and 885.601257 nm)
2025-05-21 15:11:24 INFO  main [PluginManager] Loading plugin "plugins/conductor.so" ..
2025-05-21 15:11:24 INFO  main [spectrum.cpp:599] "Ir.eta.spd": loaded a spectral power distribution with 28 entries (between 302.389984 and 885.570984 nm)
2025-05-21 15:11:24 INFO  main [spectrum.cpp:599] "Ir.k.spd": loaded a spectral power distribution with 28 entries (between 302.389984 and 885.570984 nm)
2025-05-21 15:11:24 INFO  main [spectrum.cpp:599] "Cu.eta.spd": loaded a spectral power distribution with 55 entries (between 302.400421 and 885.601257 nm)
2025-05-21 15:11:24 INFO  main [spectrum.cpp:599] "Cu.k.spd": loaded a spectral power distribution with 55 entries (between 302.400421 and 885.601257 nm)
2025-05-21 15:11:24 INFO  main [BitmapTexture] Loading texture "Teacup.png"
2025-05-21 15:11:24 INFO  main [spectrum.cpp:599] "Cu.eta.spd": loaded a spectral power distribution with 55 entries (between 302.400421 and 885.601257 nm)
2025-05-21 15:11:24 INFO  main [spectrum.cpp:599] "Cu.k.spd": loaded a spectral power distribution with 55 entries (between 302.400421 and 885.601257 nm)
2025-05-21 15:11:25 INFO  main [PluginManager] Loading plugin "plugins/area.so" ..
2025-05-21 15:11:25 INFO  main [PluginManager] Loading plugin "plugins/disk.so" ..
2025-05-21 15:11:25 INFO  main [PluginManager] Loading plugin "plugins/ply.so" ..
2025-05-21 15:11:25 INFO  main [PLYLoader] Loading geometry from "parabol1.ply" ..
2025-05-21 15:11:25 INFO  main [PLYLoader] "parabol1": Loaded 25856 triangles, 13057 vertices (456.0 KiB in 3 ms).
2025-05-21 15:11:25 INFO  main [PLYLoader] Loading geometry from "parabol2.ply" ..
2025-05-21 15:11:25 INFO  main [PLYLoader] "parabol2": Loaded 25856 triangles, 13057 vertices (456.0 KiB in 2 ms).
2025-05-21 15:11:25 INFO  main [PluginManager] Loading plugin "plugins/obj.so" ..
2025-05-21 15:11:25 INFO  main [WavefrontOBJ] Loading geometry from "Mesh013.obj" ..
2025-05-21 15:11:25 INFO  main [WavefrontOBJ] Mesh013: 1056 triangles, 577 vertices (merged 2591 vertices).
2025-05-21 15:11:25 INFO  main [WavefrontOBJ] Done with "Mesh013.obj" (took 2 ms)
2025-05-21 15:11:25 INFO  main [WavefrontOBJ] Loading geometry from "Mesh016.obj" ..
2025-05-21 15:11:25 INFO  main [WavefrontOBJ] Mesh016: 384 triangles, 768 vertices (merged 384 vertices).
2025-05-21 15:11:25 INFO  main [WavefrontOBJ] Done with "Mesh016.obj" (took 1 ms)
2025-05-21 15:11:25 INFO  main [WavefrontOBJ] Loading geometry from "Mesh015.obj" ..
2025-05-21 15:11:25 INFO  main [WavefrontOBJ] Mesh015: 3136 triangles, 1680 vertices (merged 7728 vertices).
2025-05-21 15:11:25 INFO  main [WavefrontOBJ] Done with "Mesh015.obj" (took 6 ms)
2025-05-21 15:11:25 INFO  main [WavefrontOBJ] Loading geometry from "Mesh023.obj" ..
2025-05-21 15:11:25 INFO  main [WavefrontOBJ] Mesh023: 1056 triangles, 577 vertices (merged 2591 vertices).
2025-05-21 15:11:25 INFO  main [WavefrontOBJ] Done with "Mesh023.obj" (took 2 ms)
2025-05-21 15:11:25 INFO  main [WavefrontOBJ] Loading geometry from "Mesh020.obj" ..
2025-05-21 15:11:25 INFO  main [WavefrontOBJ] Mesh020: 384 triangles, 768 vertices (merged 384 vertices).
2025-05-21 15:11:25 INFO  main [WavefrontOBJ] Done with "Mesh020.obj" (took 2 ms)
2025-05-21 15:11:25 INFO  main [WavefrontOBJ] Loading geometry from "Mesh017.obj" ..
2025-05-21 15:11:25 INFO  main [WavefrontOBJ] Mesh017: 3136 triangles, 1680 vertices (merged 7728 vertices).
2025-05-21 15:11:25 INFO  main [WavefrontOBJ] Done with "Mesh017.obj" (took 6 ms)
2025-05-21 15:11:25 INFO  main [WavefrontOBJ] Loading geometry from "Mesh024.obj" ..
2025-05-21 15:11:25 INFO  main [WavefrontOBJ] Mesh024: 34 triangles, 68 vertices (merged 34 vertices).
2025-05-21 15:11:25 INFO  main [WavefrontOBJ] Done with "Mesh024.obj" (took 0 ms)
2025-05-21 15:11:25 INFO  main [WavefrontOBJ] Loading geometry from "Mesh041.obj" ..
2025-05-21 15:11:25 INFO  main [WavefrontOBJ] Mesh041: 8 triangles, 16 vertices (merged 8 vertices).
2025-05-21 15:11:25 INFO  main [WavefrontOBJ] Done with "Mesh041.obj" (took 0 ms)
2025-05-21 15:11:25 INFO  main [WavefrontOBJ] Loading geometry from "Mesh011.obj" ..
2025-05-21 15:11:25 INFO  main [WavefrontOBJ] Mesh011: 8992 triangles, 4544 vertices (merged 22432 vertices).
2025-05-21 15:11:25 INFO  main [WavefrontOBJ] Done with "Mesh011.obj" (took 18 ms)
2025-05-21 15:11:25 INFO  main [WavefrontOBJ] Loading geometry from "Mesh026.obj" ..
2025-05-21 15:11:25 INFO  main [WavefrontOBJ] Mesh026: 7624 triangles, 4070 vertices (merged 18802 vertices).
2025-05-21 15:11:25 INFO  main [WavefrontOBJ] Done with "Mesh026.obj" (took 20 ms)
2025-05-21 15:11:25 INFO  main [WavefrontOBJ] Loading geometry from "Mesh018.obj" ..
2025-05-21 15:11:25 INFO  main [WavefrontOBJ] Mesh018: 2016 triangles, 1260 vertices (merged 4788 vertices).
2025-05-21 15:11:25 INFO  main [WavefrontOBJ] Done with "Mesh018.obj" (took 6 ms)
2025-05-21 15:11:25 INFO  main [WavefrontOBJ] Loading geometry from "Mesh007.obj" ..
2025-05-21 15:11:25 INFO  main [WavefrontOBJ] Mesh007: 4352 triangles, 2178 vertices (merged 10878 vertices).
2025-05-21 15:11:25 INFO  main [WavefrontOBJ] Done with "Mesh007.obj" (took 10 ms)
2025-05-21 15:11:25 INFO  main [WavefrontOBJ] Loading geometry from "Mesh005.obj" ..
2025-05-21 15:11:25 INFO  main [WavefrontOBJ] Mesh005: 160 triangles, 144 vertices (merged 336 vertices).
2025-05-21 15:11:25 INFO  main [WavefrontOBJ] Done with "Mesh005.obj" (took 0 ms)
2025-05-21 15:11:25 INFO  main [WavefrontOBJ] Loading geometry from "Mesh019.obj" ..
2025-05-21 15:11:25 INFO  main [WavefrontOBJ] Mesh019: 560 triangles, 400 vertices (merged 1280 vertices).
2025-05-21 15:11:25 INFO  main [WavefrontOBJ] Done with "Mesh019.obj" (took 1 ms)
2025-05-21 15:11:25 INFO  main [WavefrontOBJ] Loading geometry from "Mesh021.obj" ..
2025-05-21 15:11:25 INFO  main [WavefrontOBJ] Mesh021: 720 triangles, 482 vertices (merged 1678 vertices).
2025-05-21 15:11:25 INFO  main [WavefrontOBJ] Done with "Mesh021.obj" (took 1 ms)
2025-05-21 15:11:25 INFO  main [WavefrontOBJ] Loading geometry from "Mesh037.obj" ..
2025-05-21 15:11:25 INFO  main [WavefrontOBJ] Mesh037: 7624 triangles, 4070 vertices (merged 18802 vertices).
2025-05-21 15:11:25 INFO  main [WavefrontOBJ] Done with "Mesh037.obj" (took 16 ms)
2025-05-21 15:11:25 INFO  main [WavefrontOBJ] Loading geometry from "Mesh004.obj" ..
2025-05-21 15:11:25 INFO  main [WavefrontOBJ] Mesh004: 2016 triangles, 1260 vertices (merged 4788 vertices).
2025-05-21 15:11:25 INFO  main [WavefrontOBJ] Done with "Mesh004.obj" (took 4 ms)
2025-05-21 15:11:25 INFO  main [WavefrontOBJ] Loading geometry from "Mesh014.obj" ..
2025-05-21 15:11:25 INFO  main [WavefrontOBJ] Mesh014: 160 triangles, 144 vertices (merged 336 vertices).
2025-05-21 15:11:25 INFO  main [WavefrontOBJ] Done with "Mesh014.obj" (took 0 ms)
2025-05-21 15:11:25 INFO  main [WavefrontOBJ] Loading geometry from "Mesh012.obj" ..
2025-05-21 15:11:25 INFO  main [WavefrontOBJ] Mesh012: 560 triangles, 400 vertices (merged 1280 vertices).
2025-05-21 15:11:25 INFO  main [WavefrontOBJ] Done with "Mesh012.obj" (took 1 ms)
2025-05-21 15:11:25 INFO  main [WavefrontOBJ] Loading geometry from "Mesh028.obj" ..
2025-05-21 15:11:25 INFO  main [WavefrontOBJ] Mesh028: 720 triangles, 482 vertices (merged 1678 vertices).
2025-05-21 15:11:25 INFO  main [WavefrontOBJ] Done with "Mesh028.obj" (took 1 ms)
2025-05-21 15:11:25 INFO  main [WavefrontOBJ] Loading geometry from "Mesh025.obj" ..
2025-05-21 15:11:25 INFO  main [WavefrontOBJ] Mesh025: 4352 triangles, 2178 vertices (merged 10878 vertices).
2025-05-21 15:11:25 INFO  main [WavefrontOBJ] Done with "Mesh025.obj" (took 9 ms)
2025-05-21 15:11:25 INFO  main [WavefrontOBJ] Loading geometry from "Mesh008.obj" ..
2025-05-21 15:11:25 INFO  main [WavefrontOBJ] Mesh008: 6320 triangles, 3270 vertices (merged 15690 vertices).
2025-05-21 15:11:25 INFO  main [WavefrontOBJ] Done with "Mesh008.obj" (took 13 ms)
2025-05-21 15:11:25 INFO  main [WavefrontOBJ] Loading geometry from "Mesh032.obj" ..
2025-05-21 15:11:25 INFO  main [WavefrontOBJ] Mesh032: 13248 triangles, 6686 vertices (merged 33058 vertices).
2025-05-21 15:11:25 INFO  main [WavefrontOBJ] Done with "Mesh032.obj" (took 27 ms)
2025-05-21 15:11:25 INFO  main [WavefrontOBJ] Loading geometry from "Mesh035.obj" ..
2025-05-21 15:11:25 INFO  main [WavefrontOBJ] Mesh035: 14480 triangles, 7404 vertices (merged 36036 vertices).
2025-05-21 15:11:25 INFO  main [WavefrontOBJ] Done with "Mesh035.obj" (took 29 ms)
2025-05-21 15:11:25 INFO  main [WavefrontOBJ] Loading geometry from "Mesh042.obj" ..
2025-05-21 15:11:25 INFO  main [WavefrontOBJ] Mesh042: 2320 triangles, 1492 vertices (merged 5468 vertices).
2025-05-21 15:11:25 INFO  main [WavefrontOBJ] Done with "Mesh042.obj" (took 5 ms)
2025-05-21 15:11:25 INFO  main [WavefrontOBJ] Loading geometry from "Mesh010.obj" ..
2025-05-21 15:11:25 INFO  main [WavefrontOBJ] Mesh010: 13248 triangles, 6686 vertices (merged 33058 vertices).
2025-05-21 15:11:25 INFO  main [WavefrontOBJ] Done with "Mesh010.obj" (took 27 ms)
2025-05-21 15:11:25 INFO  main [WavefrontOBJ] Loading geometry from "Mesh036.obj" ..
2025-05-21 15:11:25 INFO  main [WavefrontOBJ] Mesh036: 14480 triangles, 7404 vertices (merged 36036 vertices).
2025-05-21 15:11:25 INFO  main [WavefrontOBJ] Done with "Mesh036.obj" (took 29 ms)
2025-05-21 15:11:25 INFO  main [WavefrontOBJ] Loading geometry from "Mesh027.obj" ..
2025-05-21 15:11:25 INFO  main [WavefrontOBJ] Mesh027: 2320 triangles, 1492 vertices (merged 5468 vertices).
2025-05-21 15:11:25 INFO  main [WavefrontOBJ] Done with "Mesh027.obj" (took 5 ms)
2025-05-21 15:11:25 INFO  main [WavefrontOBJ] Loading geometry from "Mesh043.obj" ..
2025-05-21 15:11:25 INFO  main [WavefrontOBJ] Mesh043: 13248 triangles, 6686 vertices (merged 33058 vertices).
2025-05-21 15:11:25 INFO  main [WavefrontOBJ] Done with "Mesh043.obj" (took 27 ms)
2025-05-21 15:11:25 INFO  main [WavefrontOBJ] Loading geometry from "Mesh044.obj" ..
2025-05-21 15:11:25 INFO  main [WavefrontOBJ] Mesh044: 14480 triangles, 7404 vertices (merged 36036 vertices).
2025-05-21 15:11:25 INFO  main [WavefrontOBJ] Done with "Mesh044.obj" (took 30 ms)
2025-05-21 15:11:25 INFO  main [WavefrontOBJ] Loading geometry from "Mesh031.obj" ..
2025-05-21 15:11:25 INFO  main [WavefrontOBJ] Mesh031: 2320 triangles, 1492 vertices (merged 5468 vertices).
2025-05-21 15:11:25 INFO  main [WavefrontOBJ] Done with "Mesh031.obj" (took 5 ms)
2025-05-21 15:11:25 INFO  main [WavefrontOBJ] Loading geometry from "Mesh022.obj" ..
2025-05-21 15:11:25 INFO  main [WavefrontOBJ] Mesh022: 13248 triangles, 6686 vertices (merged 33058 vertices).
2025-05-21 15:11:25 INFO  main [WavefrontOBJ] Done with "Mesh022.obj" (took 27 ms)
2025-05-21 15:11:25 INFO  main [WavefrontOBJ] Loading geometry from "Mesh038.obj" ..
2025-05-21 15:11:25 INFO  main [WavefrontOBJ] Mesh038: 14480 triangles, 7404 vertices (merged 36036 vertices).
2025-05-21 15:11:25 INFO  main [WavefrontOBJ] Done with "Mesh038.obj" (took 29 ms)
2025-05-21 15:11:25 INFO  main [WavefrontOBJ] Loading geometry from "Mesh030.obj" ..
2025-05-21 15:11:25 INFO  main [WavefrontOBJ] Mesh030: 2320 triangles, 1492 vertices (merged 5468 vertices).
2025-05-21 15:11:25 INFO  main [WavefrontOBJ] Done with "Mesh030.obj" (took 5 ms)
2025-05-21 15:11:25 INFO  main [WavefrontOBJ] Loading geometry from "Mesh046.obj" ..
2025-05-21 15:11:25 INFO  main [WavefrontOBJ] Mesh046: 13248 triangles, 6686 vertices (merged 33058 vertices).
2025-05-21 15:11:25 INFO  main [WavefrontOBJ] Done with "Mesh046.obj" (took 28 ms)
2025-05-21 15:11:25 INFO  main [WavefrontOBJ] Loading geometry from "Mesh047.obj" ..
2025-05-21 15:11:25 INFO  main [WavefrontOBJ] Mesh047: 14480 triangles, 7404 vertices (merged 36036 vertices).
2025-05-21 15:11:25 INFO  main [WavefrontOBJ] Done with "Mesh047.obj" (took 29 ms)
2025-05-21 15:11:25 INFO  main [WavefrontOBJ] Loading geometry from "Mesh034.obj" ..
2025-05-21 15:11:25 INFO  main [WavefrontOBJ] Mesh034: 2320 triangles, 1492 vertices (merged 5468 vertices).
2025-05-21 15:11:25 INFO  main [WavefrontOBJ] Done with "Mesh034.obj" (took 6 ms)
2025-05-21 15:11:25 INFO  main [WavefrontOBJ] Loading geometry from "Mesh033.obj" ..
2025-05-21 15:11:25 INFO  main [WavefrontOBJ] Mesh033: 44 triangles, 96 vertices (merged 36 vertices).
2025-05-21 15:11:25 INFO  main [WavefrontOBJ] Done with "Mesh033.obj" (took 0 ms)
2025-05-21 15:11:25 INFO  main [WavefrontOBJ] Loading geometry from "Mesh006.obj" ..
2025-05-21 15:11:25 INFO  main [WavefrontOBJ] Mesh006: 4 triangles, 6 vertices (merged 6 vertices).
2025-05-21 15:11:25 INFO  main [WavefrontOBJ] Done with "Mesh006.obj" (took 0 ms)
2025-05-21 15:11:25 INFO  main [WavefrontOBJ] Loading geometry from "Mesh048.obj" ..
2025-05-21 15:11:25 INFO  main [WavefrontOBJ] Mesh048: 30 triangles, 38 vertices (merged 52 vertices).
2025-05-21 15:11:25 INFO  main [WavefrontOBJ] Done with "Mesh048.obj" (took 0 ms)
2025-05-21 15:11:25 INFO  main [WavefrontOBJ] Loading geometry from "Mesh049.obj" ..
2025-05-21 15:11:25 INFO  main [WavefrontOBJ] Mesh049: 13248 triangles, 6686 vertices (merged 33058 vertices).
2025-05-21 15:11:25 INFO  main [WavefrontOBJ] Done with "Mesh049.obj" (took 27 ms)
2025-05-21 15:11:25 INFO  main [WavefrontOBJ] Loading geometry from "Mesh051.obj" ..
2025-05-21 15:11:25 INFO  main [WavefrontOBJ] Mesh051: 14480 triangles, 7404 vertices (merged 36036 vertices).
2025-05-21 15:11:25 INFO  main [WavefrontOBJ] Done with "Mesh051.obj" (took 30 ms)
2025-05-21 15:11:25 INFO  main [WavefrontOBJ] Loading geometry from "Mesh040.obj" ..
2025-05-21 15:11:25 INFO  main [WavefrontOBJ] Mesh040: 2320 triangles, 1492 vertices (merged 5468 vertices).
2025-05-21 15:11:25 INFO  main [WavefrontOBJ] Done with "Mesh040.obj" (took 5 ms)
2025-05-21 15:11:25 INFO  main [WavefrontOBJ] Loading geometry from "Mesh003.obj" ..
2025-05-21 15:11:25 INFO  main [WavefrontOBJ] Mesh003: 18176 triangles, 9150 vertices (merged 45378 vertices).
2025-05-21 15:11:25 INFO  main [WavefrontOBJ] Done with "Mesh003.obj" (took 37 ms)
2025-05-21 15:11:25 INFO  main [WavefrontOBJ] Loading geometry from "Mesh002.obj" ..
2025-05-21 15:11:25 INFO  main [WavefrontOBJ] Mesh002: 7624 triangles, 4070 vertices (merged 18802 vertices).
2025-05-21 15:11:25 INFO  main [WavefrontOBJ] Done with "Mesh002.obj" (took 16 ms)
2025-05-21 15:11:25 INFO  main [WavefrontOBJ] Loading geometry from "Mesh009.obj" ..
2025-05-21 15:11:25 INFO  main [WavefrontOBJ] Mesh009: 2016 triangles, 1260 vertices (merged 4788 vertices).
2025-05-21 15:11:25 INFO  main [WavefrontOBJ] Done with "Mesh009.obj" (took 4 ms)
2025-05-21 15:11:25 INFO  main [WavefrontOBJ] Loading geometry from "Mesh045.obj" ..
2025-05-21 15:11:25 INFO  main [WavefrontOBJ] Mesh045: 4352 triangles, 2178 vertices (merged 10878 vertices).
2025-05-21 15:11:25 INFO  main [WavefrontOBJ] Done with "Mesh045.obj" (took 9 ms)
2025-05-21 15:11:25 INFO  main [WavefrontOBJ] Loading geometry from "Mesh029.obj" ..
2025-05-21 15:11:25 INFO  main [WavefrontOBJ] Mesh029: 160 triangles, 144 vertices (merged 336 vertices).
2025-05-21 15:11:25 INFO  main [WavefrontOBJ] Done with "Mesh029.obj" (took 0 ms)
2025-05-21 15:11:25 INFO  main [WavefrontOBJ] Loading geometry from "Mesh039.obj" ..
2025-05-21 15:11:25 INFO  main [WavefrontOBJ] Mesh039: 560 triangles, 400 vertices (merged 1280 vertices).
2025-05-21 15:11:25 INFO  main [WavefrontOBJ] Done with "Mesh039.obj" (took 1 ms)
2025-05-21 15:11:25 INFO  main [WavefrontOBJ] Loading geometry from "Mesh050.obj" ..
2025-05-21 15:11:25 INFO  main [WavefrontOBJ] Mesh050: 720 triangles, 482 vertices (merged 1678 vertices).
2025-05-21 15:11:25 INFO  main [WavefrontOBJ] Done with "Mesh050.obj" (took 1 ms)
2025-05-21 15:11:25 INFO  main [WavefrontOBJ] Loading geometry from "Mesh001.obj" ..
2025-05-21 15:11:25 INFO  main [WavefrontOBJ] Mesh001: 170 triangles, 340 vertices (merged 170 vertices).
2025-05-21 15:11:25 INFO  main [WavefrontOBJ] Done with "Mesh001.obj" (took 0 ms)
2025-05-21 15:11:25 INFO  main [WavefrontOBJ] Loading geometry from "Mesh000.obj" ..
2025-05-21 15:11:25 INFO  main [WavefrontOBJ] Mesh000: 22 triangles, 44 vertices (merged 22 vertices).
2025-05-21 15:11:25 INFO  main [WavefrontOBJ] Done with "Mesh000.obj" (took 0 ms)
2025-05-21 15:11:25 INFO  main [PluginManager] Loading plugin "plugins/rectangle.so" ..
2025-05-21 15:11:25 INFO  ren0 [KDTreeBase] Constructing a SAH kd-tree (321251 primitives) ..
2025-05-21 15:11:26 INFO  ren0 [KDTreeBase] Finished -- took 618 ms.
2025-05-21 15:11:26 INFO  ren0 [octree.h:534] root weight: 8.000e-20 (0.000000)
2025-05-21 15:11:26 INFO  ren0 [octree.h:535] splitting threshold: 8.000e-23 (0.000000)
2025-05-21 15:11:26 INFO  ren0 [octree.h:550] node count: 1 -> 585 -> 585

2025-05-21 15:11:26 INFO  ren0 [octree.h:534] root weight: 4.096e-17 (0.000000)
2025-05-21 15:11:26 INFO  ren0 [octree.h:535] splitting threshold: 4.096e-20 (0.000000)
2025-05-21 15:11:26 INFO  ren0 [octree.h:550] node count: 585 -> 585 -> 585

2025-05-21 15:11:26 INFO  ren0 [octree.h:534] root weight: 8.000e-20 (0.000000)
2025-05-21 15:11:26 INFO  ren0 [octree.h:535] splitting threshold: 8.000e-23 (0.000000)
2025-05-21 15:11:26 INFO  ren0 [octree.h:550] node count: 1 -> 585 -> 585

2025-05-21 15:11:26 INFO  ren0 [octree.h:534] root weight: 8.000e-20 (0.000000)
2025-05-21 15:11:26 INFO  ren0 [octree.h:535] splitting threshold: 8.000e-23 (0.000000)
2025-05-21 15:11:26 INFO  ren0 [octree.h:550] node count: 1 -> 585 -> 585

2025-05-21 15:11:26 INFO  ren0 [octree.h:534] root weight: 4.096e-17 (0.000000)
2025-05-21 15:11:26 INFO  ren0 [octree.h:535] splitting threshold: 4.096e-20 (0.000000)
2025-05-21 15:11:26 INFO  ren0 [octree.h:550] node count: 585 -> 585 -> 585

2025-05-21 15:11:26 INFO  ren0 [octree.h:534] root weight: 8.000e-20 (0.000000)
2025-05-21 15:11:26 INFO  ren0 [octree.h:535] splitting threshold: 8.000e-23 (0.000000)
2025-05-21 15:11:26 INFO  ren0 [octree.h:550] node count: 1 -> 585 -> 585

2025-05-21 15:11:26 INFO  ren0 [MIFocalGuidingPathTracer] AABB3[min=[-6.3658, -1.5274, -4.73046], max=[5.27597, 8.04131, 10.0598]]
2025-05-21 15:11:26 INFO  ren0 [MIFocalGuidingPathTracer] Starting render job (1280x720, 12 cores, SSE2 enabled) ..
2025-05-21 15:11:26 INFO  ren0 [MIFocalGuidingPathTracer] ITERATION 0, until 10.0 seconds
2025-05-21 15:11:37 INFO  ren0 [MIFocalGuidingPathTracer]   11.47 seconds elapsed, passes this iteration: 5, total passes: 5
2025-05-21 15:11:37 INFO  ren0 [MIFocalGuidingPathTracer] Got 1704451 non-zero samples
2025-05-21 15:11:37 INFO  ren0 [gaussian_mixture_model.h:821] Processing mega batch of size 1704451
2025-05-21 15:11:37 INFO  ren0 [gaussian_mixture_model.h:557] KMeans
2025-05-21 15:11:37 INFO  ren0 [gaussian_mixture_model.h:560] GMM[
weight = 0.13567 mean = [0.505248 0.679039 3.10217] covariance = [[3.49642 -0.427253 -1.17439][-0.427253 1.98092 0.680653][-1.17439 0.680653 6.15834]]
weight = 0.18489 mean = [1.87254 3.64249 -2.00604] covariance = [[2.39511 -1.08843 -0.663538][-1.08843 5.29878 1.03363][-0.663538 1.03363 2.19005]]
weight = 0.10131 mean = [-3.67344 4.58157 6.2367] covariance = [[2.46016 -0.788783 0.823367][-0.788783 2.58589 -0.123971][0.823367 -0.123971 5.29443]]
weight = 0.07853 mean = [-0.230738 6.33305 5.01134] covariance = [[2.99274 -0.365991 1.88701][-0.365991 1.13884 0.172541][1.88701 0.172541 6.36825]]
weight = 0.06526 mean = [3.77991 4.59642 4.01368] covariance = [[0.854447 -0.213674 0.134984][-0.213674 4.24502 2.14275][0.134984 2.14275 5.62182]]
weight = 0.04612 mean = [-4.59846 0.212727 6.18121] covariance = [[1.27341 -0.299568 0.557992][-0.299568 1.06784 0.0417456][0.557992 0.0417456 5.19593]]
weight = 0.05198 mean = [3.14651 1.29076 7.91713] covariance = [[1.89754 0.028918 -0.808405][0.028918 3.12921 0.908037][-0.808405 0.908037 2.30005]]
weight = 0.0342 mean = [-5.24725 5.8558 -1.93984] covariance = [[0.420757 -0.0167874 0.0662548][-0.0167874 1.51022 0.982139][0.0662548 0.982139 3.07416]]
weight = 0.22623 mean = [-3.03016 1.3775 -1.66724] covariance = [[3.4506 -0.501377 -0.72889][-0.501377 2.83848 0.823234][-0.72889 0.823234 2.84463]]
weight = 0.07581 mean = [-2.06363 5.29681 -2.63496] covariance = [[1.19005 -0.578377 -0.36103][-0.578377 2.21458 0.540372][-0.36103 0.540372 1.70887]]
]
2025-05-21 15:11:37 INFO  ren0 [gaussian_mixture_model.h:215] Before splitting
2025-05-21 15:11:37 INFO  ren0 [gaussian_mixture_model.h:216] GMM[
weight = 0.0970858 mean = [2.29897 0.607625 0.171011] covariance = [[2.48231 0.541767 1.9575][0.541767 1.05716 -0.550861][1.9575 -0.550861 6.00479]]
weight = 0.415786 mean = [1.08383 2.91983 -2.00883] covariance = [[0.728511 0.104602 0.627959][0.104602 5.03662 1.61562][0.627959 1.61562 2.54206]]
weight = 0.00641662 mean = [-4.94922 5.82612 3.31685] covariance = [[0.86337 -0.526802 0.427705][-0.526802 0.383974 -0.279504][0.427705 -0.279504 0.477999]]
weight = 0.00269306 mean = [0.395222 5.04779 2.2987] covariance = [[5.76789 -0.593931 3.77387][-0.593931 1.01184 -1.75934][3.77387 -1.75934 14.6892]]
weight = 0.0913962 mean = [4.52942 1.91165 0.545832] covariance = [[0.179572 -0.183505 -0.0649959][-0.183505 0.367859 -0.0491763][-0.0649959 -0.0491763 0.389638]]
weight = 3.74069e-05 mean = [-4.86867 0.749379 6.10963] covariance = [[1.56448 -0.311702 -0.14761][-0.311702 1.21208 -0.0845544][-0.14761 -0.0845544 9.11157]]
weight = 0.0351224 mean = [3.88714 -0.865967 5.54733] covariance = [[0.364125 -0.5954 -0.202663][-0.5954 1.25893 0.511706][-0.202663 0.511706 0.390126]]
weight = 0.000426029 mean = [-4.86152 5.02519 -1.20691] covariance = [[0.925152 -0.114492 -0.47671][-0.114492 1.64372 2.69686][-0.47671 2.69686 11.5134]]
weight = 0.246254 mean = [-0.630789 1.88499 -3.27895] covariance = [[1.87118 -0.838406 0.28135][-0.838406 0.689182 -0.111802][0.28135 -0.111802 0.735914]]
weight = 0.104782 mean = [-1.87887 3.62337 -3.1054] covariance = [[1.06267 -1.08563 -0.409508][-1.08563 2.1226 0.768839][-0.409508 0.768839 0.686534]]
]
2025-05-21 15:11:37 INFO  ren0 [gaussian_mixture_model.h:218] Before merging
2025-05-21 15:11:37 INFO  ren0 [gaussian_mixture_model.h:219] GMM[
weight = 0.0970858 mean = [2.29897 0.607625 0.171011] covariance = [[2.48231 0.541767 1.9575][0.541767 1.05716 -0.550861][1.9575 -0.550861 6.00479]]
weight = 0.415786 mean = [1.08383 2.91983 -2.00883] covariance = [[0.728511 0.104602 0.627959][0.104602 5.03662 1.61562][0.627959 1.61562 2.54206]]
weight = 0.00641662 mean = [-4.94922 5.82612 3.31685] covariance = [[0.86337 -0.526802 0.427705][-0.526802 0.383974 -0.279504][0.427705 -0.279504 0.477999]]
weight = 0.00269306 mean = [0.395222 5.04779 2.2987] covariance = [[5.76789 -0.593931 3.77387][-0.593931 1.01184 -1.75934][3.77387 -1.75934 14.6892]]
weight = 0.0913962 mean = [4.52942 1.91165 0.545832] covariance = [[0.179572 -0.183505 -0.0649959][-0.183505 0.367859 -0.0491763][-0.0649959 -0.0491763 0.389638]]
weight = 3.74069e-05 mean = [-4.86867 0.749379 6.10963] covariance = [[1.56448 -0.311702 -0.14761][-0.311702 1.21208 -0.0845544][-0.14761 -0.0845544 9.11157]]
weight = 0.0351224 mean = [3.88714 -0.865967 5.54733] covariance = [[0.364125 -0.5954 -0.202663][-0.5954 1.25893 0.511706][-0.202663 0.511706 0.390126]]
weight = 0.000426029 mean = [-4.86152 5.02519 -1.20691] covariance = [[0.925152 -0.114492 -0.47671][-0.114492 1.64372 2.69686][-0.47671 2.69686 11.5134]]
weight = 0.246254 mean = [-0.630789 1.88499 -3.27895] covariance = [[1.87118 -0.838406 0.28135][-0.838406 0.689182 -0.111802][0.28135 -0.111802 0.735914]]
weight = 0.104782 mean = [-1.87887 3.62337 -3.1054] covariance = [[1.06267 -1.08563 -0.409508][-1.08563 2.1226 0.768839][-0.409508 0.768839 0.686534]]
]
2025-05-21 15:11:38 INFO  ren0 [gaussian_mixture_model.h:215] Before splitting
2025-05-21 15:11:38 INFO  ren0 [gaussian_mixture_model.h:216] GMM[
weight = 0.0472344 mean = [2.05169 0.583365 -0.0482157] covariance = [[2.31388 0.432339 1.73363][0.432339 1.01507 -0.550058][1.73363 -0.550058 6.03164]]
weight = 0.510365 mean = [0.626397 3.99932 -1.03545] covariance = [[0.471161 -0.322897 0.104454][-0.322897 3.61775 1.93039][0.104454 1.93039 2.29708]]
weight = 0.00246988 mean = [-4.94874 5.82594 3.31748] covariance = [[0.863635 -0.526933 0.427975][-0.526933 0.384103 -0.279496][0.427975 -0.279496 0.479414]]
weight = 0.00520662 mean = [0.296469 5.19629 0.525557] covariance = [[1.9107 0.0667519 1.4102][0.0667519 0.462911 -0.52187][1.4102 -0.52187 5.08721]]
weight = 0.0351539 mean = [4.52944 1.9116 0.545775] covariance = [[0.17961 -0.18358 -0.0650464][-0.18358 0.368035 -0.0491608][-0.0650464 -0.0491608 0.389862]]
weight = 7.41307e-05 mean = [-3.67341 0.826639 5.04214] covariance = [[6.07242 -1.18674 5.10994][-1.18674 1.12613 -1.40058][5.10994 -1.40058 15.3289]]
weight = 0.0135155 mean = [3.88617 -0.863869 5.54853] covariance = [[0.365602 -0.59866 -0.204611][-0.59866 1.26602 0.515941][-0.204611 0.515941 0.392615]]
weight = 0.0224692 mean = [-5.40874 3.12768 -3.71949] covariance = [[0.00969535 0.00755597 0.0074675][0.00755597 0.0417316 0.0581995][0.0074675 0.0581995 0.140745]]
weight = 0.363511 mean = [-1.33913 2.78628 -2.89611] covariance = [[2.85209 -0.741804 0.363869][-0.741804 0.980392 0.252385][0.363869 0.252385 0.325852]]
]
2025-05-21 15:11:38 INFO  ren0 [gaussian_mixture_model.h:218] Before merging
2025-05-21 15:11:38 INFO  ren0 [gaussian_mixture_model.h:219] GMM[
weight = 0.0236172 mean = [2.5175 0.502376 1.16035] covariance = [[1.87993 0.507791 0.607703][0.507791 1.00196 -0.354295][0.607703 -0.354295 3.11039]]
weight = 0.510365 mean = [0.626397 3.99932 -1.03545] covariance = [[0.471161 -0.322897 0.104454][-0.322897 3.61775 1.93039][0.104454 1.93039 2.29708]]
weight = 0.00246988 mean = [-4.94874 5.82594 3.31748] covariance = [[0.863635 -0.526933 0.427975][-0.526933 0.384103 -0.279496][0.427975 -0.279496 0.479414]]
weight = 0.00520662 mean = [0.296469 5.19629 0.525557] covariance = [[1.9107 0.0667519 1.4102][0.0667519 0.462911 -0.52187][1.4102 -0.52187 5.08721]]
weight = 0.0351539 mean = [4.52944 1.9116 0.545775] covariance = [[0.17961 -0.18358 -0.0650464][-0.18358 0.368035 -0.0491608][-0.0650464 -0.0491608 0.389862]]
weight = 7.41307e-05 mean = [-3.67341 0.826639 5.04214] covariance = [[6.07242 -1.18674 5.10994][-1.18674 1.12613 -1.40058][5.10994 -1.40058 15.3289]]
weight = 0.0135155 mean = [3.88617 -0.863869 5.54853] covariance = [[0.365602 -0.59866 -0.204611][-0.59866 1.26602 0.515941][-0.204611 0.515941 0.392615]]
weight = 0.0224692 mean = [-5.40874 3.12768 -3.71949] covariance = [[0.00969535 0.00755597 0.0074675][0.00755597 0.0417316 0.0581995][0.0074675 0.0581995 0.140745]]
weight = 0.0236172 mean = [1.58587 0.664355 -1.25678] covariance = [[1.87993 0.507791 0.607703][0.507791 1.00196 -0.354295][0.607703 -0.354295 3.11039]]
weight = 0.363511 mean = [-1.33913 2.78628 -2.89611] covariance = [[2.85209 -0.741804 0.363869][-0.741804 0.980392 0.252385][0.363869 0.252385 0.325852]]
]
2025-05-21 15:11:38 INFO  ren0 [gaussian_mixture_model.h:215] Before splitting
2025-05-21 15:11:38 INFO  ren0 [gaussian_mixture_model.h:216] GMM[
weight = 0.0219611 mean = [2.19129 0.689018 0.0407648] covariance = [[2.58273 0.520237 1.77356][0.520237 0.991405 -0.419076][1.77356 -0.419076 5.95158]]
weight = 0.237208 mean = [-4.50531 7.13847 1.48247] covariance = [[0.00469128 0.000175618 -0.00149037][0.000175618 0.009349 -0.0117772][-0.00149037 -0.0117772 0.0168575]]
weight = 0.122941 mean = [0.656349 1.68785 -2.09135] covariance = [[0.324228 -0.270984 -0.136757][-0.270984 1.45576 1.09208][-0.136757 1.09208 1.23974]]
weight = 0.146559 mean = [4.56768 1.58722 0.914406] covariance = [[0.0176767 -0.0192938 -0.00486252][-0.0192938 0.0473505 -0.0177302][-0.00486252 -0.0177302 0.0529134]]
weight = 0.00885768 mean = [-3.78942 5.11215 3.48881] covariance = [[1.34203 -2.6103 3.31179][-2.6103 7.2555 -7.18264][3.31179 -7.18264 9.28882]]
weight = 0.00550173 mean = [3.88239 -0.856852 5.55244] covariance = [[0.376978 -0.618495 -0.215688][-0.618495 1.30179 0.535591][-0.215688 0.535591 0.403964]]
weight = 0.00913238 mean = [-5.40872 3.12771 -3.71945] covariance = [[0.00969942 0.0075608 0.00747317][0.0075608 0.0417656 0.0582537][0.00747317 0.0582537 0.140875]]
weight = 0.00623952 mean = [0.901913 1.27233 -2.19199] covariance = [[1.67179 0.28046 0.68258][0.28046 0.19256 -0.00378948][0.68258 -0.00378948 0.985619]]
weight = 0.441599 mean = [-3.11297 2.63522 -3.24] covariance = [[4.33705 -0.509119 0.833694][-0.509119 0.527741 0.0149505][0.833694 0.0149505 0.429649]]
]
2025-05-21 15:11:38 INFO  ren0 [gaussian_mixture_model.h:218] Before merging
2025-05-21 15:11:38 INFO  ren0 [gaussian_mixture_model.h:219] GMM[
weight = 0.0109805 mean = [2.69741 0.647741 1.23318] covariance = [[2.07043 0.562019 0.566566][0.562019 0.988007 -0.320636][0.566566 -0.320636 3.10787]]
weight = 0.0109805 mean = [1.68518 0.730296 -1.15165] covariance = [[2.07043 0.562019 0.566566][0.562019 0.988007 -0.320636][0.566566 -0.320636 3.10787]]
weight = 0.237208 mean = [-4.50531 7.13847 1.48247] covariance = [[0.00469128 0.000175618 -0.00149037][0.000175618 0.009349 -0.0117772][-0.00149037 -0.0117772 0.0168575]]
weight = 0.122941 mean = [0.656349 1.68785 -2.09135] covariance = [[0.324228 -0.270984 -0.136757][-0.270984 1.45576 1.09208][-0.136757 1.09208 1.23974]]
weight = 0.146559 mean = [4.56768 1.58722 0.914406] covariance = [[0.0176767 -0.0192938 -0.00486252][-0.0192938 0.0473505 -0.0177302][-0.00486252 -0.0177302 0.0529134]]
weight = 0.00885768 mean = [-3.78942 5.11215 3.48881] covariance = [[1.34203 -2.6103 3.31179][-2.6103 7.2555 -7.18264][3.31179 -7.18264 9.28882]]
weight = 0.00550173 mean = [3.88239 -0.856852 5.55244] covariance = [[0.376978 -0.618495 -0.215688][-0.618495 1.30179 0.535591][-0.215688 0.535591 0.403964]]
weight = 0.00913238 mean = [-5.40872 3.12771 -3.71945] covariance = [[0.00969942 0.0075608 0.00747317][0.0075608 0.0417656 0.0582537][0.00747317 0.0582537 0.140875]]
weight = 0.00623952 mean = [0.901913 1.27233 -2.19199] covariance = [[1.67179 0.28046 0.68258][0.28046 0.19256 -0.00378948][0.68258 -0.00378948 0.985619]]
weight = 0.441599 mean = [-3.11297 2.63522 -3.24] covariance = [[4.33705 -0.509119 0.833694][-0.509119 0.527741 0.0149505][0.833694 0.0149505 0.429649]]
]
2025-05-21 15:11:38 INFO  ren0 [gaussian_mixture_model.h:215] Before splitting
2025-05-21 15:11:38 INFO  ren0 [gaussian_mixture_model.h:216] GMM[
weight = 0.00768392 mean = [1.16838 0.539921 -0.308509] covariance = [[6.02046 1.62102 2.71929][1.62102 1.59551 0.0522141][2.71929 0.0522141 5.33104]]
weight = 0.0245571 mean = [-2.23906 -0.260795 -1.73039] covariance = [[1.67346 1.44341 -0.458481][1.44341 1.68855 -0.511944][-0.458481 -0.511944 0.317392]]
weight = 0.0589078 mean = [-4.50531 7.13847 1.48247] covariance = [[0.00469176 0.000174864 -0.00149053][0.000174864 0.00935019 -0.011777][-0.00149053 -0.011777 0.0168576]]
weight = 0.0363986 mean = [4.5677 1.58722 0.914419] covariance = [[0.0176808 -0.0192936 -0.0048587][-0.0192936 0.047348 -0.0177299][-0.0048587 -0.0177299 0.0529131]]
weight = 0.0188512 mean = [-5.69309 4.77045 3.16698] covariance = [[0.775791 -0.307068 0.583407][-0.307068 1.00087 -0.930601][0.583407 -0.930601 1.36221]]
weight = 0.00139128 mean = [3.86289 -0.78801 5.59719] covariance = [[0.412276 -0.718179 -0.280111][-0.718179 1.62089 0.749749][-0.280111 0.749749 0.552982]]
weight = 0.00226815 mean = [-5.40871 3.12775 -3.71938] covariance = [[0.00969981 0.00756456 0.00747932][0.00756456 0.0417815 0.0582858][0.00747932 0.0582858 0.140948]]
weight = 0.521862 mean = [0.769522 4.14493 -0.650539] covariance = [[0.117467 -0.255423 -0.0637281][-0.255423 1.14395 0.517122][-0.0637281 0.517122 0.319857]]
weight = 0.32808 mean = [-1.79122 3.73876 -3.11482] covariance = [[3.27941 0.0444479 0.606999][0.0444479 1.31667 -0.0670208][0.606999 -0.0670208 0.364331]]
]
2025-05-21 15:11:38 INFO  ren0 [gaussian_mixture_model.h:218] Before merging
2025-05-21 15:11:38 INFO  ren0 [gaussian_mixture_model.h:219] GMM[
weight = 0.00384196 mean = [2.28438 0.803367 0.611452] covariance = [[3.52957 1.03301 0.665938][1.03301 1.45672 -0.432506][0.665938 -0.432506 3.63839]]
weight = 0.0245571 mean = [-2.23906 -0.260795 -1.73039] covariance = [[1.67346 1.44341 -0.458481][1.44341 1.68855 -0.511944][-0.458481 -0.511944 0.317392]]
weight = 0.0589078 mean = [-4.50531 7.13847 1.48247] covariance = [[0.00469176 0.000174864 -0.00149053][0.000174864 0.00935019 -0.011777][-0.00149053 -0.011777 0.0168576]]
weight = 0.00384196 mean = [0.0523809 0.276475 -1.22847] covariance = [[3.52957 1.03301 0.665938][1.03301 1.45672 -0.432506][0.665938 -0.432506 3.63839]]
weight = 0.0363986 mean = [4.5677 1.58722 0.914419] covariance = [[0.0176808 -0.0192936 -0.0048587][-0.0192936 0.047348 -0.0177299][-0.0048587 -0.0177299 0.0529131]]
weight = 0.0188512 mean = [-5.69309 4.77045 3.16698] covariance = [[0.775791 -0.307068 0.583407][-0.307068 1.00087 -0.930601][0.583407 -0.930601 1.36221]]
weight = 0.00139128 mean = [3.86289 -0.78801 5.59719] covariance = [[0.412276 -0.718179 -0.280111][-0.718179 1.62089 0.749749][-0.280111 0.749749 0.552982]]
weight = 0.00226815 mean = [-5.40871 3.12775 -3.71938] covariance = [[0.00969981 0.00756456 0.00747932][0.00756456 0.0417815 0.0582858][0.00747932 0.0582858 0.140948]]
weight = 0.521862 mean = [0.769522 4.14493 -0.650539] covariance = [[0.117467 -0.255423 -0.0637281][-0.255423 1.14395 0.517122][-0.0637281 0.517122 0.319857]]
weight = 0.32808 mean = [-1.79122 3.73876 -3.11482] covariance = [[3.27941 0.0444479 0.606999][0.0444479 1.31667 -0.0670208][0.606999 -0.0670208 0.364331]]
]
2025-05-21 15:11:38 INFO  ren0 [gaussian_mixture_model.h:215] Before splitting
2025-05-21 15:11:38 INFO  ren0 [gaussian_mixture_model.h:216] GMM[
weight = 0.170661 mean = [2.26127 0.290239 3.62459] covariance = [[1.00562 -0.255967 1.85736][-0.255967 0.901319 -2.51183][1.85736 -2.51183 13.8942]]
weight = 0.0157801 mean = [-4.50531 7.13847 1.48247] covariance = [[0.00469238 0.000173885 -0.00149074][0.000173885 0.00935183 -0.0117767][-0.00149074 -0.0117767 0.0168577]]
weight = 0.137786 mean = [0.797578 1.27186 -2.93913] covariance = [[1.01026 0.110065 -0.10831][0.110065 0.196285 -0.619842][-0.10831 -0.619842 4.37435]]
weight = 0.00975073 mean = [4.5677 1.58721 0.914419] covariance = [[0.017683 -0.0192968 -0.00485763][-0.0192968 0.0473546 -0.017734][-0.00485763 -0.017734 0.0529184]]
weight = 0.0153337 mean = [-4.56997 5.89813 1.16366] covariance = [[0.924567 0.554478 -0.970545][0.554478 1.22378 -1.70248][-0.970545 -1.70248 2.89324]]
weight = 0.182215 mean = [2.82198 -0.00102212 4.88427] covariance = [[0.00326918 -0.00370408 0.000579788][-0.00370408 0.00662123 0.00183126][0.000579788 0.00183126 0.00333338]]
weight = 0.000611262 mean = [-5.40821 3.12796 -3.71834] covariance = [[0.00968801 0.00752392 0.00743333][0.00752392 0.0416508 0.058406][0.00743333 0.058406 0.142568]]
weight = 0.226187 mean = [1.08076 4.19833 -0.494161] covariance = [[0.305978 -0.187274 0.0278382][-0.187274 0.758538 0.343496][0.0278382 0.343496 0.240664]]
weight = 0.241675 mean = [-0.84434 2.34329 -2.59332] covariance = [[2.64296 -0.538543 -0.275568][-0.538543 2.31085 -0.827361][-0.275568 -0.827361 1.49184]]
]
2025-05-21 15:11:38 INFO  ren0 [gaussian_mixture_model.h:218] Before merging
2025-05-21 15:11:38 INFO  ren0 [gaussian_mixture_model.h:219] GMM[
weight = 0.0853305 mean = [2.52181 -0.0555629 5.48676] covariance = [[0.869863 -0.0757771 0.887019][-0.0757771 0.662171 -1.22394][0.887019 -1.22394 6.95889]]
