2025-03-23 23:48:41 INFO  main [mitsuba.cpp:274] Mitsuba version 0.6.0 (Linux, 64 bit), Copyright (c) 2017 Wenzel Jakob
2025-03-23 23:48:41 INFO  main [mitsuba.cpp:377] Parsing scene description from "../../scenes/modern-hall/modern-hall.xml" ..
2025-03-23 23:48:41 INFO  main [scenehandler.cpp:675] In file "/home/julia/PBRT/PMM_focal_guiding/mitsuba/dist/../../scenes/modern-hall/modern-hall.xml" (near line 20): Parsing included file "pmm_focal_guiding.xml" ..
2025-03-23 23:48:41 INFO  main [PluginManager] Loading plugin "plugins/pmm_focal_guiding.so" ..
2025-03-23 23:48:41 INFO  main [octree.h:482] root weight: 8.000e-20 (0.000000)
2025-03-23 23:48:41 INFO  main [octree.h:483] splitting threshold: 8.000e-23 (0.000000)
2025-03-23 23:48:41 INFO  main [octree.h:498] node count: 1 -> 585 -> 585

2025-03-23 23:48:41 INFO  main [octree.h:482] root weight: 8.000e-20 (0.000000)
2025-03-23 23:48:41 INFO  main [octree.h:483] splitting threshold: 8.000e-23 (0.000000)
2025-03-23 23:48:41 INFO  main [octree.h:498] node count: 1 -> 585 -> 585

2025-03-23 23:48:41 INFO  main [PMMFocalGuidingIntegrator] Saving to: 
2025-03-23 23:48:41 INFO  main [PMMFocalGuidingIntegrator] GMM params: alpha = 0.250000, split_th = 4.000000, merge_th = 0.500000, min_num_comp = 3, max_num_comp = 10, use_k_means = 0
2025-03-23 23:48:41 INFO  main [PMMFocalGuidingIntegrator] iterationCount: 8
2025-03-23 23:48:41 INFO  main [PMMFocalGuidingIntegrator] PMMFocalGuidingIntegrator
  maxDepth = 40,
  rrDepth = 14,
  strictNormals = 1
  gmm = GMM[
]
]
2025-03-23 23:48:41 WARN  main [scenehandler.cpp:795] In file "/home/julia/PBRT/PMM_focal_guiding/mitsuba/dist/../../scenes/modern-hall/../_integrators/pmm_focal_guiding.xml" (near line 49): Unqueried attribute "budget" in element "integrator"
2025-03-23 23:48:41 WARN  main [scenehandler.cpp:795] In file "/home/julia/PBRT/PMM_focal_guiding/mitsuba/dist/../../scenes/modern-hall/../_integrators/pmm_focal_guiding.xml" (near line 49): Unqueried attribute "dumpPrimaryRays" in element "integrator"
2025-03-23 23:48:41 WARN  main [scenehandler.cpp:795] In file "/home/julia/PBRT/PMM_focal_guiding/mitsuba/dist/../../scenes/modern-hall/../_integrators/pmm_focal_guiding.xml" (near line 49): Unqueried attribute "dumpScene" in element "integrator"
2025-03-23 23:48:41 WARN  main [scenehandler.cpp:795] In file "/home/julia/PBRT/PMM_focal_guiding/mitsuba/dist/../../scenes/modern-hall/../_integrators/pmm_focal_guiding.xml" (near line 49): Unqueried attribute "normalBinning" in element "integrator"
2025-03-23 23:48:41 WARN  main [scenehandler.cpp:795] In file "/home/julia/PBRT/PMM_focal_guiding/mitsuba/dist/../../scenes/modern-hall/../_integrators/pmm_focal_guiding.xml" (near line 49): Unqueried attribute "samplingMode" in element "integrator"
2025-03-23 23:48:41 WARN  main [scenehandler.cpp:795] In file "/home/julia/PBRT/PMM_focal_guiding/mitsuba/dist/../../scenes/modern-hall/../_integrators/pmm_focal_guiding.xml" (near line 49): Unqueried attribute "unboundedSplatting" in element "integrator"
2025-03-23 23:48:41 INFO  main [PluginManager] Loading plugin "plugins/independent.so" ..
2025-03-23 23:48:41 INFO  main [PluginManager] Loading plugin "plugins/box.so" ..
2025-03-23 23:48:41 INFO  main [PluginManager] Loading plugin "plugins/hdrfilm.so" ..
2025-03-23 23:48:41 INFO  main [PluginManager] Loading plugin "plugins/perspective.so" ..
2025-03-23 23:48:41 INFO  main [PluginManager] Loading plugin "plugins/dielectric.so" ..
2025-03-23 23:48:41 INFO  main [PluginManager] Loading plugin "plugins/bitmap.so" ..
2025-03-23 23:48:41 INFO  main [BitmapTexture] Loading texture "wood5.jpg"
2025-03-23 23:48:41 INFO  main [MIPMap] Mapped MIP map cache file "/home/julia/PBRT/PMM_focal_guiding/mitsuba/dist/../../scenes/modern-hall/textures/wood5.mip" into memory (14.7 MiB).
2025-03-23 23:48:41 INFO  main [PluginManager] Loading plugin "plugins/roughplastic.so" ..
2025-03-23 23:48:41 INFO  main [PluginManager] Loading plugin "plugins/twosided.so" ..
2025-03-23 23:48:41 INFO  main [BitmapTexture] Loading texture "Tiles.jpg"
2025-03-23 23:48:41 INFO  main [PluginManager] Loading plugin "plugins/lanczos.so" ..
2025-03-23 23:48:42 INFO  main [PluginManager] Loading plugin "plugins/diffuse.so" ..
2025-03-23 23:48:42 INFO  main [BitmapTexture] Loading texture "Wallpaper.jpg"
2025-03-23 23:48:43 INFO  main [PluginManager] Loading plugin "plugins/roughconductor.so" ..
2025-03-23 23:48:43 INFO  main [spectrum.cpp:599] "Cu.eta.spd": loaded a spectral power distribution with 55 entries (between 302.400421 and 885.601257 nm)
2025-03-23 23:48:43 INFO  main [spectrum.cpp:599] "Cu.k.spd": loaded a spectral power distribution with 55 entries (between 302.400421 and 885.601257 nm)
2025-03-23 23:48:43 INFO  main [spectrum.cpp:599] "Cu.eta.spd": loaded a spectral power distribution with 55 entries (between 302.400421 and 885.601257 nm)
2025-03-23 23:48:43 INFO  main [spectrum.cpp:599] "Cu.k.spd": loaded a spectral power distribution with 55 entries (between 302.400421 and 885.601257 nm)
2025-03-23 23:48:43 INFO  main [PluginManager] Loading plugin "plugins/difftrans.so" ..
2025-03-23 23:48:43 INFO  main [PluginManager] Loading plugin "plugins/area.so" ..
2025-03-23 23:48:43 INFO  main [PluginManager] Loading plugin "plugins/rectangle.so" ..
2025-03-23 23:48:43 INFO  main [PluginManager] Loading plugin "plugins/cube.so" ..
2025-03-23 23:48:43 INFO  main [PluginManager] Loading plugin "plugins/obj.so" ..
2025-03-23 23:48:43 INFO  main [WavefrontOBJ] Loading geometry from "Mesh008.obj" ..
2025-03-23 23:48:43 INFO  main [WavefrontOBJ] Mesh008: 5184 triangles, 2664 vertices (merged 12888 vertices).
2025-03-23 23:48:43 INFO  main [WavefrontOBJ] Done with "Mesh008.obj" (took 55 ms)
2025-03-23 23:48:43 INFO  main [WavefrontOBJ] Loading geometry from "Mesh004.obj" ..
2025-03-23 23:48:43 INFO  main [WavefrontOBJ] Mesh004: 5184 triangles, 2664 vertices (merged 12888 vertices).
2025-03-23 23:48:43 INFO  main [WavefrontOBJ] Done with "Mesh004.obj" (took 140 ms)
2025-03-23 23:48:43 INFO  main [WavefrontOBJ] Loading geometry from "Mesh003.obj" ..
2025-03-23 23:48:43 INFO  main [WavefrontOBJ] Mesh003: 5184 triangles, 2664 vertices (merged 12888 vertices).
2025-03-23 23:48:43 INFO  main [WavefrontOBJ] Done with "Mesh003.obj" (took 100 ms)
2025-03-23 23:48:43 INFO  main [WavefrontOBJ] Loading geometry from "Mesh006.obj" ..
2025-03-23 23:48:43 INFO  main [WavefrontOBJ] Mesh006: 5184 triangles, 2664 vertices (merged 12888 vertices).
2025-03-23 23:48:43 INFO  main [WavefrontOBJ] Done with "Mesh006.obj" (took 73 ms)
2025-03-23 23:48:43 INFO  main [WavefrontOBJ] Loading geometry from "Mesh012.obj" ..
2025-03-23 23:48:43 INFO  main [WavefrontOBJ] Mesh012: 444 triangles, 882 vertices (merged 450 vertices).
2025-03-23 23:48:43 INFO  main [WavefrontOBJ] Done with "Mesh012.obj" (took 9 ms)
2025-03-23 23:48:43 INFO  main [WavefrontOBJ] Loading geometry from "Mesh013.obj" ..
2025-03-23 23:48:43 INFO  main [WavefrontOBJ] Mesh013: 5184 triangles, 2664 vertices (merged 12888 vertices).
2025-03-23 23:48:43 INFO  main [WavefrontOBJ] Done with "Mesh013.obj" (took 53 ms)
2025-03-23 23:48:43 INFO  main [WavefrontOBJ] Loading geometry from "Mesh010.obj" ..
2025-03-23 23:48:43 INFO  main [WavefrontOBJ] Mesh010: 32 triangles, 60 vertices (merged 36 vertices).
2025-03-23 23:48:43 INFO  main [WavefrontOBJ] Done with "Mesh010.obj" (took 0 ms)
2025-03-23 23:48:43 INFO  main [WavefrontOBJ] Loading geometry from "Mesh015.obj" ..
2025-03-23 23:48:43 INFO  main [WavefrontOBJ] Mesh015: 32 triangles, 60 vertices (merged 36 vertices).
2025-03-23 23:48:43 INFO  main [WavefrontOBJ] Done with "Mesh015.obj" (took 0 ms)
2025-03-23 23:48:43 INFO  main [WavefrontOBJ] Loading geometry from "Mesh002.obj" ..
2025-03-23 23:48:43 INFO  main [WavefrontOBJ] Mesh002: 32 triangles, 60 vertices (merged 36 vertices).
2025-03-23 23:48:43 INFO  main [WavefrontOBJ] Done with "Mesh002.obj" (took 0 ms)
2025-03-23 23:48:43 INFO  main [WavefrontOBJ] Loading geometry from "Mesh007.obj" ..
2025-03-23 23:48:43 INFO  main [WavefrontOBJ] Mesh007: 32 triangles, 60 vertices (merged 36 vertices).
2025-03-23 23:48:43 INFO  main [WavefrontOBJ] Done with "Mesh007.obj" (took 0 ms)
2025-03-23 23:48:43 INFO  main [WavefrontOBJ] Loading geometry from "Mesh005.obj" ..
2025-03-23 23:48:43 INFO  main [WavefrontOBJ] Mesh005: 12 triangles, 20 vertices (merged 16 vertices).
2025-03-23 23:48:43 INFO  main [WavefrontOBJ] Done with "Mesh005.obj" (took 0 ms)
2025-03-23 23:48:43 INFO  main [WavefrontOBJ] Loading geometry from "Mesh016.obj" ..
2025-03-23 23:48:43 INFO  main [WavefrontOBJ] Mesh016: 120 triangles, 204 vertices (merged 156 vertices).
2025-03-23 23:48:43 INFO  main [WavefrontOBJ] Done with "Mesh016.obj" (took 2 ms)
2025-03-23 23:48:43 INFO  main [WavefrontOBJ] Loading geometry from "Mesh017.obj" ..
2025-03-23 23:48:43 INFO  main [WavefrontOBJ] Mesh017: 20 triangles, 40 vertices (merged 20 vertices).
2025-03-23 23:48:43 INFO  main [WavefrontOBJ] Done with "Mesh017.obj" (took 0 ms)
2025-03-23 23:48:43 INFO  main [WavefrontOBJ] Loading geometry from "Mesh018.obj" ..
2025-03-23 23:48:43 INFO  main [WavefrontOBJ] Mesh018: 2 triangles, 4 vertices (merged 2 vertices).
2025-03-23 23:48:43 INFO  main [WavefrontOBJ] Done with "Mesh018.obj" (took 0 ms)
2025-03-23 23:48:43 INFO  main [WavefrontOBJ] Loading geometry from "Mesh011.obj" ..
2025-03-23 23:48:43 INFO  main [WavefrontOBJ] Mesh011: 32 triangles, 30 vertices (merged 66 vertices).
2025-03-23 23:48:43 INFO  main [WavefrontOBJ] Done with "Mesh011.obj" (took 0 ms)
2025-03-23 23:48:43 INFO  main [PluginManager] Loading plugin "plugins/homogeneous.so" ..
2025-03-23 23:48:43 INFO  main [PluginManager] Loading plugin "plugins/isotropic.so" ..
2025-03-23 23:48:43 INFO  main [WavefrontOBJ] Loading geometry from "Mesh014.obj" ..
2025-03-23 23:48:43 INFO  main [WavefrontOBJ] Mesh014: 36 triangles, 72 vertices (merged 36 vertices).
2025-03-23 23:48:43 INFO  main [WavefrontOBJ] Done with "Mesh014.obj" (took 1 ms)
2025-03-23 23:48:43 INFO  main [WavefrontOBJ] Loading geometry from "Mesh001.obj" ..
2025-03-23 23:48:43 INFO  main [WavefrontOBJ] Mesh001: 924 triangles, 2016 vertices (merged 756 vertices).
2025-03-23 23:48:43 INFO  main [WavefrontOBJ] Done with "Mesh001.obj" (took 19 ms)
2025-03-23 23:48:43 INFO  main [WavefrontOBJ] Loading geometry from "Mesh000.obj" ..
2025-03-23 23:48:43 INFO  main [WavefrontOBJ] Mesh000: 3127 triangles, 2075 vertices (merged 7306 vertices).
2025-03-23 23:48:43 INFO  main [WavefrontOBJ] Done with "Mesh000.obj" (took 51 ms)
2025-03-23 23:48:43 INFO  main [WavefrontOBJ] Loading geometry from "Mesh009.obj" ..
2025-03-23 23:48:43 INFO  main [WavefrontOBJ] Mesh009: 146 triangles, 110 vertices (merged 328 vertices).
2025-03-23 23:48:43 INFO  main [WavefrontOBJ] Done with "Mesh009.obj" (took 2 ms)
2025-03-23 23:48:43 INFO  ren0 [KDTreeBase] Constructing a SAH kd-tree (30963 primitives) ..
2025-03-23 23:48:44 INFO  ren0 [KDTreeBase] Finished -- took 690 ms.
2025-03-23 23:48:44 INFO  ren0 [PMMFocalGuidingIntegrator] Starting preprocess
2025-03-23 23:48:44 INFO  ren0 [octree.h:482] root weight: 8.000e-20 (0.000000)
2025-03-23 23:48:44 INFO  ren0 [octree.h:483] splitting threshold: 8.000e-23 (0.000000)
2025-03-23 23:48:44 INFO  ren0 [octree.h:498] node count: 1 -> 585 -> 585

2025-03-23 23:48:44 INFO  ren0 [octree.h:482] root weight: 4.096e-17 (0.000000)
2025-03-23 23:48:44 INFO  ren0 [octree.h:483] splitting threshold: 4.096e-20 (0.000000)
2025-03-23 23:48:44 INFO  ren0 [octree.h:498] node count: 585 -> 585 -> 585

2025-03-23 23:48:44 INFO  ren0 [octree.h:482] root weight: 8.000e-20 (0.000000)
2025-03-23 23:48:44 INFO  ren0 [octree.h:483] splitting threshold: 8.000e-23 (0.000000)
2025-03-23 23:48:44 INFO  ren0 [octree.h:498] node count: 1 -> 585 -> 585

2025-03-23 23:48:44 INFO  ren0 [octree.h:482] root weight: 4.096e-17 (0.000000)
2025-03-23 23:48:44 INFO  ren0 [octree.h:483] splitting threshold: 4.096e-20 (0.000000)
2025-03-23 23:48:44 INFO  ren0 [octree.h:498] node count: 585 -> 585 -> 585

2025-03-23 23:48:44 INFO  ren0 [PMMFocalGuidingIntegrator] Octree[
AABB: AABB3[min=[-21.7494, -3.70393, -3.09172], max=[7.19249, 11.2965, 6.96201]]
Nodes count: 585
]
2025-03-23 23:48:44 INFO  ren0 [PMMFocalGuidingIntegrator] Octree[
AABB: AABB3[min=[-21.7494, -3.70393, -3.09172], max=[7.19249, 11.2965, 6.96201]]
Nodes count: 585
]
2025-03-23 23:48:44 INFO  ren0 [PMMFocalGuidingIntegrator] GMM[
]
2025-03-23 23:48:44 INFO  ren0 [PMMFocalGuidingIntegrator] Starting training... (8) iterations
2025-03-23 23:48:44 INFO  ren0 [PMMFocalGuidingIntegrator] Rendering 0 iteration
2025-03-23 23:48:44 INFO  ren0 [SamplingIntegrator] Starting render job (1280x720, 4 samples, 8 cores, SSE2 enabled) ..
2025-03-23 23:49:39 INFO  ren0 [PMMFocalGuidingIntegrator] iteration render time: 54.7251s
2025-03-23 23:49:39 INFO  ren0 [PMMFocalGuidingIntegrator] Got 55057 non-zero samples and 0 zero samples
2025-03-23 23:49:39 INFO  ren0 [gaussian_mixture_model.h:518] Start processing batch
2025-03-23 23:49:39 INFO  ren0 [gaussian_mixture_model.h:386] Starting initialization using random value from the first batch
2025-03-23 23:49:39 INFO  ren0 [gaussian_mixture_model.h:399] Initialized using random value from the first batch
2025-03-23 23:49:40 INFO  ren0 [gaussian_mixture_model.h:545] Finish E step
2025-03-23 23:49:43 INFO  ren0 [gaussian_mixture_model.h:194] components before the merge: 10
2025-03-23 23:49:43 INFO  ren0 [gaussian_mixture_model.h:213] components after the merge: 9, merged 1 component
2025-03-23 23:49:43 INFO  ren0 [gaussian_mixture_model.h:231] components after the split: 10, split 1 components
2025-03-23 23:49:43 INFO  ren0 [gaussian_mixture_model.h:557] Finish M step
2025-03-23 23:49:43 INFO  ren0 [octree.h:482] root weight: 1.069e+08 (106909792.000000)
2025-03-23 23:49:43 INFO  ren0 [octree.h:483] splitting threshold: 1.069e+05 (106909.796875)
2025-03-23 23:49:43 INFO  ren0 [octree.h:482] root weight: 1.311e+08 (131102880.000000)
2025-03-23 23:49:43 INFO  ren0 [octree.h:483] splitting threshold: 1.311e+05 (131102.890625)
2025-03-23 23:49:43 INFO  ren0 [octree.h:498] node count: 585 -> 697 -> 511

2025-03-23 23:49:43 INFO  ren0 [octree.h:498] node count: 585 -> 633 -> 373

2025-03-23 23:49:43 INFO  ren0 [PMMFocalGuidingIntegrator] diverge probability: 0.551

2025-03-23 23:49:43 INFO  ren0 [PMMFocalGuidingIntegrator] iteration postprocessing time: 3.6498s
2025-03-23 23:49:43 INFO  ren0 [PMMFocalGuidingIntegrator] GMM[
weight = 0.0399706 mean = [3.73675 3.67628 -0.723165] covariance = [[2.18432 -0.0365397 -0.270209][-0.0365397 2.22255 -0.115673][-0.270209 -0.115673 1.19101]]
weight = 0.0399706 mean = [4.35541 5.66098 -1.1038] covariance = [[2.18432 -0.0365397 -0.270209][-0.0365397 2.22255 -0.115673][-0.270209 -0.115673 1.19101]]
weight = 0.147852 mean = [5.51697 1.47581 2.46749] covariance = [[1.36629 0.323698 0.221502][0.323698 3.37024 -0.317189][0.221502 -0.317189 4.89272]]
weight = 0.0535931 mean = [-5.2856 -0.584289 2.37187] covariance = [[5.11088 2.10369 -0.111291][2.10369 4.17797 1.9301][-0.111291 1.9301 8.33749]]
weight = 0.110216 mean = [3.52047 1.14425 -2.00813] covariance = [[2.00389 -0.00546418 -0.0173687][-0.00546418 1.53658 -0.523344][-0.0173687 -0.523344 1.15641]]
weight = 0.140523 mean = [-8.45563 4.28967 1.09827] covariance = [[14.0868 1.653 0.870578][1.653 11.9739 -1.11773][0.870578 -1.11773 9.39161]]
weight = 0.10133 mean = [2.73749 5.17445 3.39271] covariance = [[5.44965 -1.9048 0.919223][-1.9048 4.61003 0.20178][0.919223 0.20178 3.78714]]
weight = 0.077198 mean = [1.18678 -0.744133 3.37887] covariance = [[4.99102 -0.484853 0.569703][-0.484853 2.63724 -0.556898][0.569703 -0.556898 3.75454]]
weight = 0.0576676 mean = [0.747179 -1.29027 -1.25072] covariance = [[5.87706 -0.39481 -0.359681][-0.39481 1.719 0.410245][-0.359681 0.410245 3.44138]]
weight = 0.231679 mean = [-1.26162 4.0682 -1.36055] covariance = [[6.04767 -2.11489 -1.18912][-2.11489 7.30075 0.647674][-1.18912 0.647674 2.42275]]
]
2025-03-23 23:49:43 INFO  ren0 [PMMFocalGuidingIntegrator] Octree[
AABB: AABB3[min=[-21.7494, -3.70393, -3.09172], max=[7.19249, 11.2965, 6.96201]]
Nodes count: 511
]
2025-03-23 23:49:43 INFO  ren0 [PMMFocalGuidingIntegrator] Octree[
AABB: AABB3[min=[-21.7494, -3.70393, -3.09172], max=[7.19249, 11.2965, 6.96201]]
Nodes count: 373
]
2025-03-23 23:49:43 INFO  ren0 [PMMFocalGuidingIntegrator] Rendering 1 iteration
2025-03-23 23:49:43 INFO  ren0 [SamplingIntegrator] Starting render job (1280x720, 4 samples, 8 cores, SSE2 enabled) ..
2025-03-23 23:50:55 INFO  ren0 [PMMFocalGuidingIntegrator] iteration render time: 1.2042m
2025-03-23 23:50:55 INFO  ren0 [PMMFocalGuidingIntegrator] Got 69004 non-zero samples and 0 zero samples
2025-03-23 23:50:55 INFO  ren0 [gaussian_mixture_model.h:518] Start processing batch
2025-03-23 23:50:57 INFO  ren0 [gaussian_mixture_model.h:545] Finish E step
2025-03-23 23:50:59 INFO  ren0 [gaussian_mixture_model.h:194] components before the merge: 10
2025-03-23 23:50:59 INFO  ren0 [gaussian_mixture_model.h:213] components after the merge: 7, merged 3 component
2025-03-23 23:50:59 INFO  ren0 [gaussian_mixture_model.h:231] components after the split: 8, split 1 components
2025-03-23 23:50:59 INFO  ren0 [gaussian_mixture_model.h:557] Finish M step
2025-03-23 23:50:59 INFO  ren0 [octree.h:482] root weight: 8.466e+07 (84657776.000000)
2025-03-23 23:50:59 INFO  ren0 [octree.h:483] splitting threshold: 8.466e+04 (84657.781250)
2025-03-23 23:50:59 INFO  ren0 [octree.h:482] root weight: 9.703e+07 (97034088.000000)
2025-03-23 23:50:59 INFO  ren0 [octree.h:483] splitting threshold: 9.703e+04 (97034.093750)
2025-03-23 23:50:59 INFO  ren0 [octree.h:498] node count: 511 -> 534 -> 516

2025-03-23 23:50:59 INFO  ren0 [octree.h:498] node count: 373 -> 385 -> 373

2025-03-23 23:50:59 INFO  ren0 [PMMFocalGuidingIntegrator] diverge probability: 0.534

2025-03-23 23:50:59 INFO  ren0 [PMMFocalGuidingIntegrator] iteration postprocessing time: 4.4368s
2025-03-23 23:50:59 INFO  ren0 [PMMFocalGuidingIntegrator] GMM[
weight = 0.126743 mean = [-2.19887 4.93366 -1.13333] covariance = [[4.36332 0.183362 -0.390729][0.183362 4.35799 0.0318177][-0.390729 0.0318177 1.98735]]
weight = 0.077376 mean = [3.96262 4.45355 -0.794982] covariance = [[2.63448 0.343458 -0.434422][0.343458 3.84161 -0.366804][-0.434422 -0.366804 1.34432]]
weight = 0.0476605 mean = [-4.99465 -0.468347 1.88211] covariance = [[5.51678 1.84343 -0.10196][1.84343 3.54873 0.674404][-0.10196 0.674404 7.13149]]
weight = 0.126054 mean = [3.12434 1.11824 -2.03448] covariance = [[2.24393 -0.122348 0.18694][-0.122348 1.1764 -0.284964][0.18694 -0.284964 0.890918]]
weight = 0.132201 mean = [-8.08844 4.08307 1.18501] covariance = [[16.5187 2.53502 -0.627033][2.53502 12.5627 -0.291001][-0.627033 -0.291001 7.49515]]
weight = 0.239076 mean = [4.41591 2.88161 2.72055] covariance = [[4.8371 -2.74602 0.113][-2.74602 6.76632 0.586945][0.113 0.586945 4.73499]]
weight = 0.124146 mean = [0.936613 -0.782403 1.41996] covariance = [[6.24945 -0.561729 0.387108][-0.561729 2.64828 0.0603031][0.387108 0.0603031 6.84983]]
weight = 0.126743 mean = [-0.379014 2.69939 -1.48465] covariance = [[4.36332 0.183362 -0.390729][0.183362 4.35799 0.0318177][-0.390729 0.0318177 1.98735]]
]
2025-03-23 23:50:59 INFO  ren0 [PMMFocalGuidingIntegrator] Octree[
AABB: AABB3[min=[-21.7494, -3.70393, -3.09172], max=[7.19249, 11.2965, 6.96201]]
Nodes count: 516
]
2025-03-23 23:50:59 INFO  ren0 [PMMFocalGuidingIntegrator] Octree[
AABB: AABB3[min=[-21.7494, -3.70393, -3.09172], max=[7.19249, 11.2965, 6.96201]]
Nodes count: 373
]
2025-03-23 23:50:59 INFO  ren0 [PMMFocalGuidingIntegrator] Rendering 2 iteration
2025-03-23 23:50:59 INFO  ren0 [SamplingIntegrator] Starting render job (1280x720, 4 samples, 8 cores, SSE2 enabled) ..
2025-03-23 23:52:08 INFO  ren0 [PMMFocalGuidingIntegrator] iteration render time: 1.1407m
2025-03-23 23:52:08 INFO  ren0 [PMMFocalGuidingIntegrator] Got 84052 non-zero samples and 0 zero samples
2025-03-23 23:52:08 INFO  ren0 [gaussian_mixture_model.h:518] Start processing batch
2025-03-23 23:52:09 INFO  ren0 [gaussian_mixture_model.h:545] Finish E step
2025-03-23 23:52:12 INFO  ren0 [gaussian_mixture_model.h:194] components before the merge: 8
2025-03-23 23:52:12 INFO  ren0 [gaussian_mixture_model.h:213] components after the merge: 6, merged 2 component
2025-03-23 23:52:12 INFO  ren0 [gaussian_mixture_model.h:231] components after the split: 6, split 0 components
2025-03-23 23:52:12 INFO  ren0 [gaussian_mixture_model.h:557] Finish M step
2025-03-23 23:52:12 INFO  ren0 [octree.h:482] root weight: 7.660e+07 (76602984.000000)
2025-03-23 23:52:12 INFO  ren0 [octree.h:483] splitting threshold: 7.660e+04 (76602.984375)
2025-03-23 23:52:12 INFO  ren0 [octree.h:482] root weight: 8.221e+07 (82213128.000000)
2025-03-23 23:52:12 INFO  ren0 [octree.h:483] splitting threshold: 8.221e+04 (82213.132812)
2025-03-23 23:52:12 INFO  ren0 [octree.h:498] node count: 516 -> 539 -> 504

2025-03-23 23:52:12 INFO  ren0 [octree.h:498] node count: 373 -> 388 -> 371

2025-03-23 23:52:12 INFO  ren0 [PMMFocalGuidingIntegrator] diverge probability: 0.518

2025-03-23 23:52:12 INFO  ren0 [PMMFocalGuidingIntegrator] iteration postprocessing time: 4.1650s
2025-03-23 23:52:12 INFO  ren0 [PMMFocalGuidingIntegrator] GMM[
weight = 0.0443104 mean = [-4.845 -0.398572 1.77126] covariance = [[5.77198 1.65602 0.0937393][1.65602 3.38873 0.301098][0.0937393 0.301098 6.69471]]
weight = 0.151104 mean = [2.90317 1.15456 -2.14903] covariance = [[2.17921 -0.233441 0.289669][-0.233441 0.978881 -0.189512][0.289669 -0.189512 0.754443]]
weight = 0.129483 mean = [-7.69292 4.27042 1.23583] covariance = [[18.1478 3.64358 -0.785371][3.64358 13.3537 -0.204942][-0.785371 -0.204942 7.0691]]
weight = 0.305757 mean = [4.33899 3.16225 1.74387] covariance = [[3.87727 -1.59131 0.400612][-1.59131 6.05756 -0.671055][0.400612 -0.671055 6.11886]]
weight = 0.120097 mean = [0.993673 -0.717379 1.45259] covariance = [[6.66275 -0.64532 0.164504][-0.64532 2.72538 -0.16091][0.164504 -0.16091 6.19378]]
weight = 0.249249 mean = [-1.32184 3.69034 -1.31637] covariance = [[5.61445 -1.13942 -0.371539][-1.13942 5.74152 0.240314][-0.371539 0.240314 1.93536]]
]
2025-03-23 23:52:12 INFO  ren0 [PMMFocalGuidingIntegrator] Octree[
AABB: AABB3[min=[-21.7494, -3.70393, -3.09172], max=[7.19249, 11.2965, 6.96201]]
Nodes count: 504
]
2025-03-23 23:52:12 INFO  ren0 [PMMFocalGuidingIntegrator] Octree[
AABB: AABB3[min=[-21.7494, -3.70393, -3.09172], max=[7.19249, 11.2965, 6.96201]]
Nodes count: 371
]
2025-03-23 23:52:12 INFO  ren0 [PMMFocalGuidingIntegrator] Rendering 3 iteration
2025-03-23 23:52:12 INFO  ren0 [SamplingIntegrator] Starting render job (1280x720, 4 samples, 8 cores, SSE2 enabled) ..
2025-03-23 23:53:21 INFO  ren0 [PMMFocalGuidingIntegrator] iteration render time: 1.1487m
2025-03-23 23:53:21 INFO  ren0 [PMMFocalGuidingIntegrator] Got 100806 non-zero samples and 0 zero samples
2025-03-23 23:53:21 INFO  ren0 [gaussian_mixture_model.h:518] Start processing batch
2025-03-23 23:53:23 INFO  ren0 [gaussian_mixture_model.h:545] Finish E step
2025-03-23 23:53:25 INFO  ren0 [gaussian_mixture_model.h:194] components before the merge: 6
2025-03-23 23:53:25 INFO  ren0 [gaussian_mixture_model.h:213] components after the merge: 5, merged 1 component
2025-03-23 23:53:25 INFO  ren0 [gaussian_mixture_model.h:231] components after the split: 6, split 1 components
2025-03-23 23:53:25 INFO  ren0 [gaussian_mixture_model.h:557] Finish M step
2025-03-23 23:53:25 INFO  ren0 [octree.h:482] root weight: 7.652e+07 (76515240.000000)
2025-03-23 23:53:25 INFO  ren0 [octree.h:483] splitting threshold: 7.652e+04 (76515.242188)
2025-03-23 23:53:25 INFO  ren0 [octree.h:482] root weight: 7.802e+07 (78018944.000000)
2025-03-23 23:53:25 INFO  ren0 [octree.h:483] splitting threshold: 7.802e+04 (78018.945312)
2025-03-23 23:53:25 INFO  ren0 [octree.h:498] node count: 504 -> 539 -> 521

2025-03-23 23:53:25 INFO  ren0 [octree.h:498] node count: 371 -> 384 -> 367

2025-03-23 23:53:25 INFO  ren0 [PMMFocalGuidingIntegrator] diverge probability: 0.505

2025-03-23 23:53:25 INFO  ren0 [PMMFocalGuidingIntegrator] iteration postprocessing time: 3.7535s
2025-03-23 23:53:25 INFO  ren0 [PMMFocalGuidingIntegrator] GMM[
weight = 0.0787538 mean = [-2.34816 -0.507729 1.56673] covariance = [[6.57951 -0.167896 -0.0312438][-0.167896 2.93533 -0.189831][-0.0312438 -0.189831 5.94629]]
weight = 0.176589 mean = [2.68868 1.21296 -2.25915] covariance = [[2.02116 -0.342643 0.318558][-0.342643 0.844416 -0.144303][0.318558 -0.144303 0.649354]]
weight = 0.125273 mean = [-7.36369 4.40106 1.30134] covariance = [[19.7888 4.2758 -0.724759][4.2758 13.5439 -0.118352][-0.724759 -0.118352 6.91986]]
weight = 0.293722 mean = [4.36339 3.08891 1.65451] covariance = [[3.57262 -1.32373 0.548238][-1.32373 5.8425 -0.812538][0.548238 -0.812538 6.1899]]
weight = 0.0787538 mean = [1.2759 -0.667596 1.43758] covariance = [[6.57951 -0.167896 -0.0312438][-0.167896 2.93533 -0.189831][-0.0312438 -0.189831 5.94629]]
weight = 0.246909 mean = [-1.31505 3.57967 -1.33247] covariance = [[6.01051 -1.37296 -0.180712][-1.37296 5.60062 0.154483][-0.180712 0.154483 1.85462]]
]
2025-03-23 23:53:25 INFO  ren0 [PMMFocalGuidingIntegrator] Octree[
AABB: AABB3[min=[-21.7494, -3.70393, -3.09172], max=[7.19249, 11.2965, 6.96201]]
Nodes count: 521
]
2025-03-23 23:53:25 INFO  ren0 [PMMFocalGuidingIntegrator] Octree[
AABB: AABB3[min=[-21.7494, -3.70393, -3.09172], max=[7.19249, 11.2965, 6.96201]]
Nodes count: 367
]
2025-03-23 23:53:25 INFO  ren0 [PMMFocalGuidingIntegrator] Rendering 4 iteration
2025-03-23 23:53:25 INFO  ren0 [SamplingIntegrator] Starting render job (1280x720, 4 samples, 8 cores, SSE2 enabled) ..
2025-03-23 23:54:36 INFO  ren0 [PMMFocalGuidingIntegrator] iteration render time: 1.1893m
2025-03-23 23:54:36 INFO  ren0 [PMMFocalGuidingIntegrator] Got 120101 non-zero samples and 0 zero samples
2025-03-23 23:54:36 INFO  ren0 [gaussian_mixture_model.h:518] Start processing batch
2025-03-23 23:54:38 INFO  ren0 [gaussian_mixture_model.h:545] Finish E step
2025-03-23 23:54:41 INFO  ren0 [gaussian_mixture_model.h:194] components before the merge: 6
2025-03-23 23:54:41 INFO  ren0 [gaussian_mixture_model.h:213] components after the merge: 5, merged 1 component
2025-03-23 23:54:41 INFO  ren0 [gaussian_mixture_model.h:231] components after the split: 7, split 2 components
2025-03-23 23:54:41 INFO  ren0 [gaussian_mixture_model.h:557] Finish M step
2025-03-23 23:54:41 INFO  ren0 [octree.h:482] root weight: 8.344e+07 (83443200.000000)
2025-03-23 23:54:41 INFO  ren0 [octree.h:483] splitting threshold: 8.344e+04 (83443.203125)
2025-03-23 23:54:41 INFO  ren0 [octree.h:482] root weight: 7.659e+07 (76589960.000000)
2025-03-23 23:54:41 INFO  ren0 [octree.h:483] splitting threshold: 7.659e+04 (76589.960938)
2025-03-23 23:54:41 INFO  ren0 [octree.h:498] node count: 521 -> 564 -> 548

2025-03-23 23:54:41 INFO  ren0 [octree.h:498] node count: 367 -> 372 -> 362

2025-03-23 23:54:41 INFO  ren0 [PMMFocalGuidingIntegrator] diverge probability: 0.479

2025-03-23 23:54:41 INFO  ren0 [PMMFocalGuidingIntegrator] iteration postprocessing time: 5.0374s
2025-03-23 23:54:41 INFO  ren0 [PMMFocalGuidingIntegrator] GMM[
weight = 0.101845 mean = [1.84452 1.49899 -2.51374] covariance = [[0.983704 -0.135398 0.104994][-0.135398 0.636564 -0.0467388][0.104994 -0.0467388 0.510755]]
weight = 0.121413 mean = [-2.38153 4.32915 -1.32572] covariance = [[3.92392 0.192585 0.0225258][0.192585 4.0362 0.0505963][0.0225258 0.0505963 1.80057]]
weight = 0.101845 mean = [3.18612 1.03074 -2.21437] covariance = [[0.983704 -0.135398 0.104994][-0.135398 0.636564 -0.0467388][0.104994 -0.0467388 0.510755]]
weight = 0.122815 mean = [-7.11287 4.40335 1.37022] covariance = [[20.8859 4.75846 -0.66075][4.75846 13.9571 -0.17732][-0.66075 -0.17732 6.79367]]
weight = 0.283314 mean = [4.38391 2.99884 1.5858] covariance = [[3.36676 -1.14312 0.619728][-1.14312 5.68491 -0.841967][0.619728 -0.841967 6.16004]]
weight = 0.147355 mean = [-0.47248 -0.51724 1.45933] covariance = [[10.763 -0.435842 -0.264823][-0.435842 2.98135 -0.26488][-0.264823 -0.26488 5.69275]]
weight = 0.121413 mean = [-0.180825 2.68123 -1.3428] covariance = [[3.92392 0.192585 0.0225258][0.192585 4.0362 0.0505963][0.0225258 0.0505963 1.80057]]
]
2025-03-23 23:54:41 INFO  ren0 [PMMFocalGuidingIntegrator] Octree[
AABB: AABB3[min=[-21.7494, -3.70393, -3.09172], max=[7.19249, 11.2965, 6.96201]]
Nodes count: 548
]
2025-03-23 23:54:41 INFO  ren0 [PMMFocalGuidingIntegrator] Octree[
AABB: AABB3[min=[-21.7494, -3.70393, -3.09172], max=[7.19249, 11.2965, 6.96201]]
Nodes count: 362
]
2025-03-23 23:54:41 INFO  ren0 [PMMFocalGuidingIntegrator] Rendering 5 iteration
2025-03-23 23:54:41 INFO  ren0 [SamplingIntegrator] Starting render job (1280x720, 4 samples, 8 cores, SSE2 enabled) ..
2025-03-23 23:55:57 INFO  ren0 [PMMFocalGuidingIntegrator] iteration render time: 1.2754m
2025-03-23 23:55:58 INFO  ren0 [PMMFocalGuidingIntegrator] Got 143847 non-zero samples and 0 zero samples
2025-03-23 23:55:58 INFO  ren0 [gaussian_mixture_model.h:518] Start processing batch
2025-03-23 23:56:00 INFO  ren0 [gaussian_mixture_model.h:545] Finish E step
2025-03-23 23:56:04 INFO  ren0 [gaussian_mixture_model.h:194] components before the merge: 7
2025-03-23 23:56:04 INFO  ren0 [gaussian_mixture_model.h:213] components after the merge: 5, merged 2 component
2025-03-23 23:56:04 INFO  ren0 [gaussian_mixture_model.h:231] components after the split: 5, split 0 components
2025-03-23 23:56:04 INFO  ren0 [gaussian_mixture_model.h:557] Finish M step
2025-03-23 23:56:04 INFO  ren0 [octree.h:482] root weight: 9.596e+07 (95961616.000000)
2025-03-23 23:56:04 INFO  ren0 [octree.h:483] splitting threshold: 9.596e+04 (95961.617188)
2025-03-23 23:56:04 INFO  ren0 [octree.h:482] root weight: 8.516e+07 (85158512.000000)
2025-03-23 23:56:04 INFO  ren0 [octree.h:483] splitting threshold: 8.516e+04 (85158.515625)
2025-03-23 23:56:04 INFO  ren0 [octree.h:498] node count: 548 -> 566 -> 556

2025-03-23 23:56:04 INFO  ren0 [octree.h:498] node count: 362 -> 368 -> 357

2025-03-23 23:56:04 INFO  ren0 [PMMFocalGuidingIntegrator] diverge probability: 0.470

2025-03-23 23:56:04 INFO  ren0 [PMMFocalGuidingIntegrator] iteration postprocessing time: 6.4601s
2025-03-23 23:56:04 INFO  ren0 [PMMFocalGuidingIntegrator] GMM[
weight = 0.225249 mean = [2.38613 1.30052 -2.45464] covariance = [[1.39391 -0.390661 0.198547][-0.390661 0.626265 -0.0673928][0.198547 -0.0673928 0.458026]]
weight = 0.120609 mean = [-6.85314 4.5055 1.34946] covariance = [[21.6708 5.02153 -0.636725][5.02153 14.1475 -0.349262][-0.636725 -0.349262 6.74191]]
weight = 0.275072 mean = [4.4074 2.90431 1.49116] covariance = [[3.19043 -0.996638 0.592617][-0.996638 5.55078 -0.748304][0.592617 -0.748304 6.13326]]
weight = 0.141238 mean = [-0.396465 -0.484121 1.38753] covariance = [[11.3763 -0.522016 -0.445577][-0.522016 2.98689 -0.271935][-0.445577 -0.271935 5.5594]]
weight = 0.237832 mean = [-1.26526 3.44973 -1.35074] covariance = [[5.52542 -1.03483 0.18327][-1.03483 4.59868 -0.0137404][0.18327 -0.0137404 1.78548]]
]
2025-03-23 23:56:04 INFO  ren0 [PMMFocalGuidingIntegrator] Octree[
AABB: AABB3[min=[-21.7494, -3.70393, -3.09172], max=[7.19249, 11.2965, 6.96201]]
Nodes count: 556
]
2025-03-23 23:56:04 INFO  ren0 [PMMFocalGuidingIntegrator] Octree[
AABB: AABB3[min=[-21.7494, -3.70393, -3.09172], max=[7.19249, 11.2965, 6.96201]]
Nodes count: 357
]
2025-03-23 23:56:04 INFO  ren0 [PMMFocalGuidingIntegrator] Rendering 6 iteration
2025-03-23 23:56:04 INFO  ren0 [SamplingIntegrator] Starting render job (1280x720, 4 samples, 8 cores, SSE2 enabled) ..
2025-03-23 23:57:22 INFO  ren0 [PMMFocalGuidingIntegrator] iteration render time: 1.3017m
2025-03-23 23:57:22 INFO  ren0 [PMMFocalGuidingIntegrator] Got 169453 non-zero samples and 0 zero samples
2025-03-23 23:57:22 INFO  ren0 [gaussian_mixture_model.h:518] Start processing batch
2025-03-23 23:57:24 INFO  ren0 [gaussian_mixture_model.h:545] Finish E step
2025-03-23 23:57:27 INFO  ren0 [gaussian_mixture_model.h:194] components before the merge: 5
2025-03-23 23:57:27 INFO  ren0 [gaussian_mixture_model.h:213] components after the merge: 3, merged 2 component
2025-03-23 23:57:27 INFO  ren0 [gaussian_mixture_model.h:231] components after the split: 4, split 1 components
2025-03-23 23:57:27 INFO  ren0 [gaussian_mixture_model.h:557] Finish M step
2025-03-23 23:57:27 INFO  ren0 [octree.h:482] root weight: 1.117e+08 (111710992.000000)
2025-03-23 23:57:27 INFO  ren0 [octree.h:483] splitting threshold: 1.117e+05 (111711.000000)
2025-03-23 23:57:27 INFO  ren0 [octree.h:482] root weight: 9.095e+07 (90952040.000000)
2025-03-23 23:57:27 INFO  ren0 [octree.h:483] splitting threshold: 9.095e+04 (90952.046875)
2025-03-23 23:57:27 INFO  ren0 [octree.h:498] node count: 556 -> 570 -> 555

2025-03-23 23:57:27 INFO  ren0 [octree.h:498] node count: 357 -> 359 -> 350

2025-03-23 23:57:27 INFO  ren0 [PMMFocalGuidingIntegrator] diverge probability: 0.449

2025-03-23 23:57:27 INFO  ren0 [PMMFocalGuidingIntegrator] iteration postprocessing time: 5.3306s
2025-03-23 23:57:27 INFO  ren0 [PMMFocalGuidingIntegrator] GMM[
weight = 0.124483 mean = [1.70224 1.60476 -2.62599] covariance = [[0.728763 -0.177362 0.0712624][-0.177362 0.439984 -0.00974281][0.0712624 -0.00974281 0.365116]]
weight = 0.124483 mean = [2.85216 1.06793 -2.43575] covariance = [[0.728763 -0.177362 0.0712624][-0.177362 0.439984 -0.00974281][0.0712624 -0.00974281 0.365116]]
weight = 0.265401 mean = [4.40318 2.83798 1.42641] covariance = [[3.06243 -0.867352 0.607742][-0.867352 5.38583 -0.675334][0.607742 -0.675334 6.1051]]
weight = 0.485633 mean = [-2.27567 2.60797 0.0528123] covariance = [[17.5377 -2.87958 -1.50559][-2.87958 10.2731 -1.24437][-1.50559 -1.24437 5.77425]]
]
2025-03-23 23:57:27 INFO  ren0 [PMMFocalGuidingIntegrator] Octree[
AABB: AABB3[min=[-21.7494, -3.70393, -3.09172], max=[7.19249, 11.2965, 6.96201]]
Nodes count: 555
]
2025-03-23 23:57:27 INFO  ren0 [PMMFocalGuidingIntegrator] Octree[
AABB: AABB3[min=[-21.7494, -3.70393, -3.09172], max=[7.19249, 11.2965, 6.96201]]
Nodes count: 350
]
2025-03-23 23:57:27 INFO  ren0 [PMMFocalGuidingIntegrator] Rendering 7 iteration
2025-03-23 23:57:27 INFO  ren0 [SamplingIntegrator] Starting render job (1280x720, 4 samples, 8 cores, SSE2 enabled) ..
2025-03-23 23:58:49 INFO  ren0 [PMMFocalGuidingIntegrator] iteration render time: 1.3665m
2025-03-23 23:58:50 INFO  ren0 [PMMFocalGuidingIntegrator] Got 200449 non-zero samples and 0 zero samples
2025-03-23 23:58:50 INFO  ren0 [gaussian_mixture_model.h:518] Start processing batch
2025-03-23 23:58:52 INFO  ren0 [gaussian_mixture_model.h:545] Finish E step
2025-03-23 23:58:55 INFO  ren0 [gaussian_mixture_model.h:194] components before the merge: 4
2025-03-23 23:58:55 INFO  ren0 [gaussian_mixture_model.h:213] components after the merge: 3, merged 1 component
2025-03-23 23:58:55 INFO  ren0 [gaussian_mixture_model.h:231] components after the split: 4, split 1 components
2025-03-23 23:58:55 INFO  ren0 [gaussian_mixture_model.h:557] Finish M step
2025-03-23 23:58:55 INFO  ren0 [octree.h:482] root weight: 1.270e+08 (126976440.000000)
2025-03-23 23:58:55 INFO  ren0 [octree.h:483] splitting threshold: 1.270e+05 (126976.445312)
2025-03-23 23:58:55 INFO  ren0 [octree.h:482] root weight: 1.054e+08 (105439960.000000)
2025-03-23 23:58:55 INFO  ren0 [octree.h:483] splitting threshold: 1.054e+05 (105439.968750)
2025-03-23 23:58:55 INFO  ren0 [octree.h:498] node count: 555 -> 570 -> 561

2025-03-23 23:58:55 INFO  ren0 [octree.h:498] node count: 350 -> 356 -> 345

2025-03-23 23:58:55 INFO  ren0 [PMMFocalGuidingIntegrator] diverge probability: 0.454

2025-03-23 23:58:55 INFO  ren0 [PMMFocalGuidingIntegrator] iteration postprocessing time: 5.1768s
2025-03-23 23:58:55 INFO  ren0 [PMMFocalGuidingIntegrator] GMM[
weight = 0.136545 mean = [1.64446 1.63819 -2.64901] covariance = [[0.613401 -0.172825 0.0455979][-0.172825 0.366526 -1.98389e-06][0.0455979 -1.98389e-06 0.30919]]
weight = 0.136545 mean = [2.69859 1.10231 -2.52802] covariance = [[0.613401 -0.172825 0.0455979][-0.172825 0.366526 -1.98389e-06][0.0455979 -1.98389e-06 0.30919]]
weight = 0.253901 mean = [4.37231 2.7134 1.41258] covariance = [[2.99439 -0.736988 0.730717][-0.736988 5.42549 -0.586774][0.730717 -0.586774 6.16471]]
weight = 0.473009 mean = [-2.13646 2.62594 0.020999] covariance = [[17.941 -2.83355 -1.54506][-2.83355 10.0577 -1.17718][-1.54506 -1.17718 5.58761]]
]
2025-03-23 23:58:55 INFO  ren0 [PMMFocalGuidingIntegrator] Octree[
AABB: AABB3[min=[-21.7494, -3.70393, -3.09172], max=[7.19249, 11.2965, 6.96201]]
Nodes count: 561
]
2025-03-23 23:58:55 INFO  ren0 [PMMFocalGuidingIntegrator] Octree[
AABB: AABB3[min=[-21.7494, -3.70393, -3.09172], max=[7.19249, 11.2965, 6.96201]]
Nodes count: 345
]
2025-03-23 23:58:55 INFO  ren0 [PMMFocalGuidingIntegrator] Finished training phase. Starting real rendering.
2025-03-23 23:58:55 INFO  ren0 [PMMFocalGuidingIntegrator] Starting render job (1280x720, 256 samples, 8 cores, SSE2 enabled) ..
2025-03-24 01:22:48 INFO  ren0 [PMMFocalGuidingIntegrator] Remaining rendering time: 1280
2025-03-24 01:22:48 INFO  ren0 [PMMFocalGuidingIntegrator] rendered 256 samples per pixel in 1.3982h.
2025-03-24 01:22:48 INFO  ren0 [RenderJob] Render time: 1.5679h
2025-03-24 01:22:48 INFO  ren0 [PMMFocalGuidingIntegrator] iteration render time: 1.3982h
2025-03-24 01:22:48 INFO  ren0 [PMMFocalGuidingIntegrator] GMM[
weight = 0.136545 mean = [1.64446 1.63819 -2.64901] covariance = [[0.613401 -0.172825 0.0455979][-0.172825 0.366526 -1.98389e-06][0.0455979 -1.98389e-06 0.30919]]
weight = 0.136545 mean = [2.69859 1.10231 -2.52802] covariance = [[0.613401 -0.172825 0.0455979][-0.172825 0.366526 -1.98389e-06][0.0455979 -1.98389e-06 0.30919]]
weight = 0.253901 mean = [4.37231 2.7134 1.41258] covariance = [[2.99439 -0.736988 0.730717][-0.736988 5.42549 -0.586774][0.730717 -0.586774 6.16471]]
weight = 0.473009 mean = [-2.13646 2.62594 0.020999] covariance = [[17.941 -2.83355 -1.54506][-2.83355 10.0577 -1.17718][-1.54506 -1.17718 5.58761]]
]
2025-03-24 01:22:48 INFO  ren0 [PMMFocalGuidingIntegrator] Octree[
AABB: AABB3[min=[-21.7494, -3.70393, -3.09172], max=[7.19249, 11.2965, 6.96201]]
Nodes: [
Node[
Index: 1	AABB: AABB3[min=[-21.7494, -3.70393, -3.09172], max=[-7.27848, 3.79629, 1.93515]]	DensityTimesVolume: 9.4797e-06 (9.48e-06)
Index: 51	AABB: AABB3[min=[-7.27848, -3.70393, -3.09172], max=[7.19249, 3.79629, 1.93515]]	DensityTimesVolume: 0.00133 (0.00133)
Index: 83	AABB: AABB3[min=[-21.7494, 3.79629, -3.09172], max=[-7.27848, 11.2965, 1.93515]]	DensityTimesVolume: 9.27e-06 (9.27e-06)
Index: 125	AABB: AABB3[min=[-7.27848, 3.79629, -3.09172], max=[7.19249, 11.2965, 1.93515]]	DensityTimesVolume: 0.000304 (0.000304)
Index: 0	AABB: AABB3[min=[-21.7494, -3.70393, 1.93515], max=[-7.27848, 3.79629, 6.96201]]	DensityTimesVolume: 1.59e-06 (1.59e-06)
Index: 204	AABB: AABB3[min=[-7.27848, -3.70393, 1.93515], max=[7.19249, 3.79629, 6.96201]]	DensityTimesVolume: 0.000122 (0.000122)
Index: 0	AABB: AABB3[min=[-21.7494, 3.79629, 1.93515], max=[-7.27848, 11.2965, 6.96201]]	DensityTimesVolume: 6.17e-07 (6.17e-07)
Index: 298	AABB: AABB3[min=[-7.27848, 3.79629, 1.93515], max=[7.19249, 11.2965, 6.96201]]	DensityTimesVolume: 5.79e-05 (5.79e-05)
]
Node[
Index: 0	AABB: AABB3[min=[-21.7494, -3.70393, -3.09172], max=[-14.514, 0.0461818, -0.578286]]	DensityTimesVolume: 1.15478e-30 (1.15e-30)
Index: 0	AABB: AABB3[min=[-14.514, -3.70393, -3.09172], max=[-7.27848, 0.0461818, -0.578286]]	DensityTimesVolume: 3.02e-06 (3.02e-06)
Index: 0	AABB: AABB3[min=[-21.7494, 0.0461818, -3.09172], max=[-14.514, 3.79629, -0.578286]]	DensityTimesVolume: 1.15e-30 (1.15e-30)
Index: 26	AABB: AABB3[min=[-14.514, 0.0461818, -3.09172], max=[-7.27848, 3.79629, -0.578286]]	DensityTimesVolume: 4.94e-05 (4.94e-05)
Index: 0	AABB: AABB3[min=[-21.7494, -3.70393, -0.578286], max=[-14.514, 0.0461818, 1.93515]]	DensityTimesVolume: 1.15e-30 (1.15e-30)
