2025-05-21 00:25:19 INFO  main [mitsuba.cpp:274] Mitsuba version 0.6.0 (Linux, 64 bit), Copyright (c) 2017 Wenzel Jakob
2025-05-21 00:25:19 INFO  main [mitsuba.cpp:377] Parsing scene description from "scene/modern-hall/modern-hall.xml" ..
2025-05-21 00:25:19 INFO  main [scenehandler.cpp:675] In file "/mitsuba/scene/modern-hall/modern-hall.xml" (near line 20): Parsing included file "pmm_focal_recursive.xml" ..
2025-05-21 00:25:19 INFO  main [PluginManager] Loading plugin "plugins/pmm_focal_recursive.so" ..
2025-05-21 00:25:19 INFO  main [octree.h:534] root weight: 8.000e-20 (0.000000)
2025-05-21 00:25:19 INFO  main [octree.h:535] splitting threshold: 8.000e-23 (0.000000)
2025-05-21 00:25:19 INFO  main [octree.h:550] node count: 1 -> 585 -> 585

2025-05-21 00:25:19 INFO  main [octree.h:534] root weight: 8.000e-20 (0.000000)
2025-05-21 00:25:19 INFO  main [octree.h:535] splitting threshold: 8.000e-23 (0.000000)
2025-05-21 00:25:19 INFO  main [octree.h:550] node count: 1 -> 585 -> 585

2025-05-21 00:25:19 INFO  main [MIFocalGuidingPathTracer] Final render will have 32 spp, m_budget will not be taken into account.
2025-05-21 00:25:19 INFO  main [MIFocalGuidingPathTracer] budget: 1800
2025-05-21 00:25:19 INFO  main [MIFocalGuidingPathTracer] dumpPrimaryRays: false
2025-05-21 00:25:19 INFO  main [MIFocalGuidingPathTracer] dumpScene: false
2025-05-21 00:25:19 INFO  main [MIFocalGuidingPathTracer] finalSpp: 32
2025-05-21 00:25:19 INFO  main [MIFocalGuidingPathTracer] gmm.alpha: 0.4
2025-05-21 00:25:19 INFO  main [MIFocalGuidingPathTracer] gmm.initMethod: KMeans
2025-05-21 00:25:19 INFO  main [MIFocalGuidingPathTracer] gmm.maxNumComp: 10
2025-05-21 00:25:19 INFO  main [MIFocalGuidingPathTracer] gmm.mergingThreshold: 0.65
2025-05-21 00:25:19 INFO  main [MIFocalGuidingPathTracer] gmm.minNumComp: 3
2025-05-21 00:25:19 INFO  main [MIFocalGuidingPathTracer] gmm.splittingThreshold: 1000
2025-05-21 00:25:19 INFO  main [MIFocalGuidingPathTracer] iterationBudget: 10
2025-05-21 00:25:19 INFO  main [MIFocalGuidingPathTracer] iterationCount: 15
2025-05-21 00:25:19 INFO  main [MIFocalGuidingPathTracer] maxDepth: 40
2025-05-21 00:25:19 INFO  main [MIFocalGuidingPathTracer] minSamplesToStartFitting: 10
2025-05-21 00:25:19 INFO  main [MIFocalGuidingPathTracer] normalBinning: disabled
2025-05-21 00:25:19 INFO  main [MIFocalGuidingPathTracer] renderMaxSeconds: 36000
2025-05-21 00:25:19 INFO  main [MIFocalGuidingPathTracer] rrDepth: 14
2025-05-21 00:25:19 INFO  main [MIFocalGuidingPathTracer] samplingMode: 2
2025-05-21 00:25:19 INFO  main [MIFocalGuidingPathTracer] shouldPretrain: false
2025-05-21 00:25:19 INFO  main [MIFocalGuidingPathTracer] strictNormals: true
2025-05-21 00:25:19 INFO  main [MIFocalGuidingPathTracer] trainingSamples: 4
2025-05-21 00:25:19 INFO  main [MIFocalGuidingPathTracer] tree.threshold: 0.001
2025-05-21 00:25:19 INFO  main [MIFocalGuidingPathTracer] unboundedSplatting: true
2025-05-21 00:25:19 INFO  main [PluginManager] Loading plugin "plugins/independent.so" ..
2025-05-21 00:25:19 INFO  main [PluginManager] Loading plugin "plugins/box.so" ..
2025-05-21 00:25:19 INFO  main [PluginManager] Loading plugin "plugins/hdrfilm.so" ..
2025-05-21 00:25:19 INFO  main [PluginManager] Loading plugin "plugins/perspective.so" ..
2025-05-21 00:25:19 INFO  main [PluginManager] Loading plugin "plugins/dielectric.so" ..
2025-05-21 00:25:19 INFO  main [PluginManager] Loading plugin "plugins/bitmap.so" ..
2025-05-21 00:25:19 INFO  main [BitmapTexture] Loading texture "wood5.jpg"
2025-05-21 00:25:19 INFO  main [PluginManager] Loading plugin "plugins/lanczos.so" ..
2025-05-21 00:25:19 INFO  main [MIPMap] Generating MIP map cache file "/mitsuba/scene/modern-hall/textures/wood5.mip" ..
2025-05-21 00:25:19 INFO  main [PluginManager] Loading plugin "plugins/roughplastic.so" ..
2025-05-21 00:25:19 INFO  main [PluginManager] Loading plugin "plugins/twosided.so" ..
2025-05-21 00:25:19 INFO  main [BitmapTexture] Loading texture "Tiles.jpg"
2025-05-21 00:25:19 INFO  main [PluginManager] Loading plugin "plugins/diffuse.so" ..
2025-05-21 00:25:19 INFO  main [BitmapTexture] Loading texture "Wallpaper.jpg"
2025-05-21 00:25:19 INFO  main [PluginManager] Loading plugin "plugins/roughconductor.so" ..
2025-05-21 00:25:19 INFO  main [spectrum.cpp:599] "Cu.eta.spd": loaded a spectral power distribution with 55 entries (between 302.400421 and 885.601257 nm)
2025-05-21 00:25:19 INFO  main [spectrum.cpp:599] "Cu.k.spd": loaded a spectral power distribution with 55 entries (between 302.400421 and 885.601257 nm)
2025-05-21 00:25:19 INFO  main [spectrum.cpp:599] "Cu.eta.spd": loaded a spectral power distribution with 55 entries (between 302.400421 and 885.601257 nm)
2025-05-21 00:25:19 INFO  main [spectrum.cpp:599] "Cu.k.spd": loaded a spectral power distribution with 55 entries (between 302.400421 and 885.601257 nm)
2025-05-21 00:25:19 INFO  main [PluginManager] Loading plugin "plugins/difftrans.so" ..
2025-05-21 00:25:19 INFO  main [PluginManager] Loading plugin "plugins/area.so" ..
2025-05-21 00:25:19 INFO  main [PluginManager] Loading plugin "plugins/rectangle.so" ..
2025-05-21 00:25:19 INFO  main [PluginManager] Loading plugin "plugins/cube.so" ..
2025-05-21 00:25:19 INFO  main [PluginManager] Loading plugin "plugins/obj.so" ..
2025-05-21 00:25:19 INFO  main [WavefrontOBJ] Loading geometry from "Mesh008.obj" ..
2025-05-21 00:25:19 INFO  main [WavefrontOBJ] Mesh008: 5184 triangles, 2664 vertices (merged 12888 vertices).
2025-05-21 00:25:19 INFO  main [WavefrontOBJ] Done with "Mesh008.obj" (took 12 ms)
2025-05-21 00:25:19 INFO  main [WavefrontOBJ] Loading geometry from "Mesh004.obj" ..
2025-05-21 00:25:20 INFO  main [WavefrontOBJ] Mesh004: 5184 triangles, 2664 vertices (merged 12888 vertices).
2025-05-21 00:25:20 INFO  main [WavefrontOBJ] Done with "Mesh004.obj" (took 10 ms)
2025-05-21 00:25:20 INFO  main [WavefrontOBJ] Loading geometry from "Mesh003.obj" ..
2025-05-21 00:25:20 INFO  main [WavefrontOBJ] Mesh003: 5184 triangles, 2664 vertices (merged 12888 vertices).
2025-05-21 00:25:20 INFO  main [WavefrontOBJ] Done with "Mesh003.obj" (took 11 ms)
2025-05-21 00:25:20 INFO  main [WavefrontOBJ] Loading geometry from "Mesh006.obj" ..
2025-05-21 00:25:20 INFO  main [WavefrontOBJ] Mesh006: 5184 triangles, 2664 vertices (merged 12888 vertices).
2025-05-21 00:25:20 INFO  main [WavefrontOBJ] Done with "Mesh006.obj" (took 11 ms)
2025-05-21 00:25:20 INFO  main [WavefrontOBJ] Loading geometry from "Mesh012.obj" ..
2025-05-21 00:25:20 INFO  main [WavefrontOBJ] Mesh012: 444 triangles, 882 vertices (merged 450 vertices).
2025-05-21 00:25:20 INFO  main [WavefrontOBJ] Done with "Mesh012.obj" (took 2 ms)
2025-05-21 00:25:20 INFO  main [WavefrontOBJ] Loading geometry from "Mesh013.obj" ..
2025-05-21 00:25:20 INFO  main [WavefrontOBJ] Mesh013: 5184 triangles, 2664 vertices (merged 12888 vertices).
2025-05-21 00:25:20 INFO  main [WavefrontOBJ] Done with "Mesh013.obj" (took 11 ms)
2025-05-21 00:25:20 INFO  main [WavefrontOBJ] Loading geometry from "Mesh010.obj" ..
2025-05-21 00:25:20 INFO  main [WavefrontOBJ] Mesh010: 32 triangles, 60 vertices (merged 36 vertices).
2025-05-21 00:25:20 INFO  main [WavefrontOBJ] Done with "Mesh010.obj" (took 0 ms)
2025-05-21 00:25:20 INFO  main [WavefrontOBJ] Loading geometry from "Mesh015.obj" ..
2025-05-21 00:25:20 INFO  main [WavefrontOBJ] Mesh015: 32 triangles, 60 vertices (merged 36 vertices).
2025-05-21 00:25:20 INFO  main [WavefrontOBJ] Done with "Mesh015.obj" (took 0 ms)
2025-05-21 00:25:20 INFO  main [WavefrontOBJ] Loading geometry from "Mesh002.obj" ..
2025-05-21 00:25:20 INFO  main [WavefrontOBJ] Mesh002: 32 triangles, 60 vertices (merged 36 vertices).
2025-05-21 00:25:20 INFO  main [WavefrontOBJ] Done with "Mesh002.obj" (took 0 ms)
2025-05-21 00:25:20 INFO  main [WavefrontOBJ] Loading geometry from "Mesh007.obj" ..
2025-05-21 00:25:20 INFO  main [WavefrontOBJ] Mesh007: 32 triangles, 60 vertices (merged 36 vertices).
2025-05-21 00:25:20 INFO  main [WavefrontOBJ] Done with "Mesh007.obj" (took 0 ms)
2025-05-21 00:25:20 INFO  main [WavefrontOBJ] Loading geometry from "Mesh005.obj" ..
2025-05-21 00:25:20 INFO  main [WavefrontOBJ] Mesh005: 12 triangles, 20 vertices (merged 16 vertices).
2025-05-21 00:25:20 INFO  main [WavefrontOBJ] Done with "Mesh005.obj" (took 0 ms)
2025-05-21 00:25:20 INFO  main [WavefrontOBJ] Loading geometry from "Mesh016.obj" ..
2025-05-21 00:25:20 INFO  main [WavefrontOBJ] Mesh016: 120 triangles, 204 vertices (merged 156 vertices).
2025-05-21 00:25:20 INFO  main [WavefrontOBJ] Done with "Mesh016.obj" (took 0 ms)
2025-05-21 00:25:20 INFO  main [WavefrontOBJ] Loading geometry from "Mesh017.obj" ..
2025-05-21 00:25:20 INFO  main [WavefrontOBJ] Mesh017: 20 triangles, 40 vertices (merged 20 vertices).
2025-05-21 00:25:20 INFO  main [WavefrontOBJ] Done with "Mesh017.obj" (took 0 ms)
2025-05-21 00:25:20 INFO  main [WavefrontOBJ] Loading geometry from "Mesh018.obj" ..
2025-05-21 00:25:20 INFO  main [WavefrontOBJ] Mesh018: 2 triangles, 4 vertices (merged 2 vertices).
2025-05-21 00:25:20 INFO  main [WavefrontOBJ] Done with "Mesh018.obj" (took 0 ms)
2025-05-21 00:25:20 INFO  main [WavefrontOBJ] Loading geometry from "Mesh011.obj" ..
2025-05-21 00:25:20 INFO  main [WavefrontOBJ] Mesh011: 32 triangles, 30 vertices (merged 66 vertices).
2025-05-21 00:25:20 INFO  main [WavefrontOBJ] Done with "Mesh011.obj" (took 0 ms)
2025-05-21 00:25:20 INFO  main [PluginManager] Loading plugin "plugins/homogeneous.so" ..
2025-05-21 00:25:20 INFO  main [PluginManager] Loading plugin "plugins/isotropic.so" ..
2025-05-21 00:25:20 INFO  main [WavefrontOBJ] Loading geometry from "Mesh014.obj" ..
2025-05-21 00:25:20 INFO  main [WavefrontOBJ] Mesh014: 36 triangles, 72 vertices (merged 36 vertices).
2025-05-21 00:25:20 INFO  main [WavefrontOBJ] Done with "Mesh014.obj" (took 0 ms)
2025-05-21 00:25:20 INFO  main [WavefrontOBJ] Loading geometry from "Mesh001.obj" ..
2025-05-21 00:25:20 INFO  main [WavefrontOBJ] Mesh001: 924 triangles, 2016 vertices (merged 756 vertices).
2025-05-21 00:25:20 INFO  main [WavefrontOBJ] Done with "Mesh001.obj" (took 5 ms)
2025-05-21 00:25:20 INFO  main [WavefrontOBJ] Loading geometry from "Mesh000.obj" ..
2025-05-21 00:25:20 INFO  main [WavefrontOBJ] Mesh000: 3127 triangles, 2075 vertices (merged 7306 vertices).
2025-05-21 00:25:20 INFO  main [WavefrontOBJ] Done with "Mesh000.obj" (took 11 ms)
2025-05-21 00:25:20 INFO  main [WavefrontOBJ] Loading geometry from "Mesh009.obj" ..
2025-05-21 00:25:20 INFO  main [WavefrontOBJ] Mesh009: 146 triangles, 110 vertices (merged 328 vertices).
2025-05-21 00:25:20 INFO  main [WavefrontOBJ] Done with "Mesh009.obj" (took 0 ms)
2025-05-21 00:25:20 INFO  ren0 [KDTreeBase] Constructing a SAH kd-tree (30963 primitives) ..
2025-05-21 00:25:20 INFO  ren0 [KDTreeBase] Finished -- took 113 ms.
2025-05-21 00:25:20 INFO  ren0 [octree.h:534] root weight: 8.000e-20 (0.000000)
2025-05-21 00:25:20 INFO  ren0 [octree.h:535] splitting threshold: 8.000e-23 (0.000000)
2025-05-21 00:25:20 INFO  ren0 [octree.h:550] node count: 1 -> 585 -> 585

2025-05-21 00:25:20 INFO  ren0 [octree.h:534] root weight: 4.096e-17 (0.000000)
2025-05-21 00:25:20 INFO  ren0 [octree.h:535] splitting threshold: 4.096e-20 (0.000000)
2025-05-21 00:25:20 INFO  ren0 [octree.h:550] node count: 585 -> 585 -> 585

2025-05-21 00:25:20 INFO  ren0 [octree.h:534] root weight: 8.000e-20 (0.000000)
2025-05-21 00:25:20 INFO  ren0 [octree.h:535] splitting threshold: 8.000e-23 (0.000000)
2025-05-21 00:25:20 INFO  ren0 [octree.h:550] node count: 1 -> 585 -> 585

2025-05-21 00:25:20 INFO  ren0 [octree.h:534] root weight: 8.000e-20 (0.000000)
2025-05-21 00:25:20 INFO  ren0 [octree.h:535] splitting threshold: 8.000e-23 (0.000000)
2025-05-21 00:25:20 INFO  ren0 [octree.h:550] node count: 1 -> 585 -> 585

2025-05-21 00:25:20 INFO  ren0 [octree.h:534] root weight: 4.096e-17 (0.000000)
2025-05-21 00:25:20 INFO  ren0 [octree.h:535] splitting threshold: 4.096e-20 (0.000000)
2025-05-21 00:25:20 INFO  ren0 [octree.h:550] node count: 585 -> 585 -> 585

2025-05-21 00:25:20 INFO  ren0 [octree.h:534] root weight: 8.000e-20 (0.000000)
2025-05-21 00:25:20 INFO  ren0 [octree.h:535] splitting threshold: 8.000e-23 (0.000000)
2025-05-21 00:25:20 INFO  ren0 [octree.h:550] node count: 1 -> 585 -> 585

2025-05-21 00:25:20 INFO  ren0 [MIFocalGuidingPathTracer] AABB3[min=[-21.7494, -3.70393, -3.09172], max=[7.19249, 11.2965, 6.96201]]
2025-05-21 00:25:20 INFO  ren0 [MIFocalGuidingPathTracer] Starting render job (1280x720, 12 cores, SSE2 enabled) ..
2025-05-21 00:25:20 INFO  ren0 [MIFocalGuidingPathTracer] ITERATION 0, until 10.0 seconds
2025-05-21 00:25:30 INFO  ren0 [MIFocalGuidingPathTracer]   10.55 seconds elapsed, passes this iteration: 6, total passes: 6
2025-05-21 00:25:30 INFO  ren0 [MIFocalGuidingPathTracer] Got 124557 non-zero samples
2025-05-21 00:25:30 INFO  ren0 [gaussian_mixture_model.h:815] Processing mega batch of size 124557
2025-05-21 00:25:30 INFO  ren0 [gaussian_mixture_model.h:554] KMeans
2025-05-21 00:25:30 INFO  ren0 [gaussian_mixture_model.h:215] Before splitting
2025-05-21 00:25:30 INFO  ren0 [gaussian_mixture_model.h:216] GMM[
weight = 0.359752 mean = [-1.15465 3.26863 -2.15233] covariance = [[5.10371 -1.70965 -0.226383][-1.70965 1.76052 0.429576][-0.226383 0.429576 2.33579]]
weight = 0.00600547 mean = [-4.56705 -1.23861 2.71184] covariance = [[6.92907 -0.16867 2.67457][-0.16867 2.65576 0.864715][2.67457 0.864715 5.42327]]
weight = 0.0281027 mean = [5.72661 0.470913 3.5244] covariance = [[1.54586 0.576915 -0.466775][0.576915 2.44456 0.46986][-0.466775 0.46986 3.55442]]
weight = 0.0141473 mean = [0.5852 7.78629 1.09869] covariance = [[13.4336 -0.630884 -0.797865][-0.630884 4.11212 -0.605935][-0.797865 -0.605935 7.61738]]
weight = 0.0010408 mean = [-19.345 2.49862 1.051] covariance = [[2.67159 -1.64505 -1.04022][-1.64505 5.21169 0.867467][-1.04022 0.867467 4.59016]]
weight = 0.0638345 mean = [2.5835 0.503802 -2.52101] covariance = [[1.72388 -0.0509306 0.162571][-0.0509306 1.50446 -0.774852][0.162571 -0.774852 0.750201]]
weight = 0.0444367 mean = [-8.94555 3.11013 -0.122671] covariance = [[11.2331 0.456538 1.38899][0.456538 5.44815 -0.144342][1.38899 -0.144342 5.60024]]
weight = 0.373482 mean = [3.12582 1.84418 -2.31801] covariance = [[2.28097 0.72693 0.872473][0.72693 1.7972 0.721203][0.872473 0.721203 1.3572]]
weight = 0.0542445 mean = [2.15794 1.25455 1.82251] covariance = [[1.63665 0.11711 -0.102534][0.11711 2.05612 0.0322569][-0.102534 0.0322569 1.40577]]
weight = 0.0549541 mean = [4.81914 4.23638 4.26286] covariance = [[2.787 0.0596353 0.482217][0.0596353 1.62736 0.0144848][0.482217 0.0144848 2.50056]]
]
2025-05-21 00:25:30 INFO  ren0 [gaussian_mixture_model.h:218] Before merging
2025-05-21 00:25:30 INFO  ren0 [gaussian_mixture_model.h:219] GMM[
weight = 0.359752 mean = [-1.15465 3.26863 -2.15233] covariance = [[5.10371 -1.70965 -0.226383][-1.70965 1.76052 0.429576][-0.226383 0.429576 2.33579]]
weight = 0.00600547 mean = [-4.56705 -1.23861 2.71184] covariance = [[6.92907 -0.16867 2.67457][-0.16867 2.65576 0.864715][2.67457 0.864715 5.42327]]
weight = 0.0281027 mean = [5.72661 0.470913 3.5244] covariance = [[1.54586 0.576915 -0.466775][0.576915 2.44456 0.46986][-0.466775 0.46986 3.55442]]
weight = 0.0141473 mean = [0.5852 7.78629 1.09869] covariance = [[13.4336 -0.630884 -0.797865][-0.630884 4.11212 -0.605935][-0.797865 -0.605935 7.61738]]
weight = 0.0010408 mean = [-19.345 2.49862 1.051] covariance = [[2.67159 -1.64505 -1.04022][-1.64505 5.21169 0.867467][-1.04022 0.867467 4.59016]]
weight = 0.0638345 mean = [2.5835 0.503802 -2.52101] covariance = [[1.72388 -0.0509306 0.162571][-0.0509306 1.50446 -0.774852][0.162571 -0.774852 0.750201]]
weight = 0.0444367 mean = [-8.94555 3.11013 -0.122671] covariance = [[11.2331 0.456538 1.38899][0.456538 5.44815 -0.144342][1.38899 -0.144342 5.60024]]
weight = 0.373482 mean = [3.12582 1.84418 -2.31801] covariance = [[2.28097 0.72693 0.872473][0.72693 1.7972 0.721203][0.872473 0.721203 1.3572]]
weight = 0.0542445 mean = [2.15794 1.25455 1.82251] covariance = [[1.63665 0.11711 -0.102534][0.11711 2.05612 0.0322569][-0.102534 0.0322569 1.40577]]
weight = 0.0549541 mean = [4.81914 4.23638 4.26286] covariance = [[2.787 0.0596353 0.482217][0.0596353 1.62736 0.0144848][0.482217 0.0144848 2.50056]]
]
2025-05-21 00:25:30 INFO  ren0 [gaussian_mixture_model.h:215] Before splitting
2025-05-21 00:25:30 INFO  ren0 [gaussian_mixture_model.h:216] GMM[
weight = 0.370459 mean = [-1.04798 3.27989 -2.2423] covariance = [[5.12912 -2.02139 -0.0525487][-2.02139 1.77161 0.331559][-0.0525487 0.331559 1.98954]]
weight = 0.00715526 mean = [-4.09976 -1.16441 2.32542] covariance = [[7.76248 -0.213034 2.35087][-0.213034 2.51336 0.671275][2.35087 0.671275 6.35253]]
weight = 0.0346694 mean = [5.88526 0.502272 3.24897] covariance = [[1.48874 0.587117 -0.540126][0.587117 2.65717 0.771588][-0.540126 0.771588 4.17547]]
weight = 0.0187352 mean = [0.661909 7.58642 1.15568] covariance = [[13.101 0.0177678 -1.8006][0.0177678 4.40518 -0.550141][-1.8006 -0.550141 7.678]]
weight = 0.000704751 mean = [-19.2442 2.56851 1.17535] covariance = [[2.65517 -1.73512 -1.04907][-1.73512 7.10321 0.615629][-1.04907 0.615629 5.42897]]
weight = 0.0552325 mean = [-8.56684 3.05919 -0.151216] covariance = [[11.8164 -0.633055 1.88507][-0.633055 5.05455 -0.098559][1.88507 -0.098559 5.21977]]
weight = 0.388566 mean = [3.03243 1.738 -2.38884] covariance = [[2.32968 0.720247 0.791088][0.720247 1.79183 0.565022][0.791088 0.565022 1.09285]]
weight = 0.0604604 mean = [2.18958 1.46497 1.72598] covariance = [[1.56772 0.0639712 -0.0616325][0.0639712 2.3373 0.127989][-0.0616325 0.127989 1.27166]]
weight = 0.0640171 mean = [4.94356 4.25027 4.02773] covariance = [[2.92538 0.136853 0.479221][0.136853 1.48273 -0.175215][0.479221 -0.175215 2.77978]]
]
2025-05-21 00:25:30 INFO  ren0 [gaussian_mixture_model.h:218] Before merging
2025-05-21 00:25:30 INFO  ren0 [gaussian_mixture_model.h:219] GMM[
weight = 0.18523 mean = [0.0662075 2.75358 -2.29918] covariance = [[2.64629 -0.84856 0.0742068][-0.84856 1.2176 0.271683][0.0742068 0.271683 1.98308]]
weight = 0.00715526 mean = [-4.09976 -1.16441 2.32542] covariance = [[7.76248 -0.213034 2.35087][-0.213034 2.51336 0.671275][2.35087 0.671275 6.35253]]
weight = 0.0346694 mean = [5.88526 0.502272 3.24897] covariance = [[1.48874 0.587117 -0.540126][0.587117 2.65717 0.771588][-0.540126 0.771588 4.17547]]
weight = 0.0187352 mean = [0.661909 7.58642 1.15568] covariance = [[13.101 0.0177678 -1.8006][0.0177678 4.40518 -0.550141][-1.8006 -0.550141 7.678]]
weight = 0.000704751 mean = [-19.2442 2.56851 1.17535] covariance = [[2.65517 -1.73512 -1.04907][-1.73512 7.10321 0.615629][-1.04907 0.615629 5.42897]]
weight = 0.18523 mean = [-2.16217 3.80621 -2.18542] covariance = [[2.64629 -0.84856 0.0742068][-0.84856 1.2176 0.271683][0.0742068 0.271683 1.98308]]
weight = 0.0552325 mean = [-8.56684 3.05919 -0.151216] covariance = [[11.8164 -0.633055 1.88507][-0.633055 5.05455 -0.098559][1.88507 -0.098559 5.21977]]
weight = 0.388566 mean = [3.03243 1.738 -2.38884] covariance = [[2.32968 0.720247 0.791088][0.720247 1.79183 0.565022][0.791088 0.565022 1.09285]]
weight = 0.0604604 mean = [2.18958 1.46497 1.72598] covariance = [[1.56772 0.0639712 -0.0616325][0.0639712 2.3373 0.127989][-0.0616325 0.127989 1.27166]]
weight = 0.0640171 mean = [4.94356 4.25027 4.02773] covariance = [[2.92538 0.136853 0.479221][0.136853 1.48273 -0.175215][0.479221 -0.175215 2.77978]]
]
2025-05-21 00:25:30 INFO  ren0 [MIFocalGuidingPathTracer] GMM[
weight = 0.18523 mean = [0.0662075 2.75358 -2.29918] covariance = [[2.64629 -0.84856 0.0742068][-0.84856 1.2176 0.271683][0.0742068 0.271683 1.98308]]
weight = 0.0346694 mean = [5.88526 0.502272 3.24897] covariance = [[1.48874 0.587117 -0.540126][0.587117 2.65717 0.771588][-0.540126 0.771588 4.17547]]
weight = 0.0187352 mean = [0.661909 7.58642 1.15568] covariance = [[13.101 0.0177678 -1.8006][0.0177678 4.40518 -0.550141][-1.8006 -0.550141 7.678]]
weight = 0.000704751 mean = [-19.2442 2.56851 1.17535] covariance = [[2.65517 -1.73512 -1.04907][-1.73512 7.10321 0.615629][-1.04907 0.615629 5.42897]]
weight = 0.18523 mean = [-2.16217 3.80621 -2.18542] covariance = [[2.64629 -0.84856 0.0742068][-0.84856 1.2176 0.271683][0.0742068 0.271683 1.98308]]
weight = 0.0623878 mean = [-8.05451 2.57478 0.13283] covariance = [[13.3776 -2.50058 3.06182][-2.50058 6.5744 -1.07237][3.06182 -1.07237 5.97249]]
weight = 0.388566 mean = [3.03243 1.738 -2.38884] covariance = [[2.32968 0.720247 0.791088][0.720247 1.79183 0.565022][0.791088 0.565022 1.09285]]
weight = 0.0604604 mean = [2.18958 1.46497 1.72598] covariance = [[1.56772 0.0639712 -0.0616325][0.0639712 2.3373 0.127989][-0.0616325 0.127989 1.27166]]
weight = 0.0640171 mean = [4.94356 4.25027 4.02773] covariance = [[2.92538 0.136853 0.479221][0.136853 1.48273 -0.175215][0.479221 -0.175215 2.77978]]
]
2025-05-21 00:25:30 INFO  ren0 [octree.h:534] root weight: 2.606e+06 (2605791.250000)
2025-05-21 00:25:30 INFO  ren0 [octree.h:535] splitting threshold: 2.606e+03 (2605.791260)
2025-05-21 00:25:30 INFO  ren0 [octree.h:534] root weight: 2.597e+05 (259731.093750)
2025-05-21 00:25:30 INFO  ren0 [octree.h:535] splitting threshold: 2.597e+02 (259.731110)
2025-05-21 00:25:30 INFO  ren0 [octree.h:550] node count: 585 -> 949 -> 783

2025-05-21 00:25:30 INFO  ren0 [octree.h:550] node count: 585 -> 604 -> 445

2025-05-21 00:25:30 INFO  ren0 [MIFocalGuidingPathTracer] ITERATION 1, until 20.0 seconds
2025-05-21 00:25:50 INFO  ren0 [MIFocalGuidingPathTracer]   29.90 seconds elapsed, passes this iteration: 1, total passes: 7
2025-05-21 00:25:50 INFO  ren0 [MIFocalGuidingPathTracer] Got 44954 non-zero samples
2025-05-21 00:25:50 INFO  ren0 [gaussian_mixture_model.h:815] Processing mega batch of size 44954
2025-05-21 00:25:50 INFO  ren0 [gaussian_mixture_model.h:215] Before splitting
2025-05-21 00:25:50 INFO  ren0 [gaussian_mixture_model.h:216] GMM[
weight = 0.147209 mean = [-0.438828 3.11805 -2.28865] covariance = [[4.03178 -1.63986 -0.279443][-1.63986 1.66136 0.245286][-0.279443 0.245286 1.69664]]
weight = 0.0467394 mean = [5.87529 0.492946 3.07418] covariance = [[0.892482 0.297783 -0.574716][0.297783 2.28914 1.02728][-0.574716 1.02728 5.48608]]
weight = 0.0424027 mean = [-1.72595 7.08484 3.65713] covariance = [[6.04336 0.338028 -1.30488][0.338028 2.56063 0.687969][-1.30488 0.687969 6.62599]]
weight = 0.000530317 mean = [-18.9216 3.30758 2.16797] covariance = [[1.27568 -2.08154 -0.289293][-2.08154 13.4159 0.664523][-0.289293 0.664523 2.76817]]
weight = 0.0939875 mean = [-2.30185 3.99552 -1.55693] covariance = [[3.3715 -0.380888 -0.956151][-0.380888 1.07094 0.0382708][-0.956151 0.0382708 3.02007]]
weight = 0.328632 mean = [-7.01744 1.14787 -0.862095] covariance = [[3.46533 1.03608 2.59635][1.03608 2.81083 1.43701][2.59635 1.43701 5.65863]]
weight = 0.255609 mean = [3.06806 1.65599 -2.43907] covariance = [[1.97772 0.451812 0.727014][0.451812 1.64334 0.459844][0.727014 0.459844 0.852106]]
weight = 0.0377345 mean = [2.57476 1.70458 1.70813] covariance = [[1.86891 0.0524039 0.0105536][0.0524039 2.81639 0.120826][0.0105536 0.120826 1.30586]]
weight = 0.0471559 mean = [4.99407 4.16365 4.07224] covariance = [[2.58823 -0.121665 1.34398][-0.121665 1.58721 -0.192282][1.34398 -0.192282 3.14501]]
]
2025-05-21 00:25:50 INFO  ren0 [gaussian_mixture_model.h:218] Before merging
2025-05-21 00:25:50 INFO  ren0 [gaussian_mixture_model.h:219] GMM[
weight = 0.0736045 mean = [0.540337 2.61451 -2.41222] covariance = [[2.11426 -0.653756 -0.0374434][-0.653756 1.15427 0.120836][-0.0374434 0.120836 1.66611]]
weight = 0.0736045 mean = [-1.41799 3.62159 -2.16507] covariance = [[2.11426 -0.653756 -0.0374434][-0.653756 1.15427 0.120836][-0.0374434 0.120836 1.66611]]
weight = 0.0467394 mean = [5.87529 0.492946 3.07418] covariance = [[0.892482 0.297783 -0.574716][0.297783 2.28914 1.02728][-0.574716 1.02728 5.48608]]
weight = 0.0424027 mean = [-1.72595 7.08484 3.65713] covariance = [[6.04336 0.338028 -1.30488][0.338028 2.56063 0.687969][-1.30488 0.687969 6.62599]]
weight = 0.000530317 mean = [-18.9216 3.30758 2.16797] covariance = [[1.27568 -2.08154 -0.289293][-2.08154 13.4159 0.664523][-0.289293 0.664523 2.76817]]
weight = 0.0939875 mean = [-2.30185 3.99552 -1.55693] covariance = [[3.3715 -0.380888 -0.956151][-0.380888 1.07094 0.0382708][-0.956151 0.0382708 3.02007]]
weight = 0.328632 mean = [-7.01744 1.14787 -0.862095] covariance = [[3.46533 1.03608 2.59635][1.03608 2.81083 1.43701][2.59635 1.43701 5.65863]]
weight = 0.255609 mean = [3.06806 1.65599 -2.43907] covariance = [[1.97772 0.451812 0.727014][0.451812 1.64334 0.459844][0.727014 0.459844 0.852106]]
weight = 0.0377345 mean = [2.57476 1.70458 1.70813] covariance = [[1.86891 0.0524039 0.0105536][0.0524039 2.81639 0.120826][0.0105536 0.120826 1.30586]]
weight = 0.0471559 mean = [4.99407 4.16365 4.07224] covariance = [[2.58823 -0.121665 1.34398][-0.121665 1.58721 -0.192282][1.34398 -0.192282 3.14501]]
]
2025-05-21 00:25:50 INFO  ren0 [MIFocalGuidingPathTracer] GMM[
weight = 0.0736045 mean = [0.540337 2.61451 -2.41222] covariance = [[2.11426 -0.653756 -0.0374434][-0.653756 1.15427 0.120836][-0.0374434 0.120836 1.66611]]
weight = 0.0736045 mean = [-1.41799 3.62159 -2.16507] covariance = [[2.11426 -0.653756 -0.0374434][-0.653756 1.15427 0.120836][-0.0374434 0.120836 1.66611]]
weight = 0.0467394 mean = [5.87529 0.492946 3.07418] covariance = [[0.892482 0.297783 -0.574716][0.297783 2.28914 1.02728][-0.574716 1.02728 5.48608]]
weight = 0.0424027 mean = [-1.72595 7.08484 3.65713] covariance = [[6.04336 0.338028 -1.30488][0.338028 2.56063 0.687969][-1.30488 0.687969 6.62599]]
weight = 0.000530317 mean = [-18.9216 3.30758 2.16797] covariance = [[1.27568 -2.08154 -0.289293][-2.08154 13.4159 0.664523][-0.289293 0.664523 2.76817]]
weight = 0.0939875 mean = [-2.30185 3.99552 -1.55693] covariance = [[3.3715 -0.380888 -0.956151][-0.380888 1.07094 0.0382708][-0.956151 0.0382708 3.02007]]
weight = 0.328632 mean = [-7.01744 1.14787 -0.862095] covariance = [[3.46533 1.03608 2.59635][1.03608 2.81083 1.43701][2.59635 1.43701 5.65863]]
weight = 0.255609 mean = [3.06806 1.65599 -2.43907] covariance = [[1.97772 0.451812 0.727014][0.451812 1.64334 0.459844][0.727014 0.459844 0.852106]]
weight = 0.0848904 mean = [3.91867 3.07057 3.02137] covariance = [[3.71374 1.4247 2.16353][1.4247 3.62673 1.38237][2.16353 1.38237 3.70755]]
]
2025-05-21 00:25:50 INFO  ren0 [octree.h:534] root weight: 2.386e+06 (2386410.250000)
2025-05-21 00:25:50 INFO  ren0 [octree.h:535] splitting threshold: 2.386e+03 (2386.410400)
2025-05-21 00:25:50 INFO  ren0 [octree.h:534] root weight: 3.196e+05 (319611.406250)
2025-05-21 00:25:50 INFO  ren0 [octree.h:535] splitting threshold: 3.196e+02 (319.611420)
2025-05-21 00:25:50 INFO  ren0 [octree.h:550] node count: 783 -> 887 -> 707

2025-05-21 00:25:50 INFO  ren0 [octree.h:550] node count: 445 -> 473 -> 461

2025-05-21 00:25:50 INFO  ren0 [MIFocalGuidingPathTracer] ITERATION 2, until 30.0 seconds
2025-05-21 00:26:07 INFO  ren0 [MIFocalGuidingPathTracer]   47.22 seconds elapsed, passes this iteration: 1, total passes: 8
2025-05-21 00:26:07 INFO  ren0 [MIFocalGuidingPathTracer] Got 24924 non-zero samples
2025-05-21 00:26:07 INFO  ren0 [gaussian_mixture_model.h:815] Processing mega batch of size 24924
2025-05-21 00:26:07 INFO  ren0 [gaussian_mixture_model.h:215] Before splitting
2025-05-21 00:26:07 INFO  ren0 [gaussian_mixture_model.h:216] GMM[
weight = 0.0841292 mean = [0.167898 2.75885 -2.27727] covariance = [[3.84091 -1.49599 0.00723972][-1.49599 1.54227 0.181316][0.00723972 0.181316 1.38686]]
weight = 0.0386568 mean = [-1.61369 3.53074 -2.47071] covariance = [[1.99345 -0.811288 0.257403][-0.811288 1.02934 -1.79699e-05][0.257403 -1.79699e-05 0.884455]]
weight = 0.0637039 mean = [6.3873 0.714432 0.707352] covariance = [[0.696237 0.149306 -0.922706][0.149306 1.47454 0.355422][-0.922706 0.355422 6.55908]]
weight = 0.0266278 mean = [-1.66912 7.15758 2.56817] covariance = [[17.3696 -2.08897 -2.82824][-2.08897 3.65121 0.204962][-2.82824 0.204962 7.30043]]
weight = 0.00370004 mean = [-18.04 -1.84303 -1.24662] covariance = [[0.486681 -0.0844276 0.104737][-0.0844276 6.38205 1.65449][0.104737 1.65449 1.8066]]
weight = 0.0634049 mean = [-2.20035 3.92973 -1.77644] covariance = [[3.06141 -0.535985 -0.455762][-0.535985 1.15513 0.157693][-0.455762 0.157693 2.42674]]
weight = 0.138656 mean = [-6.82191 1.04199 -0.831678] covariance = [[4.67026 0.543509 2.05896][0.543509 3.04386 1.18022][2.05896 1.18022 5.01194]]
weight = 0.462594 mean = [4.04827 2.10158 -2.22343] covariance = [[2.92335 0.862589 0.70813][0.862589 2.24885 0.701254][0.70813 0.701254 0.919508]]
weight = 0.118528 mean = [3.71629 3.47015 1.96866] covariance = [[3.03998 1.95415 1.36252][1.95415 4.3405 0.78044][1.36252 0.78044 3.64047]]
]
2025-05-21 00:26:07 INFO  ren0 [gaussian_mixture_model.h:218] Before merging
2025-05-21 00:26:07 INFO  ren0 [gaussian_mixture_model.h:219] GMM[
weight = 0.0420646 mean = [1.12698 2.28502 -2.302] covariance = [[2.00126 -0.587124 0.0546796][-0.587124 1.09326 0.157878][0.0546796 0.157878 1.38564]]
weight = 0.0386568 mean = [-1.61369 3.53074 -2.47071] covariance = [[1.99345 -0.811288 0.257403][-0.811288 1.02934 -1.79699e-05][0.257403 -1.79699e-05 0.884455]]
weight = 0.0637039 mean = [6.3873 0.714432 0.707352] covariance = [[0.696237 0.149306 -0.922706][0.149306 1.47454 0.355422][-0.922706 0.355422 6.55908]]
weight = 0.0266278 mean = [-1.66912 7.15758 2.56817] covariance = [[17.3696 -2.08897 -2.82824][-2.08897 3.65121 0.204962][-2.82824 0.204962 7.30043]]
weight = 0.00370004 mean = [-18.04 -1.84303 -1.24662] covariance = [[0.486681 -0.0844276 0.104737][-0.0844276 6.38205 1.65449][0.104737 1.65449 1.8066]]
weight = 0.0634049 mean = [-2.20035 3.92973 -1.77644] covariance = [[3.06141 -0.535985 -0.455762][-0.535985 1.15513 0.157693][-0.455762 0.157693 2.42674]]
weight = 0.138656 mean = [-6.82191 1.04199 -0.831678] covariance = [[4.67026 0.543509 2.05896][0.543509 3.04386 1.18022][2.05896 1.18022 5.01194]]
weight = 0.462594 mean = [4.04827 2.10158 -2.22343] covariance = [[2.92335 0.862589 0.70813][0.862589 2.24885 0.701254][0.70813 0.701254 0.919508]]
weight = 0.0420646 mean = [-0.791181 3.23267 -2.25254] covariance = [[2.00126 -0.587124 0.0546796][-0.587124 1.09326 0.157878][0.0546796 0.157878 1.38564]]
weight = 0.118528 mean = [3.71629 3.47015 1.96866] covariance = [[3.03998 1.95415 1.36252][1.95415 4.3405 0.78044][1.36252 0.78044 3.64047]]
]
2025-05-21 00:26:07 INFO  ren0 [MIFocalGuidingPathTracer] GMM[
weight = 0.0420646 mean = [1.12698 2.28502 -2.302] covariance = [[2.00126 -0.587124 0.0546796][-0.587124 1.09326 0.157878][0.0546796 0.157878 1.38564]]
weight = 0.0637039 mean = [6.3873 0.714432 0.707352] covariance = [[0.696237 0.149306 -0.922706][0.149306 1.47454 0.355422][-0.922706 0.355422 6.55908]]
weight = 0.0266278 mean = [-1.66912 7.15758 2.56817] covariance = [[17.3696 -2.08897 -2.82824][-2.08897 3.65121 0.204962][-2.82824 0.204962 7.30043]]
weight = 0.00370004 mean = [-18.04 -1.84303 -1.24662] covariance = [[0.486681 -0.0844276 0.104737][-0.0844276 6.38205 1.65449][0.104737 1.65449 1.8066]]
weight = 0.138656 mean = [-6.82191 1.04199 -0.831678] covariance = [[4.67026 0.543509 2.05896][0.543509 3.04386 1.18022][2.05896 1.18022 5.01194]]
weight = 0.462594 mean = [4.04827 2.10158 -2.22343] covariance = [[2.92335 0.862589 0.70813][0.862589 2.24885 0.701254][0.70813 0.701254 0.919508]]
weight = 0.144126 mean = [-1.63172 3.61927 -2.10161] covariance = [[2.81411 -0.797683 -0.235658][-0.797683 1.19148 0.185652][-0.235658 0.185652 1.79895]]
weight = 0.118528 mean = [3.71629 3.47015 1.96866] covariance = [[3.03998 1.95415 1.36252][1.95415 4.3405 0.78044][1.36252 0.78044 3.64047]]
]
2025-05-21 00:26:07 INFO  ren0 [octree.h:534] root weight: 2.154e+06 (2154143.750000)
2025-05-21 00:26:07 INFO  ren0 [octree.h:535] splitting threshold: 2.154e+03 (2154.143799)
2025-05-21 00:26:07 INFO  ren0 [octree.h:534] root weight: 2.662e+05 (266164.312500)
2025-05-21 00:26:07 INFO  ren0 [octree.h:535] splitting threshold: 2.662e+02 (266.164337)
2025-05-21 00:26:07 INFO  ren0 [octree.h:550] node count: 707 -> 845 -> 777

2025-05-21 00:26:07 INFO  ren0 [octree.h:550] node count: 461 -> 474 -> 465

2025-05-21 00:26:07 INFO  ren0 [MIFocalGuidingPathTracer] ITERATION 3, until 40.0 seconds
2025-05-21 00:26:27 INFO  ren0 [MIFocalGuidingPathTracer]   67.25 seconds elapsed, passes this iteration: 1, total passes: 9
2025-05-21 00:26:27 INFO  ren0 [MIFocalGuidingPathTracer] Got 43549 non-zero samples
2025-05-21 00:26:27 INFO  ren0 [gaussian_mixture_model.h:815] Processing mega batch of size 43549
2025-05-21 00:26:27 INFO  ren0 [gaussian_mixture_model.h:215] Before splitting
2025-05-21 00:26:27 INFO  ren0 [gaussian_mixture_model.h:216] GMM[
weight = 0.0988035 mean = [0.400445 2.57599 -2.4352] covariance = [[2.54603 -1.0514 0.128844][-1.0514 1.08238 0.0846567][0.128844 0.0846567 1.05086]]
weight = 0.0560013 mean = [6.30789 0.909346 1.41465] covariance = [[0.640847 0.159635 -0.871325][0.159635 1.43764 0.488472][-0.871325 0.488472 7.35158]]
weight = 0.0230004 mean = [-1.19 6.63585 2.45561] covariance = [[14.7537 -2.37828 -1.54858][-2.37828 3.79646 0.291046][-1.54858 0.291046 6.47699]]
weight = 0.00220907 mean = [-18.0435 -1.81716 -1.23173] covariance = [[0.485416 -0.0821322 0.0988511][-0.0821322 6.41023 1.64594][0.0988511 1.64594 1.81738]]
weight = 0.0964073 mean = [-6.64648 1.02906 -0.649753] covariance = [[4.88905 0.367321 1.95351][0.367321 3.21335 0.971755][1.95351 0.971755 5.3523]]
weight = 0.446724 mean = [3.65797 2.01436 -2.27533] covariance = [[3.11118 0.82049 0.766849][0.82049 2.00106 0.651488][0.766849 0.651488 0.836314]]
weight = 0.129235 mean = [-1.28325 3.506 -2.72188] covariance = [[2.98771 -1.46317 0.207339][-1.46317 1.04945 0.0866814][0.207339 0.0866814 0.62304]]
weight = 0.147619 mean = [3.49707 3.17749 1.94449] covariance = [[2.75332 1.61512 1.44163][1.61512 3.79919 1.08501][1.44163 1.08501 3.88229]]
]
2025-05-21 00:26:27 INFO  ren0 [gaussian_mixture_model.h:218] Before merging
2025-05-21 00:26:27 INFO  ren0 [gaussian_mixture_model.h:219] GMM[
weight = 0.0494017 mean = [1.18075 2.17032 -2.40287] covariance = [[1.32828 -0.418303 0.0783807][-0.418303 0.753243 0.110892][0.0783807 0.110892 1.04878]]
weight = 0.0494017 mean = [-0.379861 2.98167 -2.46754] covariance = [[1.32828 -0.418303 0.0783807][-0.418303 0.753243 0.110892][0.0783807 0.110892 1.04878]]
weight = 0.0280006 mean = [6.47756 0.804644 0.060073] covariance = [[0.583279 0.195166 -0.411654][0.195166 1.41572 0.204818][-0.411654 0.204818 3.68185]]
weight = 0.0230004 mean = [-1.19 6.63585 2.45561] covariance = [[14.7537 -2.37828 -1.54858][-2.37828 3.79646 0.291046][-1.54858 0.291046 6.47699]]
weight = 0.00220907 mean = [-18.0435 -1.81716 -1.23173] covariance = [[0.485416 -0.0821322 0.0988511][-0.0821322 6.41023 1.64594][0.0988511 1.64594 1.81738]]
weight = 0.0280006 mean = [6.13821 1.01405 2.76922] covariance = [[0.583279 0.195166 -0.411654][0.195166 1.41572 0.204818][-0.411654 0.204818 3.68185]]
weight = 0.0964073 mean = [-6.64648 1.02906 -0.649753] covariance = [[4.88905 0.367321 1.95351][0.367321 3.21335 0.971755][1.95351 0.971755 5.3523]]
weight = 0.446724 mean = [3.65797 2.01436 -2.27533] covariance = [[3.11118 0.82049 0.766849][0.82049 2.00106 0.651488][0.766849 0.651488 0.836314]]
weight = 0.129235 mean = [-1.28325 3.506 -2.72188] covariance = [[2.98771 -1.46317 0.207339][-1.46317 1.04945 0.0866814][0.207339 0.0866814 0.62304]]
weight = 0.147619 mean = [3.49707 3.17749 1.94449] covariance = [[2.75332 1.61512 1.44163][1.61512 3.79919 1.08501][1.44163 1.08501 3.88229]]
]
2025-05-21 00:26:27 INFO  ren0 [MIFocalGuidingPathTracer] GMM[
weight = 0.0494017 mean = [1.18075 2.17032 -2.40287] covariance = [[1.32828 -0.418303 0.0783807][-0.418303 0.753243 0.110892][0.0783807 0.110892 1.04878]]
weight = 0.0494017 mean = [-0.379861 2.98167 -2.46754] covariance = [[1.32828 -0.418303 0.0783807][-0.418303 0.753243 0.110892][0.0783807 0.110892 1.04878]]
weight = 0.0280006 mean = [6.47756 0.804644 0.060073] covariance = [[0.583279 0.195166 -0.411654][0.195166 1.41572 0.204818][-0.411654 0.204818 3.68185]]
weight = 0.00220907 mean = [-18.0435 -1.81716 -1.23173] covariance = [[0.485416 -0.0821322 0.0988511][-0.0821322 6.41023 1.64594][0.0988511 1.64594 1.81738]]
weight = 0.0280006 mean = [6.13821 1.01405 2.76922] covariance = [[0.583279 0.195166 -0.411654][0.195166 1.41572 0.204818][-0.411654 0.204818 3.68185]]
weight = 0.0964073 mean = [-6.64648 1.02906 -0.649753] covariance = [[4.88905 0.367321 1.95351][0.367321 3.21335 0.971755][1.95351 0.971755 5.3523]]
weight = 0.446724 mean = [3.65797 2.01436 -2.27533] covariance = [[3.11118 0.82049 0.766849][0.82049 2.00106 0.651488][0.766849 0.651488 0.836314]]
weight = 0.129235 mean = [-1.28325 3.506 -2.72188] covariance = [[2.98771 -1.46317 0.207339][-1.46317 1.04945 0.0866814][0.207339 0.0866814 0.62304]]
weight = 0.17062 mean = [2.86523 3.64369 2.01339] covariance = [[6.9333 -0.813778 0.759121][-0.813778 5.19379 1.18415][0.759121 1.18415 4.26255]]
]
2025-05-21 00:26:27 INFO  ren0 [octree.h:534] root weight: 1.775e+06 (1775104.500000)
2025-05-21 00:26:27 INFO  ren0 [octree.h:535] splitting threshold: 1.775e+03 (1775.104614)
2025-05-21 00:26:27 INFO  ren0 [octree.h:534] root weight: 2.231e+05 (223057.437500)
2025-05-21 00:26:27 INFO  ren0 [octree.h:535] splitting threshold: 2.231e+02 (223.057449)
2025-05-21 00:26:27 INFO  ren0 [octree.h:550] node count: 777 -> 882 -> 776

2025-05-21 00:26:27 INFO  ren0 [octree.h:550] node count: 465 -> 484 -> 461

2025-05-21 00:26:27 INFO  ren0 [MIFocalGuidingPathTracer] ITERATION 4, until 50.0 seconds
2025-05-21 00:26:49 INFO  ren0 [MIFocalGuidingPathTracer]   89.17 seconds elapsed, passes this iteration: 1, total passes: 10
2025-05-21 00:26:49 INFO  ren0 [MIFocalGuidingPathTracer] Got 62932 non-zero samples
2025-05-21 00:26:49 INFO  ren0 [gaussian_mixture_model.h:815] Processing mega batch of size 62932
2025-05-21 00:26:49 INFO  ren0 [gaussian_mixture_model.h:215] Before splitting
2025-05-21 00:26:49 INFO  ren0 [gaussian_mixture_model.h:216] GMM[
weight = 0.0673492 mean = [1.03299 2.21724 -2.43643] covariance = [[2.19788 -1.0125 0.0100068][-1.0125 1.00706 0.189018][0.0100068 0.189018 0.862878]]
weight = 0.0269792 mean = [-0.186276 2.88457 -2.27735] covariance = [[1.38712 -0.544831 -0.0528866][-0.544831 0.704545 0.248819][-0.0528866 0.248819 0.843595]]
weight = 0.0385587 mean = [6.32728 1.13006 0.937341] covariance = [[0.498927 0.156929 -0.429917][0.156929 1.62143 0.357206][-0.429917 0.357206 4.64906]]
weight = 0.000746943 mean = [-18.0896 -1.7287 -1.19458] covariance = [[0.704083 0.00227691 0.0555735][0.00227691 6.43175 1.8371][0.0555735 1.8371 2.19475]]
weight = 0.0234432 mean = [6.25816 1.54846 2.48086] covariance = [[0.45203 0.0363716 -0.129566][0.0363716 1.54983 0.11912][-0.129566 0.11912 3.06506]]
weight = 0.045945 mean = [-6.16809 1.25305 -0.504048] covariance = [[6.62429 -0.277433 1.62356][-0.277433 4.68122 -0.0858072][1.62356 -0.0858072 5.03796]]
weight = 0.441623 mean = [3.32991 1.94726 -2.32408] covariance = [[2.39928 0.737857 0.722228][0.737857 1.73589 0.609332][0.722228 0.609332 0.784092]]
weight = 0.147105 mean = [-1.44214 3.56617 -2.73492] covariance = [[4.32361 -2.39218 0.145918][-2.39218 1.52121 0.0398707][0.145918 0.0398707 0.33582]]
weight = 0.20825 mean = [3.14491 3.14991 1.60689] covariance = [[5.00553 0.278358 0.96494][0.278358 3.71095 0.504298][0.96494 0.504298 2.82152]]
]
2025-05-21 00:26:49 INFO  ren0 [gaussian_mixture_model.h:218] Before merging
2025-05-21 00:26:49 INFO  ren0 [gaussian_mixture_model.h:219] GMM[
weight = 0.0336746 mean = [1.75469 1.80132 -2.47365] covariance = [[1.1562 -0.412172 0.0637343][-0.412172 0.661097 0.158055][0.0637343 0.158055 0.860117]]
weight = 0.0269792 mean = [-0.186276 2.88457 -2.27735] covariance = [[1.38712 -0.544831 -0.0528866][-0.544831 0.704545 0.248819][-0.0528866 0.248819 0.843595]]
