2025-05-21 20:10:05 INFO  main [mitsuba.cpp:274] Mitsuba version 0.6.0 (Linux, 64 bit), Copyright (c) 2017 Wenzel Jakob
2025-05-21 20:10:05 INFO  main [mitsuba.cpp:377] Parsing scene description from "scene/modern-hall/modern-hall.xml" ..
2025-05-21 20:10:05 INFO  main [scenehandler.cpp:675] In file "/mitsuba/scene/modern-hall/modern-hall.xml" (near line 20): Parsing included file "pmm_focal_recursive.xml" ..
2025-05-21 20:10:05 INFO  main [PluginManager] Loading plugin "plugins/pmm_focal_recursive.so" ..
2025-05-21 20:10:05 INFO  main [octree.h:534] root weight: 8.000e-20 (0.000000)
2025-05-21 20:10:05 INFO  main [octree.h:535] splitting threshold: 8.000e-23 (0.000000)
2025-05-21 20:10:05 INFO  main [octree.h:550] node count: 1 -> 585 -> 585

2025-05-21 20:10:05 INFO  main [octree.h:534] root weight: 8.000e-20 (0.000000)
2025-05-21 20:10:05 INFO  main [octree.h:535] splitting threshold: 8.000e-23 (0.000000)
2025-05-21 20:10:05 INFO  main [octree.h:550] node count: 1 -> 585 -> 585

2025-05-21 20:10:05 INFO  main [MIFocalGuidingPathTracer] Final render will have 32 spp, m_budget will not be taken into account.
2025-05-21 20:10:05 INFO  main [MIFocalGuidingPathTracer] budget: 1800
2025-05-21 20:10:05 INFO  main [MIFocalGuidingPathTracer] dumpPrimaryRays: false
2025-05-21 20:10:05 INFO  main [MIFocalGuidingPathTracer] dumpScene: false
2025-05-21 20:10:05 INFO  main [MIFocalGuidingPathTracer] finalSpp: 32
2025-05-21 20:10:05 INFO  main [MIFocalGuidingPathTracer] gmm.alpha: 0.4
2025-05-21 20:10:05 INFO  main [MIFocalGuidingPathTracer] gmm.initMethod: KMeans
2025-05-21 20:10:05 INFO  main [MIFocalGuidingPathTracer] gmm.maxNumComp: 10
2025-05-21 20:10:05 INFO  main [MIFocalGuidingPathTracer] gmm.mergingThreshold: 0.65
2025-05-21 20:10:05 INFO  main [MIFocalGuidingPathTracer] gmm.minNumComp: 3
2025-05-21 20:10:05 INFO  main [MIFocalGuidingPathTracer] gmm.splittingThreshold: 100
2025-05-21 20:10:05 INFO  main [MIFocalGuidingPathTracer] iterationBudget: 10
2025-05-21 20:10:05 INFO  main [MIFocalGuidingPathTracer] iterationCount: 20
2025-05-21 20:10:05 INFO  main [MIFocalGuidingPathTracer] maxDepth: 40
2025-05-21 20:10:05 INFO  main [MIFocalGuidingPathTracer] minSamplesToStartFitting: 10
2025-05-21 20:10:05 INFO  main [MIFocalGuidingPathTracer] normalBinning: disabled
2025-05-21 20:10:05 INFO  main [MIFocalGuidingPathTracer] renderMaxSeconds: 36000
2025-05-21 20:10:05 INFO  main [MIFocalGuidingPathTracer] rrDepth: 14
2025-05-21 20:10:05 INFO  main [MIFocalGuidingPathTracer] samplingMode: 2
2025-05-21 20:10:05 INFO  main [MIFocalGuidingPathTracer] shouldPretrain: true
2025-05-21 20:10:05 INFO  main [MIFocalGuidingPathTracer] strictNormals: true
2025-05-21 20:10:05 INFO  main [MIFocalGuidingPathTracer] trainingSamples: 4
2025-05-21 20:10:05 INFO  main [MIFocalGuidingPathTracer] tree.threshold: 0.001
2025-05-21 20:10:05 INFO  main [MIFocalGuidingPathTracer] unboundedSplatting: true
2025-05-21 20:10:05 INFO  main [PluginManager] Loading plugin "plugins/independent.so" ..
2025-05-21 20:10:05 INFO  main [PluginManager] Loading plugin "plugins/box.so" ..
2025-05-21 20:10:05 INFO  main [PluginManager] Loading plugin "plugins/hdrfilm.so" ..
2025-05-21 20:10:05 INFO  main [PluginManager] Loading plugin "plugins/perspective.so" ..
2025-05-21 20:10:05 INFO  main [PluginManager] Loading plugin "plugins/dielectric.so" ..
2025-05-21 20:10:05 INFO  main [PluginManager] Loading plugin "plugins/bitmap.so" ..
2025-05-21 20:10:05 INFO  main [BitmapTexture] Loading texture "wood5.jpg"
2025-05-21 20:10:05 INFO  main [PluginManager] Loading plugin "plugins/lanczos.so" ..
2025-05-21 20:10:05 INFO  main [MIPMap] Generating MIP map cache file "/mitsuba/scene/modern-hall/textures/wood5.mip" ..
2025-05-21 20:10:05 INFO  main [PluginManager] Loading plugin "plugins/roughplastic.so" ..
2025-05-21 20:10:05 INFO  main [PluginManager] Loading plugin "plugins/twosided.so" ..
2025-05-21 20:10:05 INFO  main [BitmapTexture] Loading texture "Tiles.jpg"
2025-05-21 20:10:05 INFO  main [PluginManager] Loading plugin "plugins/diffuse.so" ..
2025-05-21 20:10:05 INFO  main [BitmapTexture] Loading texture "Wallpaper.jpg"
2025-05-21 20:10:05 INFO  main [PluginManager] Loading plugin "plugins/roughconductor.so" ..
2025-05-21 20:10:05 INFO  main [spectrum.cpp:599] "Cu.eta.spd": loaded a spectral power distribution with 55 entries (between 302.400421 and 885.601257 nm)
2025-05-21 20:10:05 INFO  main [spectrum.cpp:599] "Cu.k.spd": loaded a spectral power distribution with 55 entries (between 302.400421 and 885.601257 nm)
2025-05-21 20:10:05 INFO  main [spectrum.cpp:599] "Cu.eta.spd": loaded a spectral power distribution with 55 entries (between 302.400421 and 885.601257 nm)
2025-05-21 20:10:05 INFO  main [spectrum.cpp:599] "Cu.k.spd": loaded a spectral power distribution with 55 entries (between 302.400421 and 885.601257 nm)
2025-05-21 20:10:05 INFO  main [PluginManager] Loading plugin "plugins/difftrans.so" ..
2025-05-21 20:10:05 INFO  main [PluginManager] Loading plugin "plugins/area.so" ..
2025-05-21 20:10:05 INFO  main [PluginManager] Loading plugin "plugins/rectangle.so" ..
2025-05-21 20:10:05 INFO  main [PluginManager] Loading plugin "plugins/cube.so" ..
2025-05-21 20:10:05 INFO  main [PluginManager] Loading plugin "plugins/obj.so" ..
2025-05-21 20:10:05 INFO  main [WavefrontOBJ] Loading geometry from "Mesh008.obj" ..
2025-05-21 20:10:06 INFO  main [WavefrontOBJ] Mesh008: 5184 triangles, 2664 vertices (merged 12888 vertices).
2025-05-21 20:10:06 INFO  main [WavefrontOBJ] Done with "Mesh008.obj" (took 12 ms)
2025-05-21 20:10:06 INFO  main [WavefrontOBJ] Loading geometry from "Mesh004.obj" ..
2025-05-21 20:10:06 INFO  main [WavefrontOBJ] Mesh004: 5184 triangles, 2664 vertices (merged 12888 vertices).
2025-05-21 20:10:06 INFO  main [WavefrontOBJ] Done with "Mesh004.obj" (took 10 ms)
2025-05-21 20:10:06 INFO  main [WavefrontOBJ] Loading geometry from "Mesh003.obj" ..
2025-05-21 20:10:06 INFO  main [WavefrontOBJ] Mesh003: 5184 triangles, 2664 vertices (merged 12888 vertices).
2025-05-21 20:10:06 INFO  main [WavefrontOBJ] Done with "Mesh003.obj" (took 10 ms)
2025-05-21 20:10:06 INFO  main [WavefrontOBJ] Loading geometry from "Mesh006.obj" ..
2025-05-21 20:10:06 INFO  main [WavefrontOBJ] Mesh006: 5184 triangles, 2664 vertices (merged 12888 vertices).
2025-05-21 20:10:06 INFO  main [WavefrontOBJ] Done with "Mesh006.obj" (took 11 ms)
2025-05-21 20:10:06 INFO  main [WavefrontOBJ] Loading geometry from "Mesh012.obj" ..
2025-05-21 20:10:06 INFO  main [WavefrontOBJ] Mesh012: 444 triangles, 882 vertices (merged 450 vertices).
2025-05-21 20:10:06 INFO  main [WavefrontOBJ] Done with "Mesh012.obj" (took 2 ms)
2025-05-21 20:10:06 INFO  main [WavefrontOBJ] Loading geometry from "Mesh013.obj" ..
2025-05-21 20:10:06 INFO  main [WavefrontOBJ] Mesh013: 5184 triangles, 2664 vertices (merged 12888 vertices).
2025-05-21 20:10:06 INFO  main [WavefrontOBJ] Done with "Mesh013.obj" (took 11 ms)
2025-05-21 20:10:06 INFO  main [WavefrontOBJ] Loading geometry from "Mesh010.obj" ..
2025-05-21 20:10:06 INFO  main [WavefrontOBJ] Mesh010: 32 triangles, 60 vertices (merged 36 vertices).
2025-05-21 20:10:06 INFO  main [WavefrontOBJ] Done with "Mesh010.obj" (took 0 ms)
2025-05-21 20:10:06 INFO  main [WavefrontOBJ] Loading geometry from "Mesh015.obj" ..
2025-05-21 20:10:06 INFO  main [WavefrontOBJ] Mesh015: 32 triangles, 60 vertices (merged 36 vertices).
2025-05-21 20:10:06 INFO  main [WavefrontOBJ] Done with "Mesh015.obj" (took 0 ms)
2025-05-21 20:10:06 INFO  main [WavefrontOBJ] Loading geometry from "Mesh002.obj" ..
2025-05-21 20:10:06 INFO  main [WavefrontOBJ] Mesh002: 32 triangles, 60 vertices (merged 36 vertices).
2025-05-21 20:10:06 INFO  main [WavefrontOBJ] Done with "Mesh002.obj" (took 0 ms)
2025-05-21 20:10:06 INFO  main [WavefrontOBJ] Loading geometry from "Mesh007.obj" ..
2025-05-21 20:10:06 INFO  main [WavefrontOBJ] Mesh007: 32 triangles, 60 vertices (merged 36 vertices).
2025-05-21 20:10:06 INFO  main [WavefrontOBJ] Done with "Mesh007.obj" (took 0 ms)
2025-05-21 20:10:06 INFO  main [WavefrontOBJ] Loading geometry from "Mesh005.obj" ..
2025-05-21 20:10:06 INFO  main [WavefrontOBJ] Mesh005: 12 triangles, 20 vertices (merged 16 vertices).
2025-05-21 20:10:06 INFO  main [WavefrontOBJ] Done with "Mesh005.obj" (took 0 ms)
2025-05-21 20:10:06 INFO  main [WavefrontOBJ] Loading geometry from "Mesh016.obj" ..
2025-05-21 20:10:06 INFO  main [WavefrontOBJ] Mesh016: 120 triangles, 204 vertices (merged 156 vertices).
2025-05-21 20:10:06 INFO  main [WavefrontOBJ] Done with "Mesh016.obj" (took 0 ms)
2025-05-21 20:10:06 INFO  main [WavefrontOBJ] Loading geometry from "Mesh017.obj" ..
2025-05-21 20:10:06 INFO  main [WavefrontOBJ] Mesh017: 20 triangles, 40 vertices (merged 20 vertices).
2025-05-21 20:10:06 INFO  main [WavefrontOBJ] Done with "Mesh017.obj" (took 0 ms)
2025-05-21 20:10:06 INFO  main [WavefrontOBJ] Loading geometry from "Mesh018.obj" ..
2025-05-21 20:10:06 INFO  main [WavefrontOBJ] Mesh018: 2 triangles, 4 vertices (merged 2 vertices).
2025-05-21 20:10:06 INFO  main [WavefrontOBJ] Done with "Mesh018.obj" (took 0 ms)
2025-05-21 20:10:06 INFO  main [WavefrontOBJ] Loading geometry from "Mesh011.obj" ..
2025-05-21 20:10:06 INFO  main [WavefrontOBJ] Mesh011: 32 triangles, 30 vertices (merged 66 vertices).
2025-05-21 20:10:06 INFO  main [WavefrontOBJ] Done with "Mesh011.obj" (took 0 ms)
2025-05-21 20:10:06 INFO  main [PluginManager] Loading plugin "plugins/homogeneous.so" ..
2025-05-21 20:10:06 INFO  main [PluginManager] Loading plugin "plugins/isotropic.so" ..
2025-05-21 20:10:06 INFO  main [WavefrontOBJ] Loading geometry from "Mesh014.obj" ..
2025-05-21 20:10:06 INFO  main [WavefrontOBJ] Mesh014: 36 triangles, 72 vertices (merged 36 vertices).
2025-05-21 20:10:06 INFO  main [WavefrontOBJ] Done with "Mesh014.obj" (took 0 ms)
2025-05-21 20:10:06 INFO  main [WavefrontOBJ] Loading geometry from "Mesh001.obj" ..
2025-05-21 20:10:06 INFO  main [WavefrontOBJ] Mesh001: 924 triangles, 2016 vertices (merged 756 vertices).
2025-05-21 20:10:06 INFO  main [WavefrontOBJ] Done with "Mesh001.obj" (took 5 ms)
2025-05-21 20:10:06 INFO  main [WavefrontOBJ] Loading geometry from "Mesh000.obj" ..
2025-05-21 20:10:06 INFO  main [WavefrontOBJ] Mesh000: 3127 triangles, 2075 vertices (merged 7306 vertices).
2025-05-21 20:10:06 INFO  main [WavefrontOBJ] Done with "Mesh000.obj" (took 12 ms)
2025-05-21 20:10:06 INFO  main [WavefrontOBJ] Loading geometry from "Mesh009.obj" ..
2025-05-21 20:10:06 INFO  main [WavefrontOBJ] Mesh009: 146 triangles, 110 vertices (merged 328 vertices).
2025-05-21 20:10:06 INFO  main [WavefrontOBJ] Done with "Mesh009.obj" (took 0 ms)
2025-05-21 20:10:06 INFO  ren0 [KDTreeBase] Constructing a SAH kd-tree (30963 primitives) ..
2025-05-21 20:10:06 INFO  ren0 [KDTreeBase] Finished -- took 115 ms.
2025-05-21 20:10:06 INFO  ren0 [octree.h:534] root weight: 8.000e-20 (0.000000)
2025-05-21 20:10:06 INFO  ren0 [octree.h:535] splitting threshold: 8.000e-23 (0.000000)
2025-05-21 20:10:06 INFO  ren0 [octree.h:550] node count: 1 -> 585 -> 585

2025-05-21 20:10:06 INFO  ren0 [octree.h:534] root weight: 4.096e-17 (0.000000)
2025-05-21 20:10:06 INFO  ren0 [octree.h:535] splitting threshold: 4.096e-20 (0.000000)
2025-05-21 20:10:06 INFO  ren0 [octree.h:550] node count: 585 -> 585 -> 585

2025-05-21 20:10:06 INFO  ren0 [octree.h:534] root weight: 8.000e-20 (0.000000)
2025-05-21 20:10:06 INFO  ren0 [octree.h:535] splitting threshold: 8.000e-23 (0.000000)
2025-05-21 20:10:06 INFO  ren0 [octree.h:550] node count: 1 -> 585 -> 585

2025-05-21 20:10:06 INFO  ren0 [octree.h:534] root weight: 8.000e-20 (0.000000)
2025-05-21 20:10:06 INFO  ren0 [octree.h:535] splitting threshold: 8.000e-23 (0.000000)
2025-05-21 20:10:06 INFO  ren0 [octree.h:550] node count: 1 -> 585 -> 585

2025-05-21 20:10:06 INFO  ren0 [octree.h:534] root weight: 4.096e-17 (0.000000)
2025-05-21 20:10:06 INFO  ren0 [octree.h:535] splitting threshold: 4.096e-20 (0.000000)
2025-05-21 20:10:06 INFO  ren0 [octree.h:550] node count: 585 -> 585 -> 585

2025-05-21 20:10:06 INFO  ren0 [octree.h:534] root weight: 8.000e-20 (0.000000)
2025-05-21 20:10:06 INFO  ren0 [octree.h:535] splitting threshold: 8.000e-23 (0.000000)
2025-05-21 20:10:06 INFO  ren0 [octree.h:550] node count: 1 -> 585 -> 585

2025-05-21 20:10:06 INFO  ren0 [MIFocalGuidingPathTracer] AABB3[min=[-21.7494, -3.70393, -3.09172], max=[7.19249, 11.2965, 6.96201]]
2025-05-21 20:10:06 INFO  ren0 [MIFocalGuidingPathTracer] Starting render job (1280x720, 12 cores, SSE2 enabled) ..
2025-05-21 20:10:06 INFO  ren0 [MIFocalGuidingPathTracer] ITERATION 0, until 10.0 seconds
2025-05-21 20:10:16 INFO  ren0 [MIFocalGuidingPathTracer]   10.32 seconds elapsed, passes this iteration: 7, total passes: 7
2025-05-21 20:10:16 INFO  ren0 [MIFocalGuidingPathTracer] Got 139392 non-zero samples
2025-05-21 20:10:16 INFO  ren0 [MIFocalGuidingPathTracer] Resetting after 6 iteration
2025-05-21 20:10:16 INFO  ren0 [gaussian_mixture_model.h:821] Processing mega batch of size 139392
2025-05-21 20:10:16 INFO  ren0 [gaussian_mixture_model.h:557] KMeans
2025-05-21 20:10:16 INFO  ren0 [gaussian_mixture_model.h:560] GMM[
weight = 0.16846 mean = [4.55955 0.774746 -0.0157001] covariance = [[1.85262 -0.068882 -0.8685][-0.068882 2.22162 0.581116][-0.8685 0.581116 2.28677]]
weight = 0.12509 mean = [-0.963278 5.13131 2.0931] covariance = [[6.5863 -0.590516 -1.10011][-0.590516 5.46675 0.530718][-1.10011 0.530718 3.59632]]
weight = 0.07471 mean = [-9.59688 1.13722 0.913055] covariance = [[6.91317 -1.20785 0.899661][-1.20785 6.0227 -0.385723][0.899661 -0.385723 4.83209]]
weight = 0.0886 mean = [-0.78735 -0.727694 0.5357] covariance = [[4.58369 0.00706899 0.211868][0.00706899 2.54048 -0.540383][0.211868 -0.540383 4.12436]]
weight = 0.09186 mean = [-5.00231 4.61923 -1.39119] covariance = [[5.47612 -1.27205 -1.31906][-1.27205 4.93954 0.52613][-1.31906 0.52613 1.8881]]
weight = 0.01371 mean = [-15.2633 6.91587 3.11096] covariance = [[10.7141 2.43476 3.42233][2.43476 10.3497 -0.945891][3.42233 -0.945891 6.90858]]
weight = 0.13942 mean = [1.89388 1.84854 -2.03659] covariance = [[1.55058 -0.617423 -0.0632265][-0.617423 1.44359 0.206937][-0.0632265 0.206937 0.783097]]
weight = 0.10798 mean = [4.96759 4.06275 4.80026] covariance = [[1.76175 0.0525435 -0.0860316][0.0525435 3.48926 -0.583299][-0.0860316 -0.583299 1.82888]]
weight = 0.09168 mean = [5.36864 -0.0144262 3.85901] covariance = [[1.78328 0.644418 -0.537547][0.644418 2.50701 -0.234258][-0.537547 -0.234258 2.20472]]
weight = 0.09849 mean = [4.8925 4.93998 -0.598802] covariance = [[2.03272 -0.516249 0.137913][-0.516249 2.47581 0.251617][0.137913 0.251617 2.06391]]
]
2025-05-21 20:10:16 INFO  ren0 [gaussian_mixture_model.h:215] Before splitting
2025-05-21 20:10:16 INFO  ren0 [gaussian_mixture_model.h:216] GMM[
weight = 0.0870402 mean = [4.02301 1.36083 0.36688] covariance = [[2.71663 -0.201612 -1.28468][-0.201612 2.08013 0.670918][-1.28468 0.670918 2.88184]]
weight = 0.0742401 mean = [-0.12582 4.38356 1.2382] covariance = [[5.97975 -1.05436 -0.445602][-1.05436 4.24953 0.530992][-0.445602 0.530992 3.71455]]
weight = 0.0174976 mean = [-8.65713 1.87868 0.311489] covariance = [[8.22115 -1.44525 1.09823][-1.44525 6.23122 -1.2616][1.09823 -1.2616 5.68564]]
weight = 0.0326242 mean = [0.10691 0.259143 -0.227426] covariance = [[5.32543 0.250739 -0.27207][0.250739 3.78993 -1.16325][-0.27207 -1.16325 5.32902]]
weight = 0.132797 mean = [-3.62549 4.40599 -2.49305] covariance = [[4.47727 -1.15146 -0.645622][-1.15146 2.04444 0.0500255][-0.645622 0.0500255 0.896506]]
weight = 0.00343219 mean = [-15.8161 6.72211 1.91676] covariance = [[13.2772 4.0757 3.35443][4.0757 13.4707 -0.452731][3.35443 -0.452731 6.68974]]
weight = 0.507106 mean = [1.82689 1.64615 -2.77105] covariance = [[1.43467 -0.770452 -0.0146251][-0.770452 0.749403 0.113918][-0.0146251 0.113918 0.300082]]
weight = 0.0563793 mean = [5.30217 3.75728 4.92893] covariance = [[1.75758 0.0527788 0.312995][0.0527788 2.50125 -0.42264][0.312995 -0.42264 2.33013]]
weight = 0.0290345 mean = [5.66975 0.854538 3.6767] covariance = [[1.79738 0.554955 -0.527606][0.554955 2.57638 -0.0987316][-0.527606 -0.0987316 2.88132]]
weight = 0.0598497 mean = [4.83974 4.47322 -0.885558] covariance = [[2.49797 -0.202308 0.559565][-0.202308 1.72453 0.105715][0.559565 0.105715 2.46622]]
]
2025-05-21 20:10:16 INFO  ren0 [gaussian_mixture_model.h:218] Before merging
2025-05-21 20:10:16 INFO  ren0 [gaussian_mixture_model.h:219] GMM[
weight = 0.0870402 mean = [4.02301 1.36083 0.36688] covariance = [[2.71663 -0.201612 -1.28468][-0.201612 2.08013 0.670918][-1.28468 0.670918 2.88184]]
weight = 0.0742401 mean = [-0.12582 4.38356 1.2382] covariance = [[5.97975 -1.05436 -0.445602][-1.05436 4.24953 0.530992][-0.445602 0.530992 3.71455]]
weight = 0.0174976 mean = [-8.65713 1.87868 0.311489] covariance = [[8.22115 -1.44525 1.09823][-1.44525 6.23122 -1.2616][1.09823 -1.2616 5.68564]]
weight = 0.0326242 mean = [0.10691 0.259143 -0.227426] covariance = [[5.32543 0.250739 -0.27207][0.250739 3.78993 -1.16325][-0.27207 -1.16325 5.32902]]
weight = 0.132797 mean = [-3.62549 4.40599 -2.49305] covariance = [[4.47727 -1.15146 -0.645622][-1.15146 2.04444 0.0500255][-0.645622 0.0500255 0.896506]]
weight = 0.00343219 mean = [-15.8161 6.72211 1.91676] covariance = [[13.2772 4.0757 3.35443][4.0757 13.4707 -0.452731][3.35443 -0.452731 6.68974]]
weight = 0.507106 mean = [1.82689 1.64615 -2.77105] covariance = [[1.43467 -0.770452 -0.0146251][-0.770452 0.749403 0.113918][-0.0146251 0.113918 0.300082]]
weight = 0.0563793 mean = [5.30217 3.75728 4.92893] covariance = [[1.75758 0.0527788 0.312995][0.0527788 2.50125 -0.42264][0.312995 -0.42264 2.33013]]
weight = 0.0290345 mean = [5.66975 0.854538 3.6767] covariance = [[1.79738 0.554955 -0.527606][0.554955 2.57638 -0.0987316][-0.527606 -0.0987316 2.88132]]
weight = 0.0598497 mean = [4.83974 4.47322 -0.885558] covariance = [[2.49797 -0.202308 0.559565][-0.202308 1.72453 0.105715][0.559565 0.105715 2.46622]]
]
2025-05-21 20:10:16 INFO  ren0 [gaussian_mixture_model.h:215] Before splitting
2025-05-21 20:10:16 INFO  ren0 [gaussian_mixture_model.h:216] GMM[
weight = 0.0883014 mean = [3.79525 1.44372 0.465747] covariance = [[2.80015 -0.346665 -1.23321][-0.346665 2.0255 0.625693][-1.23321 0.625693 2.84402]]
weight = 0.0763183 mean = [0.0906669 4.25003 1.06149] covariance = [[6.08578 -1.12813 -0.490934][-1.12813 4.31967 0.563696][-0.490934 0.563696 3.60294]]
weight = 0.0187341 mean = [-8.22982 1.96479 0.175546] covariance = [[7.20663 -1.22506 1.22223][-1.22506 5.49268 -0.680994][1.22223 -0.680994 5.54695]]
weight = 0.0309323 mean = [0.277099 0.383306 -0.165638] covariance = [[5.55518 0.240624 -0.145874][0.240624 4.13919 -0.999566][-0.145874 -0.999566 4.85097]]
weight = 0.133297 mean = [-3.44427 4.31633 -2.5415] covariance = [[4.18554 -1.05054 -0.544002][-1.05054 1.63062 0.0373478][-0.544002 0.0373478 0.718809]]
weight = 0.0028891 mean = [-15.1642 6.45192 1.96009] covariance = [[14.7153 5.21652 3.32633][5.21652 13.5072 -0.00155447][3.32633 -0.00155447 6.20872]]
weight = 0.537616 mean = [1.87925 1.57972 -2.82389] covariance = [[1.41381 -0.78232 -0.00345305][-0.78232 0.656101 0.0639754][-0.00345305 0.0639754 0.199038]]
weight = 0.0534182 mean = [5.40273 2.2836 4.18712] covariance = [[1.69283 0.214549 -0.325034][0.214549 4.81104 0.665286][-0.325034 0.665286 2.92556]]
weight = 0.058494 mean = [4.68558 4.4508 -0.856202] covariance = [[2.67684 0.0199615 0.725021][0.0199615 1.64324 0.26187][0.725021 0.26187 2.50132]]
]
2025-05-21 20:10:16 INFO  ren0 [gaussian_mixture_model.h:218] Before merging
2025-05-21 20:10:16 INFO  ren0 [gaussian_mixture_model.h:219] GMM[
weight = 0.0441507 mean = [4.47121 1.13865 -0.253395] covariance = [[1.88632 0.0657581 -0.260989][0.0657581 1.83938 0.186922][-0.260989 0.186922 1.8097]]
weight = 0.0763183 mean = [0.0906669 4.25003 1.06149] covariance = [[6.08578 -1.12813 -0.490934][-1.12813 4.31967 0.563696][-0.490934 0.563696 3.60294]]
weight = 0.0187341 mean = [-8.22982 1.96479 0.175546] covariance = [[7.20663 -1.22506 1.22223][-1.22506 5.49268 -0.680994][1.22223 -0.680994 5.54695]]
weight = 0.0309323 mean = [0.277099 0.383306 -0.165638] covariance = [[5.55518 0.240624 -0.145874][0.240624 4.13919 -0.999566][-0.145874 -0.999566 4.85097]]
weight = 0.133297 mean = [-3.44427 4.31633 -2.5415] covariance = [[4.18554 -1.05054 -0.544002][-1.05054 1.63062 0.0373478][-0.544002 0.0373478 0.718809]]
weight = 0.0028891 mean = [-15.1642 6.45192 1.96009] covariance = [[14.7153 5.21652 3.32633][5.21652 13.5072 -0.00155447][3.32633 -0.00155447 6.20872]]
weight = 0.537616 mean = [1.87925 1.57972 -2.82389] covariance = [[1.41381 -0.78232 -0.00345305][-0.78232 0.656101 0.0639754][-0.00345305 0.0639754 0.199038]]
weight = 0.0441507 mean = [3.11929 1.74878 1.18489] covariance = [[1.88632 0.0657581 -0.260989][0.0657581 1.83938 0.186922][-0.260989 0.186922 1.8097]]
weight = 0.0534182 mean = [5.40273 2.2836 4.18712] covariance = [[1.69283 0.214549 -0.325034][0.214549 4.81104 0.665286][-0.325034 0.665286 2.92556]]
weight = 0.058494 mean = [4.68558 4.4508 -0.856202] covariance = [[2.67684 0.0199615 0.725021][0.0199615 1.64324 0.26187][0.725021 0.26187 2.50132]]
]
2025-05-21 20:10:16 INFO  ren0 [MIFocalGuidingPathTracer] GMM[
weight = 0.0441507 mean = [4.47121 1.13865 -0.253395] covariance = [[1.88632 0.0657581 -0.260989][0.0657581 1.83938 0.186922][-0.260989 0.186922 1.8097]]
weight = 0.0187341 mean = [-8.22982 1.96479 0.175546] covariance = [[7.20663 -1.22506 1.22223][-1.22506 5.49268 -0.680994][1.22223 -0.680994 5.54695]]
weight = 0.107251 mean = [0.144436 3.13482 0.707575] covariance = [[5.93989 -0.88131 -0.438367][-0.88131 7.33613 1.08665][-0.438367 1.08665 4.27194]]
weight = 0.133297 mean = [-3.44427 4.31633 -2.5415] covariance = [[4.18554 -1.05054 -0.544002][-1.05054 1.63062 0.0373478][-0.544002 0.0373478 0.718809]]
weight = 0.0028891 mean = [-15.1642 6.45192 1.96009] covariance = [[14.7153 5.21652 3.32633][5.21652 13.5072 -0.00155447][3.32633 -0.00155447 6.20872]]
weight = 0.537615 mean = [1.87925 1.57972 -2.82389] covariance = [[1.41381 -0.78232 -0.00345305][-0.78232 0.656101 0.0639754][-0.00345305 0.0639754 0.199038]]
weight = 0.0441507 mean = [3.11929 1.74878 1.18489] covariance = [[1.88632 0.0657581 -0.260989][0.0657581 1.83938 0.186922][-0.260989 0.186922 1.8097]]
weight = 0.0534182 mean = [5.40273 2.2836 4.18712] covariance = [[1.69283 0.214549 -0.325034][0.214549 4.81104 0.665286][-0.325034 0.665286 2.92556]]
weight = 0.058494 mean = [4.68558 4.4508 -0.856202] covariance = [[2.67684 0.0199615 0.725021][0.0199615 1.64324 0.26187][0.725021 0.26187 2.50132]]
]
2025-05-21 20:10:16 INFO  ren0 [octree.h:534] root weight: 3.414e+06 (3414062.750000)
2025-05-21 20:10:16 INFO  ren0 [octree.h:535] splitting threshold: 3.414e+03 (3414.062988)
2025-05-21 20:10:16 INFO  ren0 [octree.h:534] root weight: 3.372e+05 (337210.500000)
2025-05-21 20:10:16 INFO  ren0 [octree.h:535] splitting threshold: 3.372e+02 (337.210510)
2025-05-21 20:10:16 INFO  ren0 [octree.h:550] node count: 585 -> 882 -> 697

2025-05-21 20:10:16 INFO  ren0 [octree.h:550] node count: 585 -> 606 -> 455

2025-05-21 20:10:16 INFO  ren0 [MIFocalGuidingPathTracer] ITERATION 1, until 20.0 seconds
2025-05-21 20:10:36 INFO  ren0 [MIFocalGuidingPathTracer]   30.65 seconds elapsed, passes this iteration: 1, total passes: 8
2025-05-21 20:10:36 INFO  ren0 [MIFocalGuidingPathTracer] Got 115485 non-zero samples
2025-05-21 20:10:36 INFO  ren0 [MIFocalGuidingPathTracer] Resetting after 6 iteration
2025-05-21 20:10:36 INFO  ren0 [gaussian_mixture_model.h:821] Processing mega batch of size 115485
2025-05-21 20:10:36 INFO  ren0 [gaussian_mixture_model.h:215] Before splitting
2025-05-21 20:10:36 INFO  ren0 [gaussian_mixture_model.h:216] GMM[
weight = 0.0721805 mean = [4.21814 1.33354 -0.139776] covariance = [[2.57233 -0.239401 -0.742501][-0.239401 2.15548 0.414844][-0.742501 0.414844 2.48271]]
weight = 0.0164226 mean = [-7.577 2.25378 0.721149] covariance = [[6.07443 -1.92113 0.970422][-1.92113 6.89967 -1.2556][0.970422 -1.2556 6.51658]]
weight = 0.104262 mean = [0.996821 2.94351 0.665289] covariance = [[5.20408 -0.479242 -0.702413][-0.479242 7.74554 0.568027][-0.702413 0.568027 4.21082]]
weight = 0.078228 mean = [-3.08241 4.27322 -2.5589] covariance = [[5.13728 -1.56008 -0.352232][-1.56008 1.75409 0.0262601][-0.352232 0.0262601 0.556183]]
weight = 0.00348775 mean = [-13.8193 6.65805 3.21407] covariance = [[11.307 4.16107 1.07208][4.16107 10.0092 -1.56561][1.07208 -1.56561 7.31481]]
weight = 0.512315 mean = [1.76984 1.61464 -2.87031] covariance = [[1.52992 -0.857009 0.0187507][-0.857009 0.608167 0.0236502][0.0187507 0.0236502 0.11275]]
weight = 0.0481454 mean = [2.90651 1.98797 1.23813] covariance = [[1.59587 0.0221539 -0.359751][0.0221539 1.74335 0.261184][-0.359751 0.261184 1.98562]]
weight = 0.0615531 mean = [5.53635 2.28356 4.35859] covariance = [[1.74541 -0.155568 -0.179562][-0.155568 4.02661 0.340029][-0.179562 0.340029 3.88908]]
weight = 0.103406 mean = [4.91446 4.36606 -1.19562] covariance = [[2.71238 0.356962 0.509968][0.356962 1.36054 0.206066][0.509968 0.206066 2.08578]]
]
2025-05-21 20:10:36 INFO  ren0 [gaussian_mixture_model.h:218] Before merging
2025-05-21 20:10:36 INFO  ren0 [gaussian_mixture_model.h:219] GMM[
weight = 0.0360903 mean = [4.83467 1.0188 -0.756287] covariance = [[1.81212 0.148692 0.0176926][0.148692 1.95736 0.0267626][0.0176926 0.0267626 1.72255]]
weight = 0.0360903 mean = [3.60162 1.64828 0.476735] covariance = [[1.81212 0.148692 0.0176926][0.148692 1.95736 0.0267626][0.0176926 0.0267626 1.72255]]
weight = 0.0164226 mean = [-7.577 2.25378 0.721149] covariance = [[6.07443 -1.92113 0.970422][-1.92113 6.89967 -1.2556][0.970422 -1.2556 6.51658]]
weight = 0.104262 mean = [0.996821 2.94351 0.665289] covariance = [[5.20408 -0.479242 -0.702413][-0.479242 7.74554 0.568027][-0.702413 0.568027 4.21082]]
weight = 0.078228 mean = [-3.08241 4.27322 -2.5589] covariance = [[5.13728 -1.56008 -0.352232][-1.56008 1.75409 0.0262601][-0.352232 0.0262601 0.556183]]
weight = 0.00348775 mean = [-13.8193 6.65805 3.21407] covariance = [[11.307 4.16107 1.07208][4.16107 10.0092 -1.56561][1.07208 -1.56561 7.31481]]
weight = 0.512315 mean = [1.76984 1.61464 -2.87031] covariance = [[1.52992 -0.857009 0.0187507][-0.857009 0.608167 0.0236502][0.0187507 0.0236502 0.11275]]
weight = 0.0481454 mean = [2.90651 1.98797 1.23813] covariance = [[1.59587 0.0221539 -0.359751][0.0221539 1.74335 0.261184][-0.359751 0.261184 1.98562]]
weight = 0.0615531 mean = [5.53635 2.28356 4.35859] covariance = [[1.74541 -0.155568 -0.179562][-0.155568 4.02661 0.340029][-0.179562 0.340029 3.88908]]
weight = 0.103406 mean = [4.91446 4.36606 -1.19562] covariance = [[2.71238 0.356962 0.509968][0.356962 1.36054 0.206066][0.509968 0.206066 2.08578]]
]
2025-05-21 20:10:36 INFO  ren0 [gaussian_mixture_model.h:215] Before splitting
2025-05-21 20:10:36 INFO  ren0 [gaussian_mixture_model.h:216] GMM[
weight = 0.0757475 mean = [4.36518 1.32699 -0.296838] covariance = [[2.48369 -0.159263 -0.54752][-0.159263 1.99862 0.309083][-0.54752 0.309083 2.30706]]
weight = 0.0196787 mean = [-7.50963 2.13883 0.577397] covariance = [[5.91515 -1.88878 0.478226][-1.88878 6.79227 0.323406][0.478226 0.323406 6.25319]]
weight = 0.0728172 mean = [-2.94386 4.20933 -2.51906] covariance = [[5.78234 -1.67178 -0.274211][-1.67178 1.86817 -0.017324][-0.274211 -0.017324 0.542839]]
weight = 0.0037785 mean = [-13.3522 6.4351 3.11489] covariance = [[12.6478 3.28327 1.89682][3.28327 8.84225 -1.41484][1.89682 -1.41484 6.47859]]
weight = 0.485852 mean = [1.82265 1.57868 -2.86503] covariance = [[1.51157 -0.842882 0.015277][-0.842882 0.589512 0.0193278][0.015277 0.0193278 0.107132]]
weight = 0.121964 mean = [2.38422 2.5522 1.08484] covariance = [[3.34844 -1.19386 -0.789146][-1.19386 4.33433 1.65623][-0.789146 1.65623 4.45146]]
weight = 0.0700962 mean = [5.63636 2.25134 4.33788] covariance = [[1.92925 -0.396635 -0.045761][-0.396635 3.66147 0.0563926][-0.045761 0.0563926 4.0246]]
weight = 0.150065 mean = [4.98603 4.29778 -1.44163] covariance = [[2.7015 0.702104 0.570414][0.702104 1.312 0.348312][0.570414 0.348312 1.76019]]
]
2025-05-21 20:10:36 INFO  ren0 [gaussian_mixture_model.h:218] Before merging
2025-05-21 20:10:36 INFO  ren0 [gaussian_mixture_model.h:219] GMM[
weight = 0.0378737 mean = [4.98145 1.06838 -0.858772] covariance = [[1.72411 0.159484 0.14509][0.159484 1.86488 0.018441][0.14509 0.018441 1.67552]]
weight = 0.0378737 mean = [3.7489 1.5856 0.265097] covariance = [[1.72411 0.159484 0.14509][0.159484 1.86488 0.018441][0.14509 0.018441 1.67552]]
weight = 0.00983934 mean = [-8.40886 3.26301 0.544822] covariance = [[4.29794 0.132993 0.419643][0.132993 4.26476 0.396645][0.419643 0.396645 6.25108]]
weight = 0.00983934 mean = [-6.61041 1.01466 0.609971] covariance = [[4.29794 0.132993 0.419643][0.132993 4.26476 0.396645][0.419643 0.396645 6.25108]]
weight = 0.0728172 mean = [-2.94386 4.20933 -2.51906] covariance = [[5.78234 -1.67178 -0.274211][-1.67178 1.86817 -0.017324][-0.274211 -0.017324 0.542839]]
weight = 0.0037785 mean = [-13.3522 6.4351 3.11489] covariance = [[12.6478 3.28327 1.89682][3.28327 8.84225 -1.41484][1.89682 -1.41484 6.47859]]
weight = 0.485852 mean = [1.82265 1.57868 -2.86503] covariance = [[1.51157 -0.842882 0.015277][-0.842882 0.589512 0.0193278][0.015277 0.0193278 0.107132]]
weight = 0.121964 mean = [2.38422 2.5522 1.08484] covariance = [[3.34844 -1.19386 -0.789146][-1.19386 4.33433 1.65623][-0.789146 1.65623 4.45146]]
weight = 0.0700962 mean = [5.63636 2.25134 4.33788] covariance = [[1.92925 -0.396635 -0.045761][-0.396635 3.66147 0.0563926][-0.045761 0.0563926 4.0246]]
weight = 0.150065 mean = [4.98603 4.29778 -1.44163] covariance = [[2.7015 0.702104 0.570414][0.702104 1.312 0.348312][0.570414 0.348312 1.76019]]
]
2025-05-21 20:10:36 INFO  ren0 [MIFocalGuidingPathTracer] GMM[
weight = 0.0378737 mean = [4.98145 1.06838 -0.858772] covariance = [[1.72411 0.159484 0.14509][0.159484 1.86488 0.018441][0.14509 0.018441 1.67552]]
weight = 0.00983934 mean = [-8.40886 3.26301 0.544822] covariance = [[4.29794 0.132993 0.419643][0.132993 4.26476 0.396645][0.419643 0.396645 6.25108]]
weight = 0.00983934 mean = [-6.61041 1.01466 0.609971] covariance = [[4.29794 0.132993 0.419643][0.132993 4.26476 0.396645][0.419643 0.396645 6.25108]]
weight = 0.0728172 mean = [-2.94386 4.20933 -2.51906] covariance = [[5.78234 -1.67178 -0.274211][-1.67178 1.86817 -0.017324][-0.274211 -0.017324 0.542839]]
weight = 0.0037785 mean = [-13.3522 6.4351 3.11489] covariance = [[12.6478 3.28327 1.89682][3.28327 8.84225 -1.41484][1.89682 -1.41484 6.47859]]
weight = 0.485852 mean = [1.82265 1.57868 -2.86503] covariance = [[1.51157 -0.842882 0.015277][-0.842882 0.589512 0.0193278][0.015277 0.0193278 0.107132]]
weight = 0.229934 mean = [3.60043 2.30127 1.94151] covariance = [[4.70011 -0.938281 1.59035][-0.938281 3.84099 0.945863][1.59035 0.945863 6.46695]]
weight = 0.150065 mean = [4.98603 4.29778 -1.44163] covariance = [[2.7015 0.702104 0.570414][0.702104 1.312 0.348312][0.570414 0.348312 1.76019]]
]
2025-05-21 20:10:36 INFO  ren0 [octree.h:534] root weight: 2.498e+06 (2498497.750000)
2025-05-21 20:10:36 INFO  ren0 [octree.h:535] splitting threshold: 2.498e+03 (2498.497803)
2025-05-21 20:10:36 INFO  ren0 [octree.h:534] root weight: 2.173e+05 (217287.171875)
2025-05-21 20:10:36 INFO  ren0 [octree.h:535] splitting threshold: 2.173e+02 (217.287186)
2025-05-21 20:10:36 INFO  ren0 [octree.h:550] node count: 697 -> 783 -> 760

2025-05-21 20:10:36 INFO  ren0 [octree.h:550] node count: 455 -> 463 -> 453

2025-05-21 20:10:36 INFO  ren0 [MIFocalGuidingPathTracer] ITERATION 2, until 30.0 seconds
2025-05-21 20:11:00 INFO  ren0 [MIFocalGuidingPathTracer]   54.27 seconds elapsed, passes this iteration: 1, total passes: 9
2025-05-21 20:11:00 INFO  ren0 [MIFocalGuidingPathTracer] Got 193388 non-zero samples
2025-05-21 20:11:00 INFO  ren0 [MIFocalGuidingPathTracer] Resetting after 6 iteration
2025-05-21 20:11:00 INFO  ren0 [gaussian_mixture_model.h:821] Processing mega batch of size 193388
2025-05-21 20:11:00 INFO  ren0 [gaussian_mixture_model.h:215] Before splitting
2025-05-21 20:11:00 INFO  ren0 [gaussian_mixture_model.h:216] GMM[
weight = 0.0348814 mean = [4.43313 1.34799 -0.487574] covariance = [[2.50058 -0.0587625 -0.38947][-0.0587625 1.79873 0.252904][-0.38947 0.252904 2.2904]]
weight = 0.0104267 mean = [-7.50022 2.5143 0.587286] covariance = [[4.63369 -1.19548 -0.230276][-1.19548 5.2892 0.403949][-0.230276 0.403949 5.47808]]
weight = 0.00239055 mean = [-6.62428 2.76355 -0.437285] covariance = [[2.34858 -0.195116 -1.04833][-0.195116 1.0173 0.801693][-1.04833 0.801693 3.60304]]
weight = 0.0818875 mean = [-2.76284 4.11405 -2.65289] covariance = [[3.79034 -1.18926 -0.0562551][-1.18926 1.40862 -0.0837432][-0.0562551 -0.0837432 0.304356]]
weight = 0.00147508 mean = [-13.0561 6.23884 3.21241] covariance = [[13.2005 2.52882 2.04399][2.52882 8.98384 -1.71413][2.04399 -1.71413 6.46347]]
weight = 0.720653 mean = [2.08966 1.37912 -2.93497] covariance = [[1.23487 -0.693772 -0.0115344][-0.693772 0.438838 0.0108131][-0.0115344 0.0108131 0.0470192]]
weight = 0.0690895 mean = [3.8715 2.45034 2.08805] covariance = [[4.99901 -0.776912 3.59105][-0.776912 3.04923 0.0455863][3.59105 0.0455863 7.79134]]
weight = 0.0791959 mean = [4.82702 4.18771 -1.38508] covariance = [[2.80724 0.745567 0.595621][0.745567 1.36092 0.393245][0.595621 0.393245 1.64792]]
]
2025-05-21 20:11:00 INFO  ren0 [gaussian_mixture_model.h:218] Before merging
2025-05-21 20:11:00 INFO  ren0 [gaussian_mixture_model.h:219] GMM[
weight = 0.0174407 mean = [5.06914 1.18379 -1.01504] covariance = [[1.69157 0.150103 0.281474][0.150103 1.74482 0.0796857][0.281474 0.0796857 1.73398]]
weight = 0.0174407 mean = [3.79712 1.51219 0.0398888] covariance = [[1.69157 0.150103 0.281474][0.150103 1.74482 0.0796857][0.281474 0.0796857 1.73398]]
weight = 0.00521334 mean = [-8.18111 3.42793 1.14231] covariance = [[3.70649 0.0486837 0.525537][0.0486837 3.61976 -0.610221][0.525537 -0.610221 4.862]]
weight = 0.00239055 mean = [-6.62428 2.76355 -0.437285] covariance = [[2.34858 -0.195116 -1.04833][-0.195116 1.0173 0.801693][-1.04833 0.801693 3.60304]]
weight = 0.0818875 mean = [-2.76284 4.11405 -2.65289] covariance = [[3.79034 -1.18926 -0.0562551][-1.18926 1.40862 -0.0837432][-0.0562551 -0.0837432 0.304356]]
weight = 0.00147508 mean = [-13.0561 6.23884 3.21241] covariance = [[13.2005 2.52882 2.04399][2.52882 8.98384 -1.71413][2.04399 -1.71413 6.46347]]
weight = 0.720653 mean = [2.08966 1.37912 -2.93497] covariance = [[1.23487 -0.693772 -0.0115344][-0.693772 0.438838 0.0108131][-0.0115344 0.0108131 0.0470192]]
weight = 0.00521334 mean = [-6.81933 1.60067 0.0322663] covariance = [[3.70649 0.0486837 0.525537][0.0486837 3.61976 -0.610221][0.525537 -0.610221 4.862]]
weight = 0.0690895 mean = [3.8715 2.45034 2.08805] covariance = [[4.99901 -0.776912 3.59105][-0.776912 3.04923 0.0455863][3.59105 0.0455863 7.79134]]
weight = 0.0791959 mean = [4.82702 4.18771 -1.38508] covariance = [[2.80724 0.745567 0.595621][0.745567 1.36092 0.393245][0.595621 0.393245 1.64792]]
]
2025-05-21 20:11:00 INFO  ren0 [gaussian_mixture_model.h:215] Before splitting
2025-05-21 20:11:00 INFO  ren0 [gaussian_mixture_model.h:216] GMM[
weight = 0.0128922 mean = [4.42398 1.10665 -0.670481] covariance = [[2.27723 -0.00935307 -0.273169][-0.00935307 2.1411 0.531591][-0.273169 0.531591 2.25404]]
weight = 0.00340749 mean = [-7.45429 2.59645 0.530098] covariance = [[4.70111 -0.903961 -0.396504][-0.903961 5.50722 0.109761][-0.396504 0.109761 5.53178]]
weight = 0.000830225 mean = [-6.6657 2.74171 -0.469346] covariance = [[2.39212 -0.169077 -1.03862][-0.169077 0.957168 0.739204][-1.03862 0.739204 3.41192]]
weight = 0.0889631 mean = [-2.93468 5.14169 -2.86814] covariance = [[1.85304 -1.6661 0.0768344][-1.6661 3.42411 -0.242352][0.0768344 -0.242352 0.136141]]
weight = 0.000468473 mean = [-13.0382 6.19775 3.20786] covariance = [[13.2315 2.51935 1.93482][2.51935 9.28907 -1.78356][1.93482 -1.78356 6.49411]]
weight = 0.858509 mean = [2.29614 1.23447 -2.9662] covariance = [[0.64465 -0.36422 -0.00769757][-0.36422 0.222883 0.00499382][-0.00769757 0.00499382 0.0156893]]
weight = 0.000152396 mean = [-5.59366 3.62709 -1.07349] covariance = [[4.61851 2.30662 -1.28547][2.30662 7.2017 -3.13125][-1.28547 -3.13125 3.47965]]
weight = 0.0347774 mean = [4.4019 3.77215 -0.779526] covariance = [[3.91222 1.32297 0.603663][1.32297 2.1613 -0.0091198][0.603663 -0.0091198 4.10472]]
]
2025-05-21 20:11:00 INFO  ren0 [gaussian_mixture_model.h:218] Before merging
2025-05-21 20:11:00 INFO  ren0 [gaussian_mixture_model.h:219] GMM[
weight = 0.0064461 mean = [4.74029 0.623593 -1.27956] covariance = [[2.07712 0.296244 0.112155][0.296244 1.67443 -0.0568473][0.112155 -0.0568473 1.51209]]
weight = 0.0064461 mean = [4.10766 1.5897 -0.0614028] covariance = [[2.07712 0.296244 0.112155][0.296244 1.67443 -0.0568473][0.112155 -0.0568473 1.51209]]
weight = 0.00170375 mean = [-8.12709 3.5099 1.05152] covariance = [[3.7958 0.325173 0.305118][0.325173 3.83846 -0.842816][0.305118 -0.842816 4.98804]]
weight = 0.000830225 mean = [-6.6657 2.74171 -0.469346] covariance = [[2.39212 -0.169077 -1.03862][-0.169077 0.957168 0.739204][-1.03862 0.739204 3.41192]]
weight = 0.0889631 mean = [-2.93468 5.14169 -2.86814] covariance = [[1.85304 -1.6661 0.0768344][-1.6661 3.42411 -0.242352][0.0768344 -0.242352 0.136141]]
weight = 0.000468473 mean = [-13.0382 6.19775 3.20786] covariance = [[13.2315 2.51935 1.93482][2.51935 9.28907 -1.78356][1.93482 -1.78356 6.49411]]
weight = 0.858509 mean = [2.29614 1.23447 -2.9662] covariance = [[0.64465 -0.36422 -0.00769757][-0.36422 0.222883 0.00499382][-0.00769757 0.00499382 0.0156893]]
weight = 0.000152396 mean = [-5.59366 3.62709 -1.07349] covariance = [[4.61851 2.30662 -1.28547][2.30662 7.2017 -3.13125][-1.28547 -3.13125 3.47965]]
weight = 0.00170375 mean = [-6.78149 1.68301 0.00867913] covariance = [[3.7958 0.325173 0.305118][0.325173 3.83846 -0.842816][0.305118 -0.842816 4.98804]]
weight = 0.0347774 mean = [4.4019 3.77215 -0.779526] covariance = [[3.91222 1.32297 0.603663][1.32297 2.1613 -0.0091198][0.603663 -0.0091198 4.10472]]
]
2025-05-21 20:11:00 INFO  ren0 [MIFocalGuidingPathTracer] GMM[
weight = 0.0064461 mean = [4.74029 0.623593 -1.27956] covariance = [[2.07712 0.296244 0.112155][0.296244 1.67443 -0.0568473][0.112155 -0.0568473 1.51209]]
weight = 0.0064461 mean = [4.10766 1.5897 -0.0614028] covariance = [[2.07712 0.296244 0.112155][0.296244 1.67443 -0.0568473][0.112155 -0.0568473 1.51209]]
weight = 0.0889631 mean = [-2.93468 5.14169 -2.86814] covariance = [[1.85304 -1.6661 0.0768344][-1.6661 3.42411 -0.242352][0.0768344 -0.242352 0.136141]]
weight = 0.000468473 mean = [-13.0382 6.19775 3.20786] covariance = [[13.2315 2.51935 1.93482][2.51935 9.28907 -1.78356][1.93482 -1.78356 6.49411]]
weight = 0.858509 mean = [2.29614 1.23447 -2.9662] covariance = [[0.64465 -0.36422 -0.00769757][-0.36422 0.222883 0.00499382][-0.00769757 0.00499382 0.0156893]]
weight = 0.00439011 mean = [-7.24057 2.6597 0.285425] covariance = [[4.10237 -0.101811 -0.476836][-0.101811 4.09483 -0.322744][-0.476836 -0.322744 5.06696]]
weight = 0.0347774 mean = [4.4019 3.77215 -0.779526] covariance = [[3.91222 1.32297 0.603663][1.32297 2.1613 -0.0091198][0.603663 -0.0091198 4.10472]]
]
2025-05-21 20:11:00 INFO  ren0 [octree.h:534] root weight: 2.117e+06 (2117014.500000)
2025-05-21 20:11:00 INFO  ren0 [octree.h:535] splitting threshold: 2.117e+03 (2117.014648)
2025-05-21 20:11:00 INFO  ren0 [octree.h:534] root weight: 2.122e+05 (212186.796875)
2025-05-21 20:11:00 INFO  ren0 [octree.h:535] splitting threshold: 2.122e+02 (212.186813)
2025-05-21 20:11:00 INFO  ren0 [octree.h:550] node count: 760 -> 867 -> 757

2025-05-21 20:11:00 INFO  ren0 [octree.h:550] node count: 453 -> 467 -> 452

2025-05-21 20:11:00 INFO  ren0 [MIFocalGuidingPathTracer] ITERATION 3, until 40.0 seconds
