2025-05-21 10:20:24 INFO  main [mitsuba.cpp:274] Mitsuba version 0.6.0 (Linux, 64 bit), Copyright (c) 2017 Wenzel Jakob
2025-05-21 10:20:24 INFO  main [mitsuba.cpp:377] Parsing scene description from "scene/modern-hall/modern-hall.xml" ..
2025-05-21 10:20:24 INFO  main [scenehandler.cpp:675] In file "/mitsuba/scene/modern-hall/modern-hall.xml" (near line 20): Parsing included file "pmm_focal_recursive.xml" ..
2025-05-21 10:20:24 INFO  main [PluginManager] Loading plugin "plugins/pmm_focal_recursive.so" ..
2025-05-21 10:20:24 INFO  main [octree.h:534] root weight: 8.000e-20 (0.000000)
2025-05-21 10:20:24 INFO  main [octree.h:535] splitting threshold: 8.000e-23 (0.000000)
2025-05-21 10:20:24 INFO  main [octree.h:550] node count: 1 -> 585 -> 585

2025-05-21 10:20:24 INFO  main [octree.h:534] root weight: 8.000e-20 (0.000000)
2025-05-21 10:20:24 INFO  main [octree.h:535] splitting threshold: 8.000e-23 (0.000000)
2025-05-21 10:20:24 INFO  main [octree.h:550] node count: 1 -> 585 -> 585

2025-05-21 10:20:24 INFO  main [MIFocalGuidingPathTracer] Final render will have 32 spp, m_budget will not be taken into account.
2025-05-21 10:20:24 INFO  main [MIFocalGuidingPathTracer] budget: 1800
2025-05-21 10:20:24 INFO  main [MIFocalGuidingPathTracer] dumpPrimaryRays: false
2025-05-21 10:20:24 INFO  main [MIFocalGuidingPathTracer] dumpScene: false
2025-05-21 10:20:24 INFO  main [MIFocalGuidingPathTracer] finalSpp: 32
2025-05-21 10:20:24 INFO  main [MIFocalGuidingPathTracer] gmm.alpha: 0.4
2025-05-21 10:20:24 INFO  main [MIFocalGuidingPathTracer] gmm.initMethod: KMeans
2025-05-21 10:20:24 INFO  main [MIFocalGuidingPathTracer] gmm.maxNumComp: 10
2025-05-21 10:20:24 INFO  main [MIFocalGuidingPathTracer] gmm.mergingThreshold: 0.65
2025-05-21 10:20:24 INFO  main [MIFocalGuidingPathTracer] gmm.minNumComp: 3
2025-05-21 10:20:24 INFO  main [MIFocalGuidingPathTracer] gmm.splittingThreshold: 100
2025-05-21 10:20:24 INFO  main [MIFocalGuidingPathTracer] iterationBudget: 10
2025-05-21 10:20:24 INFO  main [MIFocalGuidingPathTracer] iterationCount: 20
2025-05-21 10:20:24 INFO  main [MIFocalGuidingPathTracer] maxDepth: 40
2025-05-21 10:20:24 INFO  main [MIFocalGuidingPathTracer] minSamplesToStartFitting: 10
2025-05-21 10:20:24 INFO  main [MIFocalGuidingPathTracer] normalBinning: disabled
2025-05-21 10:20:24 INFO  main [MIFocalGuidingPathTracer] renderMaxSeconds: 36000
2025-05-21 10:20:24 INFO  main [MIFocalGuidingPathTracer] rrDepth: 14
2025-05-21 10:20:24 INFO  main [MIFocalGuidingPathTracer] samplingMode: 2
2025-05-21 10:20:24 INFO  main [MIFocalGuidingPathTracer] shouldPretrain: true
2025-05-21 10:20:24 INFO  main [MIFocalGuidingPathTracer] strictNormals: true
2025-05-21 10:20:24 INFO  main [MIFocalGuidingPathTracer] trainingSamples: 4
2025-05-21 10:20:24 INFO  main [MIFocalGuidingPathTracer] tree.threshold: 0.001
2025-05-21 10:20:24 INFO  main [MIFocalGuidingPathTracer] unboundedSplatting: true
2025-05-21 10:20:24 INFO  main [PluginManager] Loading plugin "plugins/independent.so" ..
2025-05-21 10:20:24 INFO  main [PluginManager] Loading plugin "plugins/box.so" ..
2025-05-21 10:20:24 INFO  main [PluginManager] Loading plugin "plugins/hdrfilm.so" ..
2025-05-21 10:20:25 INFO  main [PluginManager] Loading plugin "plugins/perspective.so" ..
2025-05-21 10:20:25 INFO  main [PluginManager] Loading plugin "plugins/dielectric.so" ..
2025-05-21 10:20:25 INFO  main [PluginManager] Loading plugin "plugins/bitmap.so" ..
2025-05-21 10:20:25 INFO  main [BitmapTexture] Loading texture "wood5.jpg"
2025-05-21 10:20:25 INFO  main [PluginManager] Loading plugin "plugins/lanczos.so" ..
2025-05-21 10:20:25 INFO  main [MIPMap] Generating MIP map cache file "/mitsuba/scene/modern-hall/textures/wood5.mip" ..
2025-05-21 10:20:25 INFO  main [PluginManager] Loading plugin "plugins/roughplastic.so" ..
2025-05-21 10:20:25 INFO  main [PluginManager] Loading plugin "plugins/twosided.so" ..
2025-05-21 10:20:25 INFO  main [BitmapTexture] Loading texture "Tiles.jpg"
2025-05-21 10:20:25 INFO  main [PluginManager] Loading plugin "plugins/diffuse.so" ..
2025-05-21 10:20:25 INFO  main [BitmapTexture] Loading texture "Wallpaper.jpg"
2025-05-21 10:20:25 INFO  main [PluginManager] Loading plugin "plugins/roughconductor.so" ..
2025-05-21 10:20:25 INFO  main [spectrum.cpp:599] "Cu.eta.spd": loaded a spectral power distribution with 55 entries (between 302.400421 and 885.601257 nm)
2025-05-21 10:20:25 INFO  main [spectrum.cpp:599] "Cu.k.spd": loaded a spectral power distribution with 55 entries (between 302.400421 and 885.601257 nm)
2025-05-21 10:20:25 INFO  main [spectrum.cpp:599] "Cu.eta.spd": loaded a spectral power distribution with 55 entries (between 302.400421 and 885.601257 nm)
2025-05-21 10:20:25 INFO  main [spectrum.cpp:599] "Cu.k.spd": loaded a spectral power distribution with 55 entries (between 302.400421 and 885.601257 nm)
2025-05-21 10:20:25 INFO  main [PluginManager] Loading plugin "plugins/difftrans.so" ..
2025-05-21 10:20:25 INFO  main [PluginManager] Loading plugin "plugins/area.so" ..
2025-05-21 10:20:25 INFO  main [PluginManager] Loading plugin "plugins/rectangle.so" ..
2025-05-21 10:20:25 INFO  main [PluginManager] Loading plugin "plugins/cube.so" ..
2025-05-21 10:20:25 INFO  main [PluginManager] Loading plugin "plugins/obj.so" ..
2025-05-21 10:20:25 INFO  main [WavefrontOBJ] Loading geometry from "Mesh008.obj" ..
2025-05-21 10:20:25 INFO  main [WavefrontOBJ] Mesh008: 5184 triangles, 2664 vertices (merged 12888 vertices).
2025-05-21 10:20:25 INFO  main [WavefrontOBJ] Done with "Mesh008.obj" (took 12 ms)
2025-05-21 10:20:25 INFO  main [WavefrontOBJ] Loading geometry from "Mesh004.obj" ..
2025-05-21 10:20:25 INFO  main [WavefrontOBJ] Mesh004: 5184 triangles, 2664 vertices (merged 12888 vertices).
2025-05-21 10:20:25 INFO  main [WavefrontOBJ] Done with "Mesh004.obj" (took 10 ms)
2025-05-21 10:20:25 INFO  main [WavefrontOBJ] Loading geometry from "Mesh003.obj" ..
2025-05-21 10:20:25 INFO  main [WavefrontOBJ] Mesh003: 5184 triangles, 2664 vertices (merged 12888 vertices).
2025-05-21 10:20:25 INFO  main [WavefrontOBJ] Done with "Mesh003.obj" (took 11 ms)
2025-05-21 10:20:25 INFO  main [WavefrontOBJ] Loading geometry from "Mesh006.obj" ..
2025-05-21 10:20:25 INFO  main [WavefrontOBJ] Mesh006: 5184 triangles, 2664 vertices (merged 12888 vertices).
2025-05-21 10:20:25 INFO  main [WavefrontOBJ] Done with "Mesh006.obj" (took 11 ms)
2025-05-21 10:20:25 INFO  main [WavefrontOBJ] Loading geometry from "Mesh012.obj" ..
2025-05-21 10:20:25 INFO  main [WavefrontOBJ] Mesh012: 444 triangles, 882 vertices (merged 450 vertices).
2025-05-21 10:20:25 INFO  main [WavefrontOBJ] Done with "Mesh012.obj" (took 2 ms)
2025-05-21 10:20:25 INFO  main [WavefrontOBJ] Loading geometry from "Mesh013.obj" ..
2025-05-21 10:20:25 INFO  main [WavefrontOBJ] Mesh013: 5184 triangles, 2664 vertices (merged 12888 vertices).
2025-05-21 10:20:25 INFO  main [WavefrontOBJ] Done with "Mesh013.obj" (took 11 ms)
2025-05-21 10:20:25 INFO  main [WavefrontOBJ] Loading geometry from "Mesh010.obj" ..
2025-05-21 10:20:25 INFO  main [WavefrontOBJ] Mesh010: 32 triangles, 60 vertices (merged 36 vertices).
2025-05-21 10:20:25 INFO  main [WavefrontOBJ] Done with "Mesh010.obj" (took 0 ms)
2025-05-21 10:20:25 INFO  main [WavefrontOBJ] Loading geometry from "Mesh015.obj" ..
2025-05-21 10:20:25 INFO  main [WavefrontOBJ] Mesh015: 32 triangles, 60 vertices (merged 36 vertices).
2025-05-21 10:20:25 INFO  main [WavefrontOBJ] Done with "Mesh015.obj" (took 0 ms)
2025-05-21 10:20:25 INFO  main [WavefrontOBJ] Loading geometry from "Mesh002.obj" ..
2025-05-21 10:20:25 INFO  main [WavefrontOBJ] Mesh002: 32 triangles, 60 vertices (merged 36 vertices).
2025-05-21 10:20:25 INFO  main [WavefrontOBJ] Done with "Mesh002.obj" (took 0 ms)
2025-05-21 10:20:25 INFO  main [WavefrontOBJ] Loading geometry from "Mesh007.obj" ..
2025-05-21 10:20:25 INFO  main [WavefrontOBJ] Mesh007: 32 triangles, 60 vertices (merged 36 vertices).
2025-05-21 10:20:25 INFO  main [WavefrontOBJ] Done with "Mesh007.obj" (took 0 ms)
2025-05-21 10:20:25 INFO  main [WavefrontOBJ] Loading geometry from "Mesh005.obj" ..
2025-05-21 10:20:25 INFO  main [WavefrontOBJ] Mesh005: 12 triangles, 20 vertices (merged 16 vertices).
2025-05-21 10:20:25 INFO  main [WavefrontOBJ] Done with "Mesh005.obj" (took 0 ms)
2025-05-21 10:20:25 INFO  main [WavefrontOBJ] Loading geometry from "Mesh016.obj" ..
2025-05-21 10:20:25 INFO  main [WavefrontOBJ] Mesh016: 120 triangles, 204 vertices (merged 156 vertices).
2025-05-21 10:20:25 INFO  main [WavefrontOBJ] Done with "Mesh016.obj" (took 0 ms)
2025-05-21 10:20:25 INFO  main [WavefrontOBJ] Loading geometry from "Mesh017.obj" ..
2025-05-21 10:20:25 INFO  main [WavefrontOBJ] Mesh017: 20 triangles, 40 vertices (merged 20 vertices).
2025-05-21 10:20:25 INFO  main [WavefrontOBJ] Done with "Mesh017.obj" (took 0 ms)
2025-05-21 10:20:25 INFO  main [WavefrontOBJ] Loading geometry from "Mesh018.obj" ..
2025-05-21 10:20:25 INFO  main [WavefrontOBJ] Mesh018: 2 triangles, 4 vertices (merged 2 vertices).
2025-05-21 10:20:25 INFO  main [WavefrontOBJ] Done with "Mesh018.obj" (took 0 ms)
2025-05-21 10:20:25 INFO  main [WavefrontOBJ] Loading geometry from "Mesh011.obj" ..
2025-05-21 10:20:25 INFO  main [WavefrontOBJ] Mesh011: 32 triangles, 30 vertices (merged 66 vertices).
2025-05-21 10:20:25 INFO  main [WavefrontOBJ] Done with "Mesh011.obj" (took 0 ms)
2025-05-21 10:20:25 INFO  main [PluginManager] Loading plugin "plugins/homogeneous.so" ..
2025-05-21 10:20:25 INFO  main [PluginManager] Loading plugin "plugins/isotropic.so" ..
2025-05-21 10:20:25 INFO  main [WavefrontOBJ] Loading geometry from "Mesh014.obj" ..
2025-05-21 10:20:25 INFO  main [WavefrontOBJ] Mesh014: 36 triangles, 72 vertices (merged 36 vertices).
2025-05-21 10:20:25 INFO  main [WavefrontOBJ] Done with "Mesh014.obj" (took 0 ms)
2025-05-21 10:20:25 INFO  main [WavefrontOBJ] Loading geometry from "Mesh001.obj" ..
2025-05-21 10:20:25 INFO  main [WavefrontOBJ] Mesh001: 924 triangles, 2016 vertices (merged 756 vertices).
2025-05-21 10:20:25 INFO  main [WavefrontOBJ] Done with "Mesh001.obj" (took 5 ms)
2025-05-21 10:20:25 INFO  main [WavefrontOBJ] Loading geometry from "Mesh000.obj" ..
2025-05-21 10:20:25 INFO  main [WavefrontOBJ] Mesh000: 3127 triangles, 2075 vertices (merged 7306 vertices).
2025-05-21 10:20:25 INFO  main [WavefrontOBJ] Done with "Mesh000.obj" (took 13 ms)
2025-05-21 10:20:25 INFO  main [WavefrontOBJ] Loading geometry from "Mesh009.obj" ..
2025-05-21 10:20:25 INFO  main [WavefrontOBJ] Mesh009: 146 triangles, 110 vertices (merged 328 vertices).
2025-05-21 10:20:25 INFO  main [WavefrontOBJ] Done with "Mesh009.obj" (took 0 ms)
2025-05-21 10:20:25 INFO  ren0 [KDTreeBase] Constructing a SAH kd-tree (30963 primitives) ..
2025-05-21 10:20:25 INFO  ren0 [KDTreeBase] Finished -- took 115 ms.
2025-05-21 10:20:25 INFO  ren0 [octree.h:534] root weight: 8.000e-20 (0.000000)
2025-05-21 10:20:25 INFO  ren0 [octree.h:535] splitting threshold: 8.000e-23 (0.000000)
2025-05-21 10:20:25 INFO  ren0 [octree.h:550] node count: 1 -> 585 -> 585

2025-05-21 10:20:25 INFO  ren0 [octree.h:534] root weight: 4.096e-17 (0.000000)
2025-05-21 10:20:25 INFO  ren0 [octree.h:535] splitting threshold: 4.096e-20 (0.000000)
2025-05-21 10:20:25 INFO  ren0 [octree.h:550] node count: 585 -> 585 -> 585

2025-05-21 10:20:25 INFO  ren0 [octree.h:534] root weight: 8.000e-20 (0.000000)
2025-05-21 10:20:25 INFO  ren0 [octree.h:535] splitting threshold: 8.000e-23 (0.000000)
2025-05-21 10:20:25 INFO  ren0 [octree.h:550] node count: 1 -> 585 -> 585

2025-05-21 10:20:25 INFO  ren0 [octree.h:534] root weight: 8.000e-20 (0.000000)
2025-05-21 10:20:25 INFO  ren0 [octree.h:535] splitting threshold: 8.000e-23 (0.000000)
2025-05-21 10:20:25 INFO  ren0 [octree.h:550] node count: 1 -> 585 -> 585

2025-05-21 10:20:25 INFO  ren0 [octree.h:534] root weight: 4.096e-17 (0.000000)
2025-05-21 10:20:25 INFO  ren0 [octree.h:535] splitting threshold: 4.096e-20 (0.000000)
2025-05-21 10:20:25 INFO  ren0 [octree.h:550] node count: 585 -> 585 -> 585

2025-05-21 10:20:25 INFO  ren0 [octree.h:534] root weight: 8.000e-20 (0.000000)
2025-05-21 10:20:25 INFO  ren0 [octree.h:535] splitting threshold: 8.000e-23 (0.000000)
2025-05-21 10:20:25 INFO  ren0 [octree.h:550] node count: 1 -> 585 -> 585

2025-05-21 10:20:25 INFO  ren0 [MIFocalGuidingPathTracer] AABB3[min=[-21.7494, -3.70393, -3.09172], max=[7.19249, 11.2965, 6.96201]]
2025-05-21 10:20:25 INFO  ren0 [MIFocalGuidingPathTracer] Starting render job (1280x720, 12 cores, SSE2 enabled) ..
2025-05-21 10:20:25 INFO  ren0 [MIFocalGuidingPathTracer] ITERATION 0, until 10.0 seconds
2025-05-21 10:20:35 INFO  ren0 [MIFocalGuidingPathTracer]   10.57 seconds elapsed, passes this iteration: 6, total passes: 6
2025-05-21 10:20:35 INFO  ren0 [MIFocalGuidingPathTracer] Got 123575 non-zero samples
2025-05-21 10:20:35 INFO  ren0 [MIFocalGuidingPathTracer] Resetting after 6 iteration
2025-05-21 10:20:35 INFO  ren0 [gaussian_mixture_model.h:821] Processing mega batch of size 123575
2025-05-21 10:20:35 INFO  ren0 [gaussian_mixture_model.h:557] KMeans
2025-05-21 10:20:35 INFO  ren0 [gaussian_mixture_model.h:560] GMM[
weight = 0.02355 mean = [-14.7455 5.7806 1.58954] covariance = [[9.10862 1.2204 -1.90934][1.2204 10.3366 -1.83889][-1.90934 -1.83889 7.32559]]
weight = 0.14128 mean = [-6.69951 1.73882 -0.0587822] covariance = [[7.77897 0.114984 -1.04703][0.114984 6.56943 -1.82986][-1.04703 -1.82986 4.50216]]
weight = 0.03373 mean = [6.2548 -1.00856 1.16911] covariance = [[0.396374 0.165117 -0.425221][0.165117 1.58185 -1.28711][-0.425221 -1.28711 4.47163]]
weight = 0.06921 mean = [5.41282 2.99679 -2.0795] covariance = [[1.24598 -0.185057 0.291213][-0.185057 2.54518 0.19943][0.291213 0.19943 0.44678]]
weight = 0.08767 mean = [2.56612 -1.59227 0.509562] covariance = [[3.91689 0.466607 -1.08826][0.466607 1.08787 -0.492131][-1.08826 -0.492131 5.3468]]
weight = 0.2238 mean = [5.44906 2.63226 3.64376] covariance = [[1.26454 0.461649 -0.37354][0.461649 3.18553 -0.602885][-0.37354 -0.602885 4.061]]
weight = 0.19896 mean = [2.34094 1.54243 -1.21517] covariance = [[2.49102 -0.123926 0.506803][-0.123926 1.08665 -0.257193][0.506803 -0.257193 1.97638]]
weight = 0.03325 mean = [-6.6263 7.28055 3.46715] covariance = [[7.26999 1.12337 0.0531521][1.12337 5.42605 -0.978009][0.0531521 -0.978009 4.41303]]
weight = 0.01465 mean = [3.75879 9.12034 -0.743399] covariance = [[7.11351 -1.23989 1.75466][-1.23989 2.10126 0.850991][1.75466 0.850991 3.39701]]
weight = 0.1739 mean = [0.985806 4.75133 1.33563] covariance = [[5.48734 0.672329 1.76735][0.672329 3.68704 0.565898][1.76735 0.565898 5.1408]]
]
2025-05-21 10:20:36 INFO  ren0 [gaussian_mixture_model.h:215] Before splitting
2025-05-21 10:20:36 INFO  ren0 [gaussian_mixture_model.h:216] GMM[
weight = 0.00714551 mean = [-14.3904 5.35779 1.25401] covariance = [[12.3082 -0.27589 -2.64091][-0.27589 9.66007 -1.60782][-2.64091 -1.60782 7.50843]]
weight = 0.122816 mean = [-5.1697 3.92147 -1.74133] covariance = [[6.90204 0.876417 -1.77123][0.876417 4.20123 -1.60169][-1.77123 -1.60169 3.45733]]
weight = 0.00997225 mean = [6.39669 -0.228768 0.305399] covariance = [[0.344344 0.251384 -0.296832][0.251384 2.04392 -1.18085][-0.296832 -1.18085 3.67867]]
weight = 0.0582703 mean = [4.95208 2.92093 -2.1367] covariance = [[2.17316 0.364519 0.538833][0.364519 2.64144 0.281968][0.538833 0.281968 0.553532]]
weight = 0.022034 mean = [2.69915 -0.97543 -0.127143] covariance = [[3.91609 0.475858 -1.29818][0.475858 1.95192 -0.949629][-1.29818 -0.949629 5.50491]]
weight = 0.102295 mean = [5.50092 2.90563 2.90051] covariance = [[1.58768 0.539903 -0.46048][0.539903 3.00142 -0.864746][-0.46048 -0.864746 5.13192]]
weight = 0.491803 mean = [1.91715 1.66393 -2.48941] covariance = [[1.81461 -0.664316 0.394216][-0.664316 0.647088 0.0288765][0.394216 0.0288765 1.19515]]
weight = 0.0143074 mean = [-6.08569 6.11572 2.65882] covariance = [[6.13168 1.3184 -0.103815][1.3184 4.29783 -0.881264][-0.103815 -0.881264 3.39952]]
weight = 0.0088205 mean = [2.85349 9.58597 -1.33351] covariance = [[8.75738 -0.929073 1.70659][-0.929073 2.03941 0.206891][1.70659 0.206891 1.75346]]
weight = 0.162536 mean = [0.133524 3.96994 -0.376327] covariance = [[6.32851 -0.201209 3.21007][-0.201209 2.26219 0.157743][3.21007 0.157743 6.14588]]
]
2025-05-21 10:20:36 INFO  ren0 [gaussian_mixture_model.h:218] Before merging
2025-05-21 10:20:36 INFO  ren0 [gaussian_mixture_model.h:219] GMM[
weight = 0.00714551 mean = [-14.3904 5.35779 1.25401] covariance = [[12.3082 -0.27589 -2.64091][-0.27589 9.66007 -1.60782][-2.64091 -1.60782 7.50843]]
weight = 0.122816 mean = [-5.1697 3.92147 -1.74133] covariance = [[6.90204 0.876417 -1.77123][0.876417 4.20123 -1.60169][-1.77123 -1.60169 3.45733]]
weight = 0.00997225 mean = [6.39669 -0.228768 0.305399] covariance = [[0.344344 0.251384 -0.296832][0.251384 2.04392 -1.18085][-0.296832 -1.18085 3.67867]]
weight = 0.0582703 mean = [4.95208 2.92093 -2.1367] covariance = [[2.17316 0.364519 0.538833][0.364519 2.64144 0.281968][0.538833 0.281968 0.553532]]
weight = 0.022034 mean = [2.69915 -0.97543 -0.127143] covariance = [[3.91609 0.475858 -1.29818][0.475858 1.95192 -0.949629][-1.29818 -0.949629 5.50491]]
weight = 0.102295 mean = [5.50092 2.90563 2.90051] covariance = [[1.58768 0.539903 -0.46048][0.539903 3.00142 -0.864746][-0.46048 -0.864746 5.13192]]
weight = 0.491803 mean = [1.91715 1.66393 -2.48941] covariance = [[1.81461 -0.664316 0.394216][-0.664316 0.647088 0.0288765][0.394216 0.0288765 1.19515]]
weight = 0.0143074 mean = [-6.08569 6.11572 2.65882] covariance = [[6.13168 1.3184 -0.103815][1.3184 4.29783 -0.881264][-0.103815 -0.881264 3.39952]]
weight = 0.0088205 mean = [2.85349 9.58597 -1.33351] covariance = [[8.75738 -0.929073 1.70659][-0.929073 2.03941 0.206891][1.70659 0.206891 1.75346]]
weight = 0.162536 mean = [0.133524 3.96994 -0.376327] covariance = [[6.32851 -0.201209 3.21007][-0.201209 2.26219 0.157743][3.21007 0.157743 6.14588]]
]
2025-05-21 10:20:36 INFO  ren0 [gaussian_mixture_model.h:215] Before splitting
2025-05-21 10:20:36 INFO  ren0 [gaussian_mixture_model.h:216] GMM[
weight = 0.00912196 mean = [-13.9096 4.35816 1.66208] covariance = [[12.5782 -0.777774 -2.27332][-0.777774 12.247 -0.735969][-2.27332 -0.735969 6.61276]]
weight = 0.0126032 mean = [6.46744 -0.243737 0.237932] covariance = [[0.334142 0.224228 -0.226119][0.224228 2.28837 -1.1451][-0.226119 -1.1451 3.1024]]
weight = 0.0615509 mean = [4.96158 3.05494 -2.10258] covariance = [[2.13345 0.399054 0.522364][0.399054 2.74069 0.233457][0.522364 0.233457 0.544937]]
weight = 0.0250325 mean = [2.50324 -1.06033 0.0690961] covariance = [[4.46386 0.547898 -1.02113][0.547898 2.19534 -0.269366][-1.02113 -0.269366 4.7284]]
weight = 0.113414 mean = [5.40132 3.00031 2.86069] covariance = [[1.73055 0.656048 -0.458587][0.656048 3.27025 -0.572495][-0.458587 -0.572495 5.41564]]
weight = 0.514383 mean = [1.96734 1.58185 -2.57881] covariance = [[1.67321 -0.70877 0.264358][-0.70877 0.599026 0.0515856][0.264358 0.0515856 0.906337]]
weight = 0.0166703 mean = [-6.54028 5.97022 2.63504] covariance = [[6.8487 1.988 0.218405][1.988 5.12974 -0.941068][0.218405 -0.941068 3.03457]]
weight = 0.00914722 mean = [1.95093 9.68408 -1.45962] covariance = [[11.3703 -1.91992 2.44764][-1.91992 1.84285 -0.186532][2.44764 -0.186532 1.68994]]
weight = 0.238077 mean = [-1.25546 3.82359 -0.605364] covariance = [[13.4223 0.0351942 3.96383][0.0351942 2.74763 -0.541026][3.96383 -0.541026 5.36377]]
]
2025-05-21 10:20:36 INFO  ren0 [gaussian_mixture_model.h:218] Before merging
2025-05-21 10:20:36 INFO  ren0 [gaussian_mixture_model.h:219] GMM[
weight = 0.00456098 mean = [-15.5438 5.07052 2.12159] covariance = [[7.2372 1.55046 -0.77148][1.55046 11.2321 -1.39064][-0.77148 -1.39064 6.19047]]
weight = 0.00456098 mean = [-12.2755 3.6458 1.20257] covariance = [[7.2372 1.55046 -0.77148][1.55046 11.2321 -1.39064][-0.77148 -1.39064 6.19047]]
weight = 0.0126032 mean = [6.46744 -0.243737 0.237932] covariance = [[0.334142 0.224228 -0.226119][0.224228 2.28837 -1.1451][-0.226119 -1.1451 3.1024]]
weight = 0.0615509 mean = [4.96158 3.05494 -2.10258] covariance = [[2.13345 0.399054 0.522364][0.399054 2.74069 0.233457][0.522364 0.233457 0.544937]]
weight = 0.0250325 mean = [2.50324 -1.06033 0.0690961] covariance = [[4.46386 0.547898 -1.02113][0.547898 2.19534 -0.269366][-1.02113 -0.269366 4.7284]]
weight = 0.113414 mean = [5.40132 3.00031 2.86069] covariance = [[1.73055 0.656048 -0.458587][0.656048 3.27025 -0.572495][-0.458587 -0.572495 5.41564]]
weight = 0.514383 mean = [1.96734 1.58185 -2.57881] covariance = [[1.67321 -0.70877 0.264358][-0.70877 0.599026 0.0515856][0.264358 0.0515856 0.906337]]
weight = 0.0166703 mean = [-6.54028 5.97022 2.63504] covariance = [[6.8487 1.988 0.218405][1.988 5.12974 -0.941068][0.218405 -0.941068 3.03457]]
weight = 0.00914722 mean = [1.95093 9.68408 -1.45962] covariance = [[11.3703 -1.91992 2.44764][-1.91992 1.84285 -0.186532][2.44764 -0.186532 1.68994]]
weight = 0.238077 mean = [-1.25546 3.82359 -0.605364] covariance = [[13.4223 0.0351942 3.96383][0.0351942 2.74763 -0.541026][3.96383 -0.541026 5.36377]]
]
2025-05-21 10:20:36 INFO  ren0 [MIFocalGuidingPathTracer] GMM[
weight = 0.00456098 mean = [-15.5438 5.07052 2.12159] covariance = [[7.2372 1.55046 -0.77148][1.55046 11.2321 -1.39064][-0.77148 -1.39064 6.19047]]
weight = 0.00456098 mean = [-12.2755 3.6458 1.20257] covariance = [[7.2372 1.55046 -0.77148][1.55046 11.2321 -1.39064][-0.77148 -1.39064 6.19047]]
weight = 0.0126032 mean = [6.46744 -0.243737 0.237932] covariance = [[0.334142 0.224228 -0.226119][0.224228 2.28837 -1.1451][-0.226119 -1.1451 3.1024]]
weight = 0.0615509 mean = [4.96158 3.05494 -2.10258] covariance = [[2.13345 0.399054 0.522364][0.399054 2.74069 0.233457][0.522364 0.233457 0.544937]]
weight = 0.0250325 mean = [2.50324 -1.06033 0.0690961] covariance = [[4.46386 0.547898 -1.02113][0.547898 2.19534 -0.269366][-1.02113 -0.269366 4.7284]]
weight = 0.514384 mean = [1.96734 1.58185 -2.57881] covariance = [[1.67321 -0.70877 0.264358][-0.70877 0.599026 0.0515856][0.264358 0.0515856 0.906337]]
weight = 0.0166703 mean = [-6.54028 5.97022 2.63504] covariance = [[6.8487 1.988 0.218405][1.988 5.12974 -0.941068][0.218405 -0.941068 3.03457]]
weight = 0.00914722 mean = [1.95093 9.68408 -1.45962] covariance = [[11.3703 -1.91992 2.44764][-1.91992 1.84285 -0.186532][2.44764 -0.186532 1.68994]]
weight = 0.35149 mean = [0.892449 3.55795 0.513008] covariance = [[19.3345 -0.962237 7.57947][-0.962237 3.0644 -1.17483][7.57947 -1.17483 8.00609]]
]
2025-05-21 10:20:36 INFO  ren0 [octree.h:534] root weight: 2.799e+06 (2798912.000000)
2025-05-21 10:20:36 INFO  ren0 [octree.h:535] splitting threshold: 2.799e+03 (2798.912109)
2025-05-21 10:20:36 INFO  ren0 [octree.h:534] root weight: 2.813e+05 (281329.500000)
2025-05-21 10:20:36 INFO  ren0 [octree.h:535] splitting threshold: 2.813e+02 (281.329498)
2025-05-21 10:20:36 INFO  ren0 [octree.h:550] node count: 585 -> 900 -> 708

2025-05-21 10:20:36 INFO  ren0 [octree.h:550] node count: 585 -> 600 -> 428

2025-05-21 10:20:36 INFO  ren0 [MIFocalGuidingPathTracer] ITERATION 1, until 20.0 seconds
2025-05-21 10:21:00 INFO  ren0 [MIFocalGuidingPathTracer]   35.01 seconds elapsed, passes this iteration: 1, total passes: 7
2025-05-21 10:21:00 INFO  ren0 [MIFocalGuidingPathTracer] Got 65115 non-zero samples
2025-05-21 10:21:00 INFO  ren0 [MIFocalGuidingPathTracer] Resetting after 6 iteration
2025-05-21 10:21:00 INFO  ren0 [gaussian_mixture_model.h:821] Processing mega batch of size 65115
2025-05-21 10:21:00 INFO  ren0 [gaussian_mixture_model.h:215] Before splitting
2025-05-21 10:21:00 INFO  ren0 [gaussian_mixture_model.h:216] GMM[
weight = 0.00426371 mean = [-14.8 4.49103 1.52136] covariance = [[13.1862 -1.77664 -0.694474][-1.77664 11.5148 -1.92538][-0.694474 -1.92538 6.55598]]
weight = 0.00340343 mean = [-9.61835 1.03967 1.06847] covariance = [[7.52648 -2.76284 -0.965611][-2.76284 9.04453 -0.0566932][-0.965611 -0.0566932 5.60024]]
weight = 0.0183151 mean = [6.45566 0.331308 -0.187257] covariance = [[0.275372 0.277893 -0.184002][0.277893 2.56519 -0.897384][-0.184002 -0.897384 2.92974]]
weight = 0.0908034 mean = [4.90869 2.66709 -2.05347] covariance = [[2.04368 -0.30632 0.469381][-0.30632 1.97394 0.0487524][0.469381 0.0487524 0.499503]]
weight = 0.0291174 mean = [2.80954 -1.06086 0.188057] covariance = [[4.09189 0.530103 -0.641242][0.530103 2.3328 -0.108964][-0.641242 -0.108964 4.84288]]
weight = 0.436164 mean = [1.82307 1.65183 -2.63305] covariance = [[1.92267 -0.918841 0.224578][-0.918841 0.682178 0.00467764][0.224578 0.00467764 0.571623]]
weight = 0.0209087 mean = [-5.76951 5.46554 2.46086] covariance = [[8.94108 6.1259 -0.867148][6.1259 8.47678 -1.86336][-0.867148 -1.86336 3.58954]]
weight = 0.00942476 mean = [1.74292 9.45776 -1.5472] covariance = [[5.193 -0.797388 1.26505][-0.797388 1.31986 0.196113][1.26505 0.196113 2.01569]]
weight = 0.3876 mean = [0.712692 3.47492 0.583481] covariance = [[17.515 -0.23705 5.89026][-0.23705 3.16963 -0.779126][5.89026 -0.779126 6.71057]]
]
2025-05-21 10:21:00 INFO  ren0 [gaussian_mixture_model.h:218] Before merging
2025-05-21 10:21:00 INFO  ren0 [gaussian_mixture_model.h:219] GMM[
weight = 0.00213185 mean = [-13.2391 3.4261 1.64546] covariance = [[8.31362 1.54779 -1.08189][1.54779 9.24663 -1.66106][-1.08189 -1.66106 6.52519]]
weight = 0.00340343 mean = [-9.61835 1.03967 1.06847] covariance = [[7.52648 -2.76284 -0.965611][-2.76284 9.04453 -0.0566932][-0.965611 -0.0566932 5.60024]]
weight = 0.0183151 mean = [6.45566 0.331308 -0.187257] covariance = [[0.275372 0.277893 -0.184002][0.277893 2.56519 -0.897384][-0.184002 -0.897384 2.92974]]
weight = 0.0908034 mean = [4.90869 2.66709 -2.05347] covariance = [[2.04368 -0.30632 0.469381][-0.30632 1.97394 0.0487524][0.469381 0.0487524 0.499503]]
weight = 0.0291174 mean = [2.80954 -1.06086 0.188057] covariance = [[4.09189 0.530103 -0.641242][0.530103 2.3328 -0.108964][-0.641242 -0.108964 4.84288]]
weight = 0.00213185 mean = [-16.3609 5.55596 1.39726] covariance = [[8.31362 1.54779 -1.08189][1.54779 9.24663 -1.66106][-1.08189 -1.66106 6.52519]]
weight = 0.436164 mean = [1.82307 1.65183 -2.63305] covariance = [[1.92267 -0.918841 0.224578][-0.918841 0.682178 0.00467764][0.224578 0.00467764 0.571623]]
weight = 0.0209087 mean = [-5.76951 5.46554 2.46086] covariance = [[8.94108 6.1259 -0.867148][6.1259 8.47678 -1.86336][-0.867148 -1.86336 3.58954]]
weight = 0.00942476 mean = [1.74292 9.45776 -1.5472] covariance = [[5.193 -0.797388 1.26505][-0.797388 1.31986 0.196113][1.26505 0.196113 2.01569]]
weight = 0.3876 mean = [0.712692 3.47492 0.583481] covariance = [[17.515 -0.23705 5.89026][-0.23705 3.16963 -0.779126][5.89026 -0.779126 6.71057]]
]
2025-05-21 10:21:00 INFO  ren0 [MIFocalGuidingPathTracer] GMM[
weight = 0.00213185 mean = [-13.2391 3.4261 1.64546] covariance = [[8.31362 1.54779 -1.08189][1.54779 9.24663 -1.66106][-1.08189 -1.66106 6.52519]]
weight = 0.0183151 mean = [6.45566 0.331308 -0.187257] covariance = [[0.275372 0.277893 -0.184002][0.277893 2.56519 -0.897384][-0.184002 -0.897384 2.92974]]
weight = 0.0908034 mean = [4.90869 2.66709 -2.05347] covariance = [[2.04368 -0.30632 0.469381][-0.30632 1.97394 0.0487524][0.469381 0.0487524 0.499503]]
weight = 0.0291174 mean = [2.80954 -1.06086 0.188057] covariance = [[4.09189 0.530103 -0.641242][0.530103 2.3328 -0.108964][-0.641242 -0.108964 4.84288]]
weight = 0.00213185 mean = [-16.3609 5.55596 1.39726] covariance = [[8.31362 1.54779 -1.08189][1.54779 9.24663 -1.66106][-1.08189 -1.66106 6.52519]]
weight = 0.436164 mean = [1.82307 1.65183 -2.63305] covariance = [[1.92267 -0.918841 0.224578][-0.918841 0.682178 0.00467764][0.224578 0.00467764 0.571623]]
weight = 0.0243121 mean = [-6.3083 4.84596 2.26594] covariance = [[10.5265 6.93239 -0.235739][6.93239 10.9145 -0.868521][-0.235739 -0.868521 4.10444]]
weight = 0.00942476 mean = [1.74292 9.45776 -1.5472] covariance = [[5.193 -0.797388 1.26505][-0.797388 1.31986 0.196113][1.26505 0.196113 2.01569]]
weight = 0.3876 mean = [0.712692 3.47492 0.583481] covariance = [[17.515 -0.23705 5.89026][-0.23705 3.16963 -0.779126][5.89026 -0.779126 6.71057]]
]
2025-05-21 10:21:00 INFO  ren0 [octree.h:534] root weight: 2.009e+06 (2009444.625000)
2025-05-21 10:21:00 INFO  ren0 [octree.h:535] splitting threshold: 2.009e+03 (2009.444702)
2025-05-21 10:21:00 INFO  ren0 [octree.h:534] root weight: 1.851e+05 (185115.203125)
2025-05-21 10:21:00 INFO  ren0 [octree.h:535] splitting threshold: 1.851e+02 (185.115219)
2025-05-21 10:21:00 INFO  ren0 [octree.h:550] node count: 708 -> 792 -> 773

2025-05-21 10:21:00 INFO  ren0 [octree.h:550] node count: 428 -> 436 -> 432

2025-05-21 10:21:00 INFO  ren0 [MIFocalGuidingPathTracer] ITERATION 2, until 30.0 seconds
2025-05-21 10:21:26 INFO  ren0 [MIFocalGuidingPathTracer]   60.79 seconds elapsed, passes this iteration: 1, total passes: 8
2025-05-21 10:21:26 INFO  ren0 [MIFocalGuidingPathTracer] Got 71364 non-zero samples
2025-05-21 10:21:26 INFO  ren0 [MIFocalGuidingPathTracer] Resetting after 6 iteration
2025-05-21 10:21:26 INFO  ren0 [gaussian_mixture_model.h:821] Processing mega batch of size 71364
2025-05-21 10:21:26 INFO  ren0 [gaussian_mixture_model.h:215] Before splitting
2025-05-21 10:21:26 INFO  ren0 [gaussian_mixture_model.h:216] GMM[
weight = 0.00218778 mean = [-13.6708 4.45094 0.51089] covariance = [[12.807 0.517122 -1.40245][0.517122 14.2423 -1.80043][-1.40245 -1.80043 6.83693]]
weight = 0.0377995 mean = [6.53057 1.49418 -0.461451] covariance = [[0.250415 0.246595 -0.225268][0.246595 3.26041 -2.49602][-0.225268 -2.49602 4.15375]]
weight = 0.149185 mean = [5.57428 3.30703 -2.25424] covariance = [[1.9676 0.330364 0.0749062][0.330364 1.55431 -0.276063][0.0749062 -0.276063 0.504276]]
weight = 0.0343838 mean = [3.08117 -0.713383 0.431211] covariance = [[4.74743 1.07743 -0.140986][1.07743 2.49217 -0.166857][-0.140986 -0.166857 3.55702]]
weight = 0.000874828 mean = [-14.6561 6.33791 -1.20388] covariance = [[9.65866 5.9117 -0.723748][5.9117 12.8268 0.014728][-0.723748 0.014728 3.15567]]
weight = 0.369562 mean = [1.88763 1.5877 -2.69791] covariance = [[2.10279 -1.04424 0.242648][-1.04424 0.684873 -0.0267798][0.242648 -0.0267798 0.403304]]
weight = 0.0175199 mean = [-5.80595 4.94595 2.09207] covariance = [[10.4722 7.14621 0.475907][7.14621 10.9014 -0.784383][0.475907 -0.784383 4.35079]]
weight = 0.00503215 mean = [2.04045 9.48577 -0.423988] covariance = [[7.50406 -0.612328 3.27357][-0.612328 1.06575 0.288938][3.27357 0.288938 4.5788]]
weight = 0.383455 mean = [1.64223 3.22293 0.620364] covariance = [[17.3876 -1.08553 5.37817][-1.08553 3.58852 -1.28345][5.37817 -1.28345 6.14951]]
]
2025-05-21 10:21:26 INFO  ren0 [gaussian_mixture_model.h:218] Before merging
2025-05-21 10:21:26 INFO  ren0 [gaussian_mixture_model.h:219] GMM[
weight = 0.00109389 mean = [-14.4024 2.73131 1.01638] covariance = [[11.7366 -1.999 -0.662833][-1.999 8.32803 -0.0619035][-0.662833 -0.0619035 6.3259]]
weight = 0.00109389 mean = [-12.9392 6.17058 0.00539854] covariance = [[11.7366 -1.999 -0.662833][-1.999 8.32803 -0.0619035][-0.662833 -0.0619035 6.3259]]
weight = 0.0377995 mean = [6.53057 1.49418 -0.461451] covariance = [[0.250415 0.246595 -0.225268][0.246595 3.26041 -2.49602][-0.225268 -2.49602 4.15375]]
weight = 0.149185 mean = [5.57428 3.30703 -2.25424] covariance = [[1.9676 0.330364 0.0749062][0.330364 1.55431 -0.276063][0.0749062 -0.276063 0.504276]]
weight = 0.0343838 mean = [3.08117 -0.713383 0.431211] covariance = [[4.74743 1.07743 -0.140986][1.07743 2.49217 -0.166857][-0.140986 -0.166857 3.55702]]
weight = 0.000874828 mean = [-14.6561 6.33791 -1.20388] covariance = [[9.65866 5.9117 -0.723748][5.9117 12.8268 0.014728][-0.723748 0.014728 3.15567]]
weight = 0.369562 mean = [1.88763 1.5877 -2.69791] covariance = [[2.10279 -1.04424 0.242648][-1.04424 0.684873 -0.0267798][0.242648 -0.0267798 0.403304]]
weight = 0.0175199 mean = [-5.80595 4.94595 2.09207] covariance = [[10.4722 7.14621 0.475907][7.14621 10.9014 -0.784383][0.475907 -0.784383 4.35079]]
weight = 0.00503215 mean = [2.04045 9.48577 -0.423988] covariance = [[7.50406 -0.612328 3.27357][-0.612328 1.06575 0.288938][3.27357 0.288938 4.5788]]
weight = 0.383455 mean = [1.64223 3.22293 0.620364] covariance = [[17.3876 -1.08553 5.37817][-1.08553 3.58852 -1.28345][5.37817 -1.28345 6.14951]]
]
2025-05-21 10:21:26 INFO  ren0 [MIFocalGuidingPathTracer] GMM[
weight = 0.00109389 mean = [-14.4024 2.73131 1.01638] covariance = [[11.7366 -1.999 -0.662833][-1.999 8.32803 -0.0619035][-0.662833 -0.0619035 6.3259]]
weight = 0.00109389 mean = [-12.9392 6.17058 0.00539854] covariance = [[11.7366 -1.999 -0.662833][-1.999 8.32803 -0.0619035][-0.662833 -0.0619035 6.3259]]
weight = 0.186984 mean = [5.7676 2.94056 -1.89183] covariance = [[1.76797 0.0338204 0.290741][0.0338204 2.42927 -1.24903][0.290741 -1.24903 1.76044]]
weight = 0.0343838 mean = [3.08117 -0.713383 0.431211] covariance = [[4.74743 1.07743 -0.140986][1.07743 2.49217 -0.166857][-0.140986 -0.166857 3.55702]]
weight = 0.000874828 mean = [-14.6561 6.33791 -1.20388] covariance = [[9.65866 5.9117 -0.723748][5.9117 12.8268 0.014728][-0.723748 0.014728 3.15567]]
weight = 0.369562 mean = [1.88763 1.5877 -2.69791] covariance = [[2.10279 -1.04424 0.242648][-1.04424 0.684873 -0.0267798][0.242648 -0.0267798 0.403304]]
weight = 0.0175199 mean = [-5.80595 4.94595 2.09207] covariance = [[10.4722 7.14621 0.475907][7.14621 10.9014 -0.784383][0.475907 -0.784383 4.35079]]
weight = 0.00503215 mean = [2.04045 9.48577 -0.423988] covariance = [[7.50406 -0.612328 3.27357][-0.612328 1.06575 0.288938][3.27357 0.288938 4.5788]]
weight = 0.383455 mean = [1.64223 3.22293 0.620364] covariance = [[17.3876 -1.08553 5.37817][-1.08553 3.58852 -1.28345][5.37817 -1.28345 6.14951]]
]
2025-05-21 10:21:26 INFO  ren0 [octree.h:534] root weight: 1.828e+06 (1828137.125000)
2025-05-21 10:21:26 INFO  ren0 [octree.h:535] splitting threshold: 1.828e+03 (1828.137207)
2025-05-21 10:21:26 INFO  ren0 [octree.h:534] root weight: 1.837e+05 (183709.015625)
2025-05-21 10:21:26 INFO  ren0 [octree.h:535] splitting threshold: 1.837e+02 (183.709030)
2025-05-21 10:21:26 INFO  ren0 [octree.h:550] node count: 773 -> 885 -> 776

2025-05-21 10:21:26 INFO  ren0 [octree.h:550] node count: 432 -> 455 -> 439

2025-05-21 10:21:26 INFO  ren0 [MIFocalGuidingPathTracer] ITERATION 3, until 40.0 seconds
2025-05-21 10:21:52 INFO  ren0 [MIFocalGuidingPathTracer]   86.83 seconds elapsed, passes this iteration: 1, total passes: 9
2025-05-21 10:21:52 INFO  ren0 [MIFocalGuidingPathTracer] Got 92825 non-zero samples
2025-05-21 10:21:52 INFO  ren0 [MIFocalGuidingPathTracer] Resetting after 6 iteration
2025-05-21 10:21:52 INFO  ren0 [gaussian_mixture_model.h:821] Processing mega batch of size 92825
2025-05-21 10:21:52 INFO  ren0 [gaussian_mixture_model.h:215] Before splitting
2025-05-21 10:21:52 INFO  ren0 [gaussian_mixture_model.h:216] GMM[
weight = 0.0552162 mean = [-13.8044 3.81507 2.96577] covariance = [[1.00697 0.19074 -0.0006539][0.19074 1.35078 0.181868][-0.0006539 0.181868 0.673242]]
weight = 0.0322492 mean = [-13.4938 4.17446 2.88719] covariance = [[1.68123 0.295028 -0.308932][0.295028 0.670247 -0.136435][-0.308932 -0.136435 0.347481]]
weight = 0.0783967 mean = [5.36715 2.58967 -1.63238] covariance = [[1.95307 0.0499542 0.185591][0.0499542 2.0747 -0.632163][0.185591 -0.632163 1.19456]]
weight = 0.0270686 mean = [2.91095 -0.723929 0.526472] covariance = [[5.6094 0.523742 -0.142314][0.523742 2.44833 -0.403167][-0.142314 -0.403167 3.72995]]
weight = 0.00378809 mean = [-14.2455 3.75337 1.92164] covariance = [[3.2534 3.22532 0.941777][3.22532 7.16981 0.925966][0.941777 0.925966 3.05863]]
weight = 0.3137 mean = [1.8083 1.58973 -2.80294] covariance = [[2.29146 -1.25761 0.0978399][-1.25761 0.787027 -0.01389][0.0978399 -0.01389 0.193]]
weight = 0.111089 mean = [-7.89348 4.38473 2.37509] covariance = [[8.17704 2.24964 0.0222403][2.24964 6.35387 -0.339368][0.0222403 -0.339368 1.15996]]
weight = 0.00555323 mean = [2.62294 9.78258 -0.116549] covariance = [[5.77268 -0.822779 2.4041][-0.822779 0.957936 -0.476612][2.4041 -0.476612 5.48225]]
weight = 0.372939 mean = [1.01625 3.68552 0.971038] covariance = [[16.505 -0.897724 4.51323][-0.897724 3.72305 -0.566648][4.51323 -0.566648 6.5123]]
]
2025-05-21 10:21:52 INFO  ren0 [gaussian_mixture_model.h:218] Before merging
2025-05-21 10:21:52 INFO  ren0 [gaussian_mixture_model.h:219] GMM[
weight = 0.0276081 mean = [-13.5788 4.36384 3.09075] covariance = [[0.905205 -0.0568469 -0.0570414][-0.0568469 0.748504 0.0446982][-0.0570414 0.0446982 0.642012]]
weight = 0.0322492 mean = [-13.4938 4.17446 2.88719] covariance = [[1.68123 0.295028 -0.308932][0.295028 0.670247 -0.136435][-0.308932 -0.136435 0.347481]]
weight = 0.0276081 mean = [-14.03 3.26631 2.84079] covariance = [[0.905205 -0.0568469 -0.0570414][-0.0568469 0.748504 0.0446982][-0.0570414 0.0446982 0.642012]]
weight = 0.0783967 mean = [5.36715 2.58967 -1.63238] covariance = [[1.95307 0.0499542 0.185591][0.0499542 2.0747 -0.632163][0.185591 -0.632163 1.19456]]
weight = 0.0270686 mean = [2.91095 -0.723929 0.526472] covariance = [[5.6094 0.523742 -0.142314][0.523742 2.44833 -0.403167][-0.142314 -0.403167 3.72995]]
weight = 0.00378809 mean = [-14.2455 3.75337 1.92164] covariance = [[3.2534 3.22532 0.941777][3.22532 7.16981 0.925966][0.941777 0.925966 3.05863]]
weight = 0.3137 mean = [1.8083 1.58973 -2.80294] covariance = [[2.29146 -1.25761 0.0978399][-1.25761 0.787027 -0.01389][0.0978399 -0.01389 0.193]]
weight = 0.111089 mean = [-7.89348 4.38473 2.37509] covariance = [[8.17704 2.24964 0.0222403][2.24964 6.35387 -0.339368][0.0222403 -0.339368 1.15996]]
weight = 0.00555323 mean = [2.62294 9.78258 -0.116549] covariance = [[5.77268 -0.822779 2.4041][-0.822779 0.957936 -0.476612][2.4041 -0.476612 5.48225]]
weight = 0.372939 mean = [1.01625 3.68552 0.971038] covariance = [[16.505 -0.897724 4.51323][-0.897724 3.72305 -0.566648][4.51323 -0.566648 6.5123]]
]
2025-05-21 10:21:52 INFO  ren0 [MIFocalGuidingPathTracer] GMM[
weight = 0.0783967 mean = [5.36715 2.58967 -1.63238] covariance = [[1.95307 0.0499542 0.185591][0.0499542 2.0747 -0.632163][0.185591 -0.632163 1.19456]]
weight = 0.0270686 mean = [2.91095 -0.723929 0.526472] covariance = [[5.6094 0.523742 -0.142314][0.523742 2.44833 -0.403167][-0.142314 -0.403167 3.72995]]
weight = 0.0912536 mean = [-13.7129 3.93952 2.89466] covariance = [[1.34156 0.307863 -0.0705445][0.307863 1.19996 0.0603116][-0.0705445 0.0603116 0.690096]]
weight = 0.3137 mean = [1.8083 1.58973 -2.80294] covariance = [[2.29146 -1.25761 0.0978399][-1.25761 0.787027 -0.01389][0.0978399 -0.01389 0.193]]
weight = 0.111089 mean = [-7.89348 4.38473 2.37509] covariance = [[8.17704 2.24964 0.0222403][2.24964 6.35387 -0.339368][0.0222403 -0.339368 1.15996]]
weight = 0.00555323 mean = [2.62294 9.78258 -0.116549] covariance = [[5.77268 -0.822779 2.4041][-0.822779 0.957936 -0.476612][2.4041 -0.476612 5.48225]]
weight = 0.372939 mean = [1.01625 3.68552 0.971038] covariance = [[16.505 -0.897724 4.51323][-0.897724 3.72305 -0.566648][4.51323 -0.566648 6.5123]]
]
2025-05-21 10:21:52 INFO  ren0 [octree.h:534] root weight: 1.910e+06 (1909861.875000)
2025-05-21 10:21:52 INFO  ren0 [octree.h:535] splitting threshold: 1.910e+03 (1909.861938)
2025-05-21 10:21:52 INFO  ren0 [octree.h:534] root weight: 1.887e+05 (188668.843750)
2025-05-21 10:21:52 INFO  ren0 [octree.h:535] splitting threshold: 1.887e+02 (188.668854)
2025-05-21 10:21:52 INFO  ren0 [octree.h:550] node count: 776 -> 901 -> 759

2025-05-21 10:21:52 INFO  ren0 [octree.h:550] node count: 439 -> 457 -> 434

2025-05-21 10:21:52 INFO  ren0 [MIFocalGuidingPathTracer] ITERATION 4, until 50.0 seconds
2025-05-21 10:22:09 INFO  ren0 [MIFocalGuidingPathTracer]   104.32 seconds elapsed, passes this iteration: 1, total passes: 10
2025-05-21 10:22:09 INFO  ren0 [MIFocalGuidingPathTracer] Got 65937 non-zero samples
2025-05-21 10:22:09 INFO  ren0 [MIFocalGuidingPathTracer] Resetting after 6 iteration
