2025-05-21 19:54:52 INFO  main [mitsuba.cpp:274] Mitsuba version 0.6.0 (Linux, 64 bit), Copyright (c) 2017 Wenzel Jakob
2025-05-21 19:54:52 INFO  main [mitsuba.cpp:377] Parsing scene description from "scene/modern-hall/modern-hall.xml" ..
2025-05-21 19:54:52 INFO  main [scenehandler.cpp:675] In file "/mitsuba/scene/modern-hall/modern-hall.xml" (near line 20): Parsing included file "pmm_focal_recursive.xml" ..
2025-05-21 19:54:52 INFO  main [PluginManager] Loading plugin "plugins/pmm_focal_recursive.so" ..
2025-05-21 19:54:52 INFO  main [octree.h:534] root weight: 8.000e-20 (0.000000)
2025-05-21 19:54:52 INFO  main [octree.h:535] splitting threshold: 8.000e-23 (0.000000)
2025-05-21 19:54:52 INFO  main [octree.h:550] node count: 1 -> 585 -> 585

2025-05-21 19:54:52 INFO  main [octree.h:534] root weight: 8.000e-20 (0.000000)
2025-05-21 19:54:52 INFO  main [octree.h:535] splitting threshold: 8.000e-23 (0.000000)
2025-05-21 19:54:52 INFO  main [octree.h:550] node count: 1 -> 585 -> 585

2025-05-21 19:54:52 INFO  main [MIFocalGuidingPathTracer] Final render will have 32 spp, m_budget will not be taken into account.
2025-05-21 19:54:52 INFO  main [MIFocalGuidingPathTracer] budget: 1800
2025-05-21 19:54:52 INFO  main [MIFocalGuidingPathTracer] dumpPrimaryRays: false
2025-05-21 19:54:52 INFO  main [MIFocalGuidingPathTracer] dumpScene: false
2025-05-21 19:54:52 INFO  main [MIFocalGuidingPathTracer] finalSpp: 32
2025-05-21 19:54:52 INFO  main [MIFocalGuidingPathTracer] gmm.alpha: 0.4
2025-05-21 19:54:52 INFO  main [MIFocalGuidingPathTracer] gmm.initMethod: KMeans
2025-05-21 19:54:52 INFO  main [MIFocalGuidingPathTracer] gmm.maxNumComp: 10
2025-05-21 19:54:52 INFO  main [MIFocalGuidingPathTracer] gmm.mergingThreshold: 0.65
2025-05-21 19:54:52 INFO  main [MIFocalGuidingPathTracer] gmm.minNumComp: 3
2025-05-21 19:54:52 INFO  main [MIFocalGuidingPathTracer] gmm.splittingThreshold: 100
2025-05-21 19:54:52 INFO  main [MIFocalGuidingPathTracer] iterationBudget: 10
2025-05-21 19:54:52 INFO  main [MIFocalGuidingPathTracer] iterationCount: 20
2025-05-21 19:54:52 INFO  main [MIFocalGuidingPathTracer] maxDepth: 40
2025-05-21 19:54:52 INFO  main [MIFocalGuidingPathTracer] minSamplesToStartFitting: 10
2025-05-21 19:54:52 INFO  main [MIFocalGuidingPathTracer] normalBinning: disabled
2025-05-21 19:54:52 INFO  main [MIFocalGuidingPathTracer] renderMaxSeconds: 36000
2025-05-21 19:54:52 INFO  main [MIFocalGuidingPathTracer] rrDepth: 14
2025-05-21 19:54:52 INFO  main [MIFocalGuidingPathTracer] samplingMode: 2
2025-05-21 19:54:52 INFO  main [MIFocalGuidingPathTracer] shouldPretrain: true
2025-05-21 19:54:52 INFO  main [MIFocalGuidingPathTracer] strictNormals: true
2025-05-21 19:54:52 INFO  main [MIFocalGuidingPathTracer] trainingSamples: 4
2025-05-21 19:54:52 INFO  main [MIFocalGuidingPathTracer] tree.threshold: 0.001
2025-05-21 19:54:52 INFO  main [MIFocalGuidingPathTracer] unboundedSplatting: true
2025-05-21 19:54:52 INFO  main [PluginManager] Loading plugin "plugins/independent.so" ..
2025-05-21 19:54:52 INFO  main [PluginManager] Loading plugin "plugins/box.so" ..
2025-05-21 19:54:52 INFO  main [PluginManager] Loading plugin "plugins/hdrfilm.so" ..
2025-05-21 19:54:52 INFO  main [PluginManager] Loading plugin "plugins/perspective.so" ..
2025-05-21 19:54:52 INFO  main [PluginManager] Loading plugin "plugins/dielectric.so" ..
2025-05-21 19:54:52 INFO  main [PluginManager] Loading plugin "plugins/bitmap.so" ..
2025-05-21 19:54:52 INFO  main [BitmapTexture] Loading texture "wood5.jpg"
2025-05-21 19:54:52 INFO  main [PluginManager] Loading plugin "plugins/lanczos.so" ..
2025-05-21 19:54:52 INFO  main [MIPMap] Generating MIP map cache file "/mitsuba/scene/modern-hall/textures/wood5.mip" ..
2025-05-21 19:54:52 INFO  main [PluginManager] Loading plugin "plugins/roughplastic.so" ..
2025-05-21 19:54:52 INFO  main [PluginManager] Loading plugin "plugins/twosided.so" ..
2025-05-21 19:54:52 INFO  main [BitmapTexture] Loading texture "Tiles.jpg"
2025-05-21 19:54:52 INFO  main [PluginManager] Loading plugin "plugins/diffuse.so" ..
2025-05-21 19:54:52 INFO  main [BitmapTexture] Loading texture "Wallpaper.jpg"
2025-05-21 19:54:52 INFO  main [PluginManager] Loading plugin "plugins/roughconductor.so" ..
2025-05-21 19:54:52 INFO  main [spectrum.cpp:599] "Cu.eta.spd": loaded a spectral power distribution with 55 entries (between 302.400421 and 885.601257 nm)
2025-05-21 19:54:52 INFO  main [spectrum.cpp:599] "Cu.k.spd": loaded a spectral power distribution with 55 entries (between 302.400421 and 885.601257 nm)
2025-05-21 19:54:52 INFO  main [spectrum.cpp:599] "Cu.eta.spd": loaded a spectral power distribution with 55 entries (between 302.400421 and 885.601257 nm)
2025-05-21 19:54:52 INFO  main [spectrum.cpp:599] "Cu.k.spd": loaded a spectral power distribution with 55 entries (between 302.400421 and 885.601257 nm)
2025-05-21 19:54:52 INFO  main [PluginManager] Loading plugin "plugins/difftrans.so" ..
2025-05-21 19:54:52 INFO  main [PluginManager] Loading plugin "plugins/area.so" ..
2025-05-21 19:54:52 INFO  main [PluginManager] Loading plugin "plugins/rectangle.so" ..
2025-05-21 19:54:52 INFO  main [PluginManager] Loading plugin "plugins/cube.so" ..
2025-05-21 19:54:52 INFO  main [PluginManager] Loading plugin "plugins/obj.so" ..
2025-05-21 19:54:52 INFO  main [WavefrontOBJ] Loading geometry from "Mesh008.obj" ..
2025-05-21 19:54:52 INFO  main [WavefrontOBJ] Mesh008: 5184 triangles, 2664 vertices (merged 12888 vertices).
2025-05-21 19:54:52 INFO  main [WavefrontOBJ] Done with "Mesh008.obj" (took 12 ms)
2025-05-21 19:54:52 INFO  main [WavefrontOBJ] Loading geometry from "Mesh004.obj" ..
2025-05-21 19:54:52 INFO  main [WavefrontOBJ] Mesh004: 5184 triangles, 2664 vertices (merged 12888 vertices).
2025-05-21 19:54:52 INFO  main [WavefrontOBJ] Done with "Mesh004.obj" (took 11 ms)
2025-05-21 19:54:52 INFO  main [WavefrontOBJ] Loading geometry from "Mesh003.obj" ..
2025-05-21 19:54:52 INFO  main [WavefrontOBJ] Mesh003: 5184 triangles, 2664 vertices (merged 12888 vertices).
2025-05-21 19:54:52 INFO  main [WavefrontOBJ] Done with "Mesh003.obj" (took 11 ms)
2025-05-21 19:54:52 INFO  main [WavefrontOBJ] Loading geometry from "Mesh006.obj" ..
2025-05-21 19:54:52 INFO  main [WavefrontOBJ] Mesh006: 5184 triangles, 2664 vertices (merged 12888 vertices).
2025-05-21 19:54:52 INFO  main [WavefrontOBJ] Done with "Mesh006.obj" (took 11 ms)
2025-05-21 19:54:52 INFO  main [WavefrontOBJ] Loading geometry from "Mesh012.obj" ..
2025-05-21 19:54:52 INFO  main [WavefrontOBJ] Mesh012: 444 triangles, 882 vertices (merged 450 vertices).
2025-05-21 19:54:52 INFO  main [WavefrontOBJ] Done with "Mesh012.obj" (took 2 ms)
2025-05-21 19:54:52 INFO  main [WavefrontOBJ] Loading geometry from "Mesh013.obj" ..
2025-05-21 19:54:52 INFO  main [WavefrontOBJ] Mesh013: 5184 triangles, 2664 vertices (merged 12888 vertices).
2025-05-21 19:54:52 INFO  main [WavefrontOBJ] Done with "Mesh013.obj" (took 11 ms)
2025-05-21 19:54:52 INFO  main [WavefrontOBJ] Loading geometry from "Mesh010.obj" ..
2025-05-21 19:54:52 INFO  main [WavefrontOBJ] Mesh010: 32 triangles, 60 vertices (merged 36 vertices).
2025-05-21 19:54:52 INFO  main [WavefrontOBJ] Done with "Mesh010.obj" (took 0 ms)
2025-05-21 19:54:52 INFO  main [WavefrontOBJ] Loading geometry from "Mesh015.obj" ..
2025-05-21 19:54:52 INFO  main [WavefrontOBJ] Mesh015: 32 triangles, 60 vertices (merged 36 vertices).
2025-05-21 19:54:52 INFO  main [WavefrontOBJ] Done with "Mesh015.obj" (took 0 ms)
2025-05-21 19:54:52 INFO  main [WavefrontOBJ] Loading geometry from "Mesh002.obj" ..
2025-05-21 19:54:52 INFO  main [WavefrontOBJ] Mesh002: 32 triangles, 60 vertices (merged 36 vertices).
2025-05-21 19:54:52 INFO  main [WavefrontOBJ] Done with "Mesh002.obj" (took 0 ms)
2025-05-21 19:54:52 INFO  main [WavefrontOBJ] Loading geometry from "Mesh007.obj" ..
2025-05-21 19:54:52 INFO  main [WavefrontOBJ] Mesh007: 32 triangles, 60 vertices (merged 36 vertices).
2025-05-21 19:54:52 INFO  main [WavefrontOBJ] Done with "Mesh007.obj" (took 0 ms)
2025-05-21 19:54:52 INFO  main [WavefrontOBJ] Loading geometry from "Mesh005.obj" ..
2025-05-21 19:54:52 INFO  main [WavefrontOBJ] Mesh005: 12 triangles, 20 vertices (merged 16 vertices).
2025-05-21 19:54:52 INFO  main [WavefrontOBJ] Done with "Mesh005.obj" (took 0 ms)
2025-05-21 19:54:52 INFO  main [WavefrontOBJ] Loading geometry from "Mesh016.obj" ..
2025-05-21 19:54:52 INFO  main [WavefrontOBJ] Mesh016: 120 triangles, 204 vertices (merged 156 vertices).
2025-05-21 19:54:52 INFO  main [WavefrontOBJ] Done with "Mesh016.obj" (took 0 ms)
2025-05-21 19:54:52 INFO  main [WavefrontOBJ] Loading geometry from "Mesh017.obj" ..
2025-05-21 19:54:52 INFO  main [WavefrontOBJ] Mesh017: 20 triangles, 40 vertices (merged 20 vertices).
2025-05-21 19:54:52 INFO  main [WavefrontOBJ] Done with "Mesh017.obj" (took 0 ms)
2025-05-21 19:54:52 INFO  main [WavefrontOBJ] Loading geometry from "Mesh018.obj" ..
2025-05-21 19:54:52 INFO  main [WavefrontOBJ] Mesh018: 2 triangles, 4 vertices (merged 2 vertices).
2025-05-21 19:54:52 INFO  main [WavefrontOBJ] Done with "Mesh018.obj" (took 0 ms)
2025-05-21 19:54:52 INFO  main [WavefrontOBJ] Loading geometry from "Mesh011.obj" ..
2025-05-21 19:54:52 INFO  main [WavefrontOBJ] Mesh011: 32 triangles, 30 vertices (merged 66 vertices).
2025-05-21 19:54:52 INFO  main [WavefrontOBJ] Done with "Mesh011.obj" (took 0 ms)
2025-05-21 19:54:52 INFO  main [PluginManager] Loading plugin "plugins/homogeneous.so" ..
2025-05-21 19:54:52 INFO  main [PluginManager] Loading plugin "plugins/isotropic.so" ..
2025-05-21 19:54:52 INFO  main [WavefrontOBJ] Loading geometry from "Mesh014.obj" ..
2025-05-21 19:54:52 INFO  main [WavefrontOBJ] Mesh014: 36 triangles, 72 vertices (merged 36 vertices).
2025-05-21 19:54:52 INFO  main [WavefrontOBJ] Done with "Mesh014.obj" (took 0 ms)
2025-05-21 19:54:52 INFO  main [WavefrontOBJ] Loading geometry from "Mesh001.obj" ..
2025-05-21 19:54:52 INFO  main [WavefrontOBJ] Mesh001: 924 triangles, 2016 vertices (merged 756 vertices).
2025-05-21 19:54:52 INFO  main [WavefrontOBJ] Done with "Mesh001.obj" (took 5 ms)
2025-05-21 19:54:52 INFO  main [WavefrontOBJ] Loading geometry from "Mesh000.obj" ..
2025-05-21 19:54:52 INFO  main [WavefrontOBJ] Mesh000: 3127 triangles, 2075 vertices (merged 7306 vertices).
2025-05-21 19:54:52 INFO  main [WavefrontOBJ] Done with "Mesh000.obj" (took 12 ms)
2025-05-21 19:54:52 INFO  main [WavefrontOBJ] Loading geometry from "Mesh009.obj" ..
2025-05-21 19:54:52 INFO  main [WavefrontOBJ] Mesh009: 146 triangles, 110 vertices (merged 328 vertices).
2025-05-21 19:54:52 INFO  main [WavefrontOBJ] Done with "Mesh009.obj" (took 0 ms)
2025-05-21 19:54:52 INFO  ren0 [KDTreeBase] Constructing a SAH kd-tree (30963 primitives) ..
2025-05-21 19:54:52 INFO  ren0 [KDTreeBase] Finished -- took 111 ms.
2025-05-21 19:54:52 INFO  ren0 [octree.h:534] root weight: 8.000e-20 (0.000000)
2025-05-21 19:54:52 INFO  ren0 [octree.h:535] splitting threshold: 8.000e-23 (0.000000)
2025-05-21 19:54:52 INFO  ren0 [octree.h:550] node count: 1 -> 585 -> 585

2025-05-21 19:54:52 INFO  ren0 [octree.h:534] root weight: 4.096e-17 (0.000000)
2025-05-21 19:54:52 INFO  ren0 [octree.h:535] splitting threshold: 4.096e-20 (0.000000)
2025-05-21 19:54:52 INFO  ren0 [octree.h:550] node count: 585 -> 585 -> 585

2025-05-21 19:54:52 INFO  ren0 [octree.h:534] root weight: 8.000e-20 (0.000000)
2025-05-21 19:54:52 INFO  ren0 [octree.h:535] splitting threshold: 8.000e-23 (0.000000)
2025-05-21 19:54:52 INFO  ren0 [octree.h:550] node count: 1 -> 585 -> 585

2025-05-21 19:54:52 INFO  ren0 [octree.h:534] root weight: 8.000e-20 (0.000000)
2025-05-21 19:54:52 INFO  ren0 [octree.h:535] splitting threshold: 8.000e-23 (0.000000)
2025-05-21 19:54:52 INFO  ren0 [octree.h:550] node count: 1 -> 585 -> 585

2025-05-21 19:54:52 INFO  ren0 [octree.h:534] root weight: 4.096e-17 (0.000000)
2025-05-21 19:54:52 INFO  ren0 [octree.h:535] splitting threshold: 4.096e-20 (0.000000)
2025-05-21 19:54:52 INFO  ren0 [octree.h:550] node count: 585 -> 585 -> 585

2025-05-21 19:54:52 INFO  ren0 [octree.h:534] root weight: 8.000e-20 (0.000000)
2025-05-21 19:54:52 INFO  ren0 [octree.h:535] splitting threshold: 8.000e-23 (0.000000)
2025-05-21 19:54:52 INFO  ren0 [octree.h:550] node count: 1 -> 585 -> 585

2025-05-21 19:54:52 INFO  ren0 [MIFocalGuidingPathTracer] AABB3[min=[-21.7494, -3.70393, -3.09172], max=[7.19249, 11.2965, 6.96201]]
2025-05-21 19:54:52 INFO  ren0 [MIFocalGuidingPathTracer] Starting render job (1280x720, 12 cores, SSE2 enabled) ..
2025-05-21 19:54:52 INFO  ren0 [MIFocalGuidingPathTracer] ITERATION 0, until 10.0 seconds
2025-05-21 19:55:02 INFO  ren0 [MIFocalGuidingPathTracer]   10.13 seconds elapsed, passes this iteration: 6, total passes: 6
2025-05-21 19:55:02 INFO  ren0 [MIFocalGuidingPathTracer] Got 119073 non-zero samples
2025-05-21 19:55:02 INFO  ren0 [MIFocalGuidingPathTracer] Resetting after 6 iteration
2025-05-21 19:55:02 INFO  ren0 [gaussian_mixture_model.h:821] Processing mega batch of size 119073
2025-05-21 19:55:02 INFO  ren0 [gaussian_mixture_model.h:557] KMeans
2025-05-21 19:55:02 INFO  ren0 [gaussian_mixture_model.h:560] GMM[
weight = 0.09459 mean = [-2.94319 4.79798 -0.3417] covariance = [[3.4848 -0.241422 1.54655][-0.241422 4.64451 1.24341][1.54655 1.24341 3.42033]]
weight = 0.0366 mean = [3.04147 -1.98174 -1.08329] covariance = [[2.44064 -0.526442 0.690698][-0.526442 1.04107 -0.66111][0.690698 -0.66111 2.08097]]
weight = 0.11994 mean = [4.24134 5.29376 4.04913] covariance = [[3.79929 -0.686438 -0.121788][-0.686438 3.72612 -0.328598][-0.121788 -0.328598 2.62655]]
weight = 0.30739 mean = [4.58213 1.87488 -0.519508] covariance = [[2.18659 0.449759 0.663267][0.449759 3.18842 -0.00896725][0.663267 -0.00896725 2.85304]]
weight = 0.02817 mean = [-13.8493 6.24837 2.30019] covariance = [[11.8585 4.9722 0.626388][4.9722 11.8739 0.293251][0.626388 0.293251 7.23279]]
weight = 0.09583 mean = [5.37624 0.898694 5.03009] covariance = [[1.3329 0.317673 -0.0458358][0.317673 2.47262 0.0452157][-0.0458358 0.0452157 1.28774]]
weight = 0.09855 mean = [1.09511 3.88867 -1.72689] covariance = [[2.57803 1.49394 0.511701][1.49394 4.40497 0.700424][0.511701 0.700424 1.27204]]
weight = 0.02699 mean = [-6.90903 -1.30965 -0.782707] covariance = [[7.66828 0.509459 -0.774433][0.509459 1.96234 -1.20768][-0.774433 -1.20768 3.06663]]
weight = 0.09848 mean = [0.164222 0.164073 1.74581] covariance = [[4.02639 0.677414 0.0435179][0.677414 3.19002 -0.455579][0.0435179 -0.455579 3.55773]]
weight = 0.09346 mean = [-8.31072 2.98268 1.21679] covariance = [[5.53852 2.13834 1.4376][2.13834 6.19421 0.0854269][1.4376 0.0854269 5.40696]]
]
2025-05-21 19:55:02 INFO  ren0 [gaussian_mixture_model.h:215] Before splitting
2025-05-21 19:55:02 INFO  ren0 [gaussian_mixture_model.h:216] GMM[
weight = 0.132927 mean = [-3.03631 4.60421 -1.81866] covariance = [[3.18731 -0.809597 1.37103][-0.809597 1.70666 0.14938][1.37103 0.14938 3.27501]]
weight = 0.0118339 mean = [2.75176 -1.2206 -1.59786] covariance = [[2.11796 -0.3662 0.591773][-0.3662 2.4081 -1.35821][0.591773 -1.35821 1.90982]]
weight = 0.0641474 mean = [4.27533 4.70437 3.82015] covariance = [[4.23055 0.121039 1.26766][0.121039 2.82353 -0.213264][1.26766 -0.213264 3.46115]]
weight = 0.4106 mean = [3.38834 1.65611 -1.98305] covariance = [[2.12084 0.755427 1.13612][0.755427 1.82033 0.719514][1.13612 0.719514 2.42205]]
weight = 0.00956461 mean = [-13.1694 5.40312 1.69875] covariance = [[14.258 4.72981 -0.842854][4.72981 10.9234 -1.97614][-0.842854 -1.97614 7.80256]]
weight = 0.0344134 mean = [5.51628 1.68744 5.2545] covariance = [[1.50186 0.349157 0.221532][0.349157 2.59457 0.304961][0.221532 0.304961 1.72638]]
weight = 0.219284 mean = [0.611083 2.89104 -2.56854] covariance = [[2.3549 0.0829926 0.336847][0.0829926 2.34933 0.377236][0.336847 0.377236 0.715679]]
weight = 0.00747187 mean = [-5.82217 -0.932911 -0.876265] covariance = [[6.65796 0.0621048 -0.551655][0.0621048 2.8974 -1.34318][-0.551655 -1.34318 2.73556]]
weight = 0.055981 mean = [0.813806 1.26044 1.03208] covariance = [[4.46824 0.984995 -0.587045][0.984995 3.15813 -0.786748][-0.587045 -0.786748 5.65962]]
weight = 0.0537774 mean = [-7.52534 3.71296 0.911502] covariance = [[5.54366 1.13112 1.12534][1.13112 4.8908 0.00431457][1.12534 0.00431457 5.64182]]
]
2025-05-21 19:55:02 INFO  ren0 [gaussian_mixture_model.h:218] Before merging
2025-05-21 19:55:02 INFO  ren0 [gaussian_mixture_model.h:219] GMM[
weight = 0.132927 mean = [-3.03631 4.60421 -1.81866] covariance = [[3.18731 -0.809597 1.37103][-0.809597 1.70666 0.14938][1.37103 0.14938 3.27501]]
weight = 0.0118339 mean = [2.75176 -1.2206 -1.59786] covariance = [[2.11796 -0.3662 0.591773][-0.3662 2.4081 -1.35821][0.591773 -1.35821 1.90982]]
weight = 0.0641474 mean = [4.27533 4.70437 3.82015] covariance = [[4.23055 0.121039 1.26766][0.121039 2.82353 -0.213264][1.26766 -0.213264 3.46115]]
weight = 0.4106 mean = [3.38834 1.65611 -1.98305] covariance = [[2.12084 0.755427 1.13612][0.755427 1.82033 0.719514][1.13612 0.719514 2.42205]]
weight = 0.00956461 mean = [-13.1694 5.40312 1.69875] covariance = [[14.258 4.72981 -0.842854][4.72981 10.9234 -1.97614][-0.842854 -1.97614 7.80256]]
weight = 0.0344134 mean = [5.51628 1.68744 5.2545] covariance = [[1.50186 0.349157 0.221532][0.349157 2.59457 0.304961][0.221532 0.304961 1.72638]]
weight = 0.219284 mean = [0.611083 2.89104 -2.56854] covariance = [[2.3549 0.0829926 0.336847][0.0829926 2.34933 0.377236][0.336847 0.377236 0.715679]]
weight = 0.00747187 mean = [-5.82217 -0.932911 -0.876265] covariance = [[6.65796 0.0621048 -0.551655][0.0621048 2.8974 -1.34318][-0.551655 -1.34318 2.73556]]
weight = 0.055981 mean = [0.813806 1.26044 1.03208] covariance = [[4.46824 0.984995 -0.587045][0.984995 3.15813 -0.786748][-0.587045 -0.786748 5.65962]]
weight = 0.0537774 mean = [-7.52534 3.71296 0.911502] covariance = [[5.54366 1.13112 1.12534][1.13112 4.8908 0.00431457][1.12534 0.00431457 5.64182]]
]
2025-05-21 19:55:02 INFO  ren0 [gaussian_mixture_model.h:215] Before splitting
2025-05-21 19:55:02 INFO  ren0 [gaussian_mixture_model.h:216] GMM[
weight = 0.131208 mean = [-3.06558 4.6071 -1.93244] covariance = [[3.25809 -0.925132 1.41693][-0.925132 1.49527 0.0451914][1.41693 0.0451914 2.87007]]
weight = 0.0657091 mean = [4.10941 4.77159 3.3429] covariance = [[3.95169 -0.0542389 1.45187][-0.0542389 4.36009 -1.61286][1.45187 -1.61286 4.87556]]
weight = 0.420819 mean = [3.33827 1.63057 -2.09072] covariance = [[2.05252 0.803237 1.08979][0.803237 1.84644 0.652688][1.08979 0.652688 2.07323]]
weight = 0.0104548 mean = [-11.5161 6.14368 1.18929] covariance = [[34.7688 12.3379 -6.95464][12.3379 13.3771 -4.75491][-6.95464 -4.75491 10.2663]]
weight = 0.0351268 mean = [5.52988 1.68606 5.11618] covariance = [[1.50578 0.274907 0.116098][0.274907 2.66971 0.627579][0.116098 0.627579 2.06381]]
weight = 0.221093 mean = [0.616636 2.76414 -2.65136] covariance = [[2.46067 -0.291125 0.258957][-0.291125 2.0522 0.315811][0.258957 0.315811 0.527202]]
weight = 0.00764189 mean = [-5.9458 -0.745311 -0.964771] covariance = [[6.07476 -0.297501 -0.399873][-0.297501 2.93157 -1.26578][-0.399873 -1.26578 2.62153]]
weight = 0.0567069 mean = [1.11279 1.35348 1.1314] covariance = [[4.75214 1.06969 -0.556387][1.06969 3.70874 -0.92953][-0.556387 -0.92953 4.97353]]
weight = 0.0512404 mean = [-7.29772 3.77645 0.893538] covariance = [[6.01142 1.64941 1.20463][1.64941 5.87233 0.291564][1.20463 0.291564 6.1601]]
]
2025-05-21 19:55:02 INFO  ren0 [gaussian_mixture_model.h:218] Before merging
2025-05-21 19:55:02 INFO  ren0 [gaussian_mixture_model.h:219] GMM[
weight = 0.0656041 mean = [-2.24119 4.37413 -1.27924] covariance = [[1.89887 -0.541017 0.339955][-0.541017 1.38673 0.349543][0.339955 0.349543 2.01674]]
weight = 0.0656041 mean = [-3.88996 4.84007 -2.58564] covariance = [[1.89887 -0.541017 0.339955][-0.541017 1.38673 0.349543][0.339955 0.349543 2.01674]]
weight = 0.0657091 mean = [4.10941 4.77159 3.3429] covariance = [[3.95169 -0.0542389 1.45187][-0.0542389 4.36009 -1.61286][1.45187 -1.61286 4.87556]]
weight = 0.420819 mean = [3.33827 1.63057 -2.09072] covariance = [[2.05252 0.803237 1.08979][0.803237 1.84644 0.652688][1.08979 0.652688 2.07323]]
weight = 0.0104548 mean = [-11.5161 6.14368 1.18929] covariance = [[34.7688 12.3379 -6.95464][12.3379 13.3771 -4.75491][-6.95464 -4.75491 10.2663]]
weight = 0.0351268 mean = [5.52988 1.68606 5.11618] covariance = [[1.50578 0.274907 0.116098][0.274907 2.66971 0.627579][0.116098 0.627579 2.06381]]
weight = 0.221093 mean = [0.616636 2.76414 -2.65136] covariance = [[2.46067 -0.291125 0.258957][-0.291125 2.0522 0.315811][0.258957 0.315811 0.527202]]
weight = 0.00764189 mean = [-5.9458 -0.745311 -0.964771] covariance = [[6.07476 -0.297501 -0.399873][-0.297501 2.93157 -1.26578][-0.399873 -1.26578 2.62153]]
weight = 0.0567069 mean = [1.11279 1.35348 1.1314] covariance = [[4.75214 1.06969 -0.556387][1.06969 3.70874 -0.92953][-0.556387 -0.92953 4.97353]]
weight = 0.0512404 mean = [-7.29772 3.77645 0.893538] covariance = [[6.01142 1.64941 1.20463][1.64941 5.87233 0.291564][1.20463 0.291564 6.1601]]
]
2025-05-21 19:55:02 INFO  ren0 [MIFocalGuidingPathTracer] GMM[
weight = 0.0656041 mean = [-2.24119 4.37413 -1.27924] covariance = [[1.89887 -0.541017 0.339955][-0.541017 1.38673 0.349543][0.339955 0.349543 2.01674]]
weight = 0.0656041 mean = [-3.88996 4.84007 -2.58564] covariance = [[1.89887 -0.541017 0.339955][-0.541017 1.38673 0.349543][0.339955 0.349543 2.01674]]
weight = 0.0657091 mean = [4.10941 4.77159 3.3429] covariance = [[3.95169 -0.0542389 1.45187][-0.0542389 4.36009 -1.61286][1.45187 -1.61286 4.87556]]
weight = 0.420819 mean = [3.33827 1.63057 -2.09072] covariance = [[2.05252 0.803237 1.08979][0.803237 1.84644 0.652688][1.08979 0.652688 2.07323]]
weight = 0.0351268 mean = [5.52988 1.68606 5.11618] covariance = [[1.50578 0.274907 0.116098][0.274907 2.66971 0.627579][0.116098 0.627579 2.06381]]
weight = 0.221093 mean = [0.616636 2.76414 -2.65136] covariance = [[2.46067 -0.291125 0.258957][-0.291125 2.0522 0.315811][0.258957 0.315811 0.527202]]
weight = 0.0076419 mean = [-5.9458 -0.745311 -0.964771] covariance = [[6.07476 -0.297501 -0.399873][-0.297501 2.93157 -1.26578][-0.399873 -1.26578 2.62153]]
weight = 0.0567069 mean = [1.11279 1.35348 1.1314] covariance = [[4.75214 1.06969 -0.556387][1.06969 3.70874 -0.92953][-0.556387 -0.92953 4.97353]]
weight = 0.0616953 mean = [-8.01256 4.17759 0.943657] covariance = [[13.3891 2.05524 -0.353622][2.05524 7.93278 -0.465068][-0.353622 -0.465068 6.86825]]
]
2025-05-21 19:55:02 INFO  ren0 [octree.h:534] root weight: 2.740e+06 (2740010.250000)
2025-05-21 19:55:02 INFO  ren0 [octree.h:535] splitting threshold: 2.740e+03 (2740.010498)
2025-05-21 19:55:02 INFO  ren0 [octree.h:534] root weight: 3.243e+05 (324273.968750)
2025-05-21 19:55:02 INFO  ren0 [octree.h:535] splitting threshold: 3.243e+02 (324.273987)
2025-05-21 19:55:02 INFO  ren0 [octree.h:550] node count: 585 -> 896 -> 711

2025-05-21 19:55:02 INFO  ren0 [octree.h:550] node count: 585 -> 602 -> 422

2025-05-21 19:55:02 INFO  ren0 [MIFocalGuidingPathTracer] ITERATION 1, until 20.0 seconds
2025-05-21 19:55:25 INFO  ren0 [MIFocalGuidingPathTracer]   32.89 seconds elapsed, passes this iteration: 1, total passes: 7
2025-05-21 19:55:25 INFO  ren0 [MIFocalGuidingPathTracer] Got 38994 non-zero samples
2025-05-21 19:55:25 INFO  ren0 [MIFocalGuidingPathTracer] Resetting after 6 iteration
2025-05-21 19:55:25 INFO  ren0 [gaussian_mixture_model.h:821] Processing mega batch of size 38994
2025-05-21 19:55:25 INFO  ren0 [gaussian_mixture_model.h:215] Before splitting
2025-05-21 19:55:25 INFO  ren0 [gaussian_mixture_model.h:216] GMM[
weight = 0.0691035 mean = [-2.55544 4.42293 -1.57924] covariance = [[3.32448 -0.929598 1.57621][-0.929598 1.42416 0.122707][1.57621 0.122707 3.16346]]
weight = 0.0152779 mean = [-3.77867 4.65122 -2.54732] covariance = [[2.33275 -0.861768 0.457318][-0.861768 0.920122 -0.112525][0.457318 -0.112525 0.877897]]
weight = 0.082666 mean = [3.85264 4.46521 3.04521] covariance = [[3.55626 -0.189479 1.02666][-0.189479 4.41813 -1.63079][1.02666 -1.63079 4.90866]]
weight = 0.438397 mean = [3.29685 1.53774 -2.09071] covariance = [[1.92402 0.698036 1.06447][0.698036 1.50147 0.575005][1.06447 0.575005 1.79598]]
weight = 0.0435234 mean = [5.43681 1.61458 4.71258] covariance = [[1.4763 -0.0903974 -0.119416][-0.0903974 2.74595 0.899639][-0.119416 0.899639 2.6042]]
weight = 0.228182 mean = [0.792278 2.45812 -2.71789] covariance = [[2.26726 -0.59161 0.137871][-0.59161 1.53147 0.242623][0.137871 0.242623 0.335327]]
weight = 0.00631948 mean = [-5.27472 -0.705625 -0.986985] covariance = [[7.94992 -1.11358 -0.916031][-1.11358 3.16162 -0.771986][-0.916031 -0.771986 1.86509]]
weight = 0.0754267 mean = [1.63317 1.29847 1.34927] covariance = [[4.64503 0.656422 -0.328534][0.656422 4.26389 -0.472788][-0.328534 -0.472788 4.26903]]
weight = 0.0411035 mean = [-6.23272 4.07202 1.4321] covariance = [[13.2789 5.40698 1.15074][5.40698 10.7379 0.443205][1.15074 0.443205 7.11793]]
]
2025-05-21 19:55:25 INFO  ren0 [gaussian_mixture_model.h:218] Before merging
2025-05-21 19:55:25 INFO  ren0 [gaussian_mixture_model.h:219] GMM[
weight = 0.0345517 mean = [-1.7341 4.23018 -0.858258] covariance = [[1.9753 -0.612966 0.391873][-0.612966 1.34986 0.400651][0.391873 0.400651 2.12384]]
weight = 0.0152779 mean = [-3.77867 4.65122 -2.54732] covariance = [[2.33275 -0.861768 0.457318][-0.861768 0.920122 -0.112525][0.457318 -0.112525 0.877897]]
weight = 0.082666 mean = [3.85264 4.46521 3.04521] covariance = [[3.55626 -0.189479 1.02666][-0.189479 4.41813 -1.63079][1.02666 -1.63079 4.90866]]
weight = 0.438397 mean = [3.29685 1.53774 -2.09071] covariance = [[1.92402 0.698036 1.06447][0.698036 1.50147 0.575005][1.06447 0.575005 1.79598]]
weight = 0.0345517 mean = [-3.37678 4.61569 -2.30023] covariance = [[1.9753 -0.612966 0.391873][-0.612966 1.34986 0.400651][0.391873 0.400651 2.12384]]
weight = 0.0435234 mean = [5.43681 1.61458 4.71258] covariance = [[1.4763 -0.0903974 -0.119416][-0.0903974 2.74595 0.899639][-0.119416 0.899639 2.6042]]
weight = 0.228182 mean = [0.792278 2.45812 -2.71789] covariance = [[2.26726 -0.59161 0.137871][-0.59161 1.53147 0.242623][0.137871 0.242623 0.335327]]
weight = 0.00631948 mean = [-5.27472 -0.705625 -0.986985] covariance = [[7.94992 -1.11358 -0.916031][-1.11358 3.16162 -0.771986][-0.916031 -0.771986 1.86509]]
weight = 0.0754267 mean = [1.63317 1.29847 1.34927] covariance = [[4.64503 0.656422 -0.328534][0.656422 4.26389 -0.472788][-0.328534 -0.472788 4.26903]]
weight = 0.0411035 mean = [-6.23272 4.07202 1.4321] covariance = [[13.2789 5.40698 1.15074][5.40698 10.7379 0.443205][1.15074 0.443205 7.11793]]
]
2025-05-21 19:55:25 INFO  ren0 [MIFocalGuidingPathTracer] GMM[
weight = 0.0345517 mean = [-1.7341 4.23018 -0.858258] covariance = [[1.9753 -0.612966 0.391873][-0.612966 1.34986 0.400651][0.391873 0.400651 2.12384]]
weight = 0.0152779 mean = [-3.77867 4.65122 -2.54732] covariance = [[2.33275 -0.861768 0.457318][-0.861768 0.920122 -0.112525][0.457318 -0.112525 0.877897]]
weight = 0.438397 mean = [3.29685 1.53774 -2.09071] covariance = [[1.92402 0.698036 1.06447][0.698036 1.50147 0.575005][1.06447 0.575005 1.79598]]
weight = 0.0345517 mean = [-3.37678 4.61569 -2.30023] covariance = [[1.9753 -0.612966 0.391873][-0.612966 1.34986 0.400651][0.391873 0.400651 2.12384]]
weight = 0.126189 mean = [4.39903 3.48201 3.6203] covariance = [[3.40591 -1.17565 1.22819][-1.17565 5.67744 -1.83196][1.22819 -1.83196 4.74201]]
weight = 0.228182 mean = [0.792278 2.45812 -2.71789] covariance = [[2.26726 -0.59161 0.137871][-0.59161 1.53147 0.242623][0.137871 0.242623 0.335327]]
weight = 0.00631948 mean = [-5.27472 -0.705625 -0.986985] covariance = [[7.94992 -1.11358 -0.916031][-1.11358 3.16162 -0.771986][-0.916031 -0.771986 1.86509]]
weight = 0.0754267 mean = [1.63317 1.29847 1.34927] covariance = [[4.64503 0.656422 -0.328534][0.656422 4.26389 -0.472788][-0.328534 -0.472788 4.26903]]
weight = 0.0411035 mean = [-6.23272 4.07202 1.4321] covariance = [[13.2789 5.40698 1.15074][5.40698 10.7379 0.443205][1.15074 0.443205 7.11793]]
]
2025-05-21 19:55:25 INFO  ren0 [octree.h:534] root weight: 1.828e+06 (1828452.750000)
2025-05-21 19:55:25 INFO  ren0 [octree.h:535] splitting threshold: 1.828e+03 (1828.452881)
2025-05-21 19:55:25 INFO  ren0 [octree.h:534] root weight: 2.026e+05 (202599.703125)
2025-05-21 19:55:25 INFO  ren0 [octree.h:535] splitting threshold: 2.026e+02 (202.599716)
2025-05-21 19:55:25 INFO  ren0 [octree.h:550] node count: 711 -> 777 -> 755

2025-05-21 19:55:25 INFO  ren0 [octree.h:550] node count: 422 -> 436 -> 430

2025-05-21 19:55:25 INFO  ren0 [MIFocalGuidingPathTracer] ITERATION 2, until 30.0 seconds
2025-05-21 19:55:49 INFO  ren0 [MIFocalGuidingPathTracer]   57.23 seconds elapsed, passes this iteration: 1, total passes: 8
2025-05-21 19:55:49 INFO  ren0 [MIFocalGuidingPathTracer] Got 53101 non-zero samples
2025-05-21 19:55:49 INFO  ren0 [MIFocalGuidingPathTracer] Resetting after 6 iteration
2025-05-21 19:55:49 INFO  ren0 [gaussian_mixture_model.h:821] Processing mega batch of size 53101
2025-05-21 19:55:49 INFO  ren0 [gaussian_mixture_model.h:215] Before splitting
2025-05-21 19:55:49 INFO  ren0 [gaussian_mixture_model.h:216] GMM[
weight = 0.0347082 mean = [-2.12339 4.31563 -1.30017] covariance = [[3.36622 -0.911175 1.42897][-0.911175 1.29141 0.24349][1.42897 0.24349 2.89888]]
weight = 0.0107459 mean = [-3.49456 4.43959 -2.51754] covariance = [[2.08246 -0.782509 0.258284][-0.782509 0.748116 -0.0920171][0.258284 -0.0920171 0.615626]]
weight = 0.392712 mean = [3.30617 1.54471 -2.14335] covariance = [[1.80547 0.682687 0.911229][0.682687 1.39746 0.528776][0.911229 0.528776 1.38469]]
weight = 0.0106415 mean = [-3.0351 4.33228 -2.04649] covariance = [[1.72081 -0.506127 0.148692][-0.506127 0.82264 0.311211][0.148692 0.311211 1.27655]]
weight = 0.215758 mean = [4.41541 3.40393 4.58456] covariance = [[1.84078 -0.733405 0.631241][-0.733405 2.84345 -0.833636][0.631241 -0.833636 4.72571]]
weight = 0.224182 mean = [1.03811 2.28356 -2.77419] covariance = [[2.36465 -0.916945 0.0635398][-0.916945 1.32023 0.175307][0.0635398 0.175307 0.203899]]
weight = 0.00383507 mean = [-4.80847 -0.309259 -0.987886] covariance = [[7.40287 -1.96444 -0.48332][-1.96444 3.77162 -0.737616][-0.48332 -0.737616 1.5897]]
weight = 0.0799097 mean = [2.03895 1.70648 1.30029] covariance = [[4.32013 1.01495 0.0230529][1.01495 4.24102 -0.394455][0.0230529 -0.394455 3.71756]]
weight = 0.0275075 mean = [-6.08264 4.11771 1.03677] covariance = [[12.2602 4.05202 1.92011][4.05202 9.16813 0.188937][1.92011 0.188937 6.89563]]
]
2025-05-21 19:55:49 INFO  ren0 [gaussian_mixture_model.h:218] Before merging
2025-05-21 19:55:49 INFO  ren0 [gaussian_mixture_model.h:219] GMM[
weight = 0.0173541 mean = [-1.28194 4.13587 -0.6464] covariance = [[1.95014 -0.60866 0.328726][-0.60866 1.2268 0.47853][0.328726 0.47853 2.04405]]
weight = 0.0107459 mean = [-3.49456 4.43959 -2.51754] covariance = [[2.08246 -0.782509 0.258284][-0.782509 0.748116 -0.0920171][0.258284 -0.0920171 0.615626]]
weight = 0.0173541 mean = [-2.96485 4.49538 -1.95395] covariance = [[1.95014 -0.60866 0.328726][-0.60866 1.2268 0.47853][0.328726 0.47853 2.04405]]
weight = 0.392712 mean = [3.30617 1.54471 -2.14335] covariance = [[1.80547 0.682687 0.911229][0.682687 1.39746 0.528776][0.911229 0.528776 1.38469]]
weight = 0.0106415 mean = [-3.0351 4.33228 -2.04649] covariance = [[1.72081 -0.506127 0.148692][-0.506127 0.82264 0.311211][0.148692 0.311211 1.27655]]
weight = 0.215758 mean = [4.41541 3.40393 4.58456] covariance = [[1.84078 -0.733405 0.631241][-0.733405 2.84345 -0.833636][0.631241 -0.833636 4.72571]]
weight = 0.224182 mean = [1.03811 2.28356 -2.77419] covariance = [[2.36465 -0.916945 0.0635398][-0.916945 1.32023 0.175307][0.0635398 0.175307 0.203899]]
weight = 0.00383507 mean = [-4.80847 -0.309259 -0.987886] covariance = [[7.40287 -1.96444 -0.48332][-1.96444 3.77162 -0.737616][-0.48332 -0.737616 1.5897]]
weight = 0.0799097 mean = [2.03895 1.70648 1.30029] covariance = [[4.32013 1.01495 0.0230529][1.01495 4.24102 -0.394455][0.0230529 -0.394455 3.71756]]
weight = 0.0275075 mean = [-6.08264 4.11771 1.03677] covariance = [[12.2602 4.05202 1.92011][4.05202 9.16813 0.188937][1.92011 0.188937 6.89563]]
]
2025-05-21 19:55:49 INFO  ren0 [MIFocalGuidingPathTracer] GMM[
weight = 0.392712 mean = [3.30617 1.54471 -2.14335] covariance = [[1.80547 0.682687 0.911229][0.682687 1.39746 0.528776][0.911229 0.528776 1.38469]]
weight = 0.0560956 mean = [-2.55901 4.34253 -1.67496] covariance = [[2.69817 -0.73982 0.907034][-0.73982 1.08072 0.243597][0.907034 0.243597 2.13839]]
weight = 0.215758 mean = [4.41541 3.40393 4.58456] covariance = [[1.84078 -0.733405 0.631241][-0.733405 2.84345 -0.833636][0.631241 -0.833636 4.72571]]
weight = 0.224182 mean = [1.03811 2.28356 -2.77419] covariance = [[2.36465 -0.916945 0.0635398][-0.916945 1.32023 0.175307][0.0635398 0.175307 0.203899]]
weight = 0.00383507 mean = [-4.80847 -0.309259 -0.987886] covariance = [[7.40287 -1.96444 -0.48332][-1.96444 3.77162 -0.737616][-0.48332 -0.737616 1.5897]]
weight = 0.0799097 mean = [2.03895 1.70648 1.30029] covariance = [[4.32013 1.01495 0.0230529][1.01495 4.24102 -0.394455][0.0230529 -0.394455 3.71756]]
weight = 0.0275075 mean = [-6.08264 4.11771 1.03677] covariance = [[12.2602 4.05202 1.92011][4.05202 9.16813 0.188937][1.92011 0.188937 6.89563]]
]
2025-05-21 19:55:49 INFO  ren0 [octree.h:534] root weight: 1.775e+06 (1775090.125000)
2025-05-21 19:55:49 INFO  ren0 [octree.h:535] splitting threshold: 1.775e+03 (1775.090210)
2025-05-21 19:55:49 INFO  ren0 [octree.h:534] root weight: 2.101e+05 (210144.125000)
2025-05-21 19:55:49 INFO  ren0 [octree.h:535] splitting threshold: 2.101e+02 (210.144135)
2025-05-21 19:55:49 INFO  ren0 [octree.h:550] node count: 755 -> 895 -> 795

2025-05-21 19:55:49 INFO  ren0 [octree.h:550] node count: 430 -> 443 -> 431

2025-05-21 19:55:49 INFO  ren0 [MIFocalGuidingPathTracer] ITERATION 3, until 40.0 seconds
2025-05-21 19:56:11 INFO  ren0 [MIFocalGuidingPathTracer]   79.51 seconds elapsed, passes this iteration: 1, total passes: 9
2025-05-21 19:56:11 INFO  ren0 [MIFocalGuidingPathTracer] Got 69378 non-zero samples
2025-05-21 19:56:11 INFO  ren0 [MIFocalGuidingPathTracer] Resetting after 6 iteration
2025-05-21 19:56:11 INFO  ren0 [gaussian_mixture_model.h:821] Processing mega batch of size 69378
2025-05-21 19:56:12 INFO  ren0 [gaussian_mixture_model.h:215] Before splitting
2025-05-21 19:56:12 INFO  ren0 [gaussian_mixture_model.h:216] GMM[
weight = 0.338771 mean = [3.34365 1.58467 -2.21297] covariance = [[1.92576 0.761826 0.79807][0.761826 1.30741 0.478994][0.79807 0.478994 1.19954]]
weight = 0.0677175 mean = [-2.57404 4.29598 -2.33386] covariance = [[2.46653 -0.955676 0.892183][-0.955676 0.655353 -0.106562][0.892183 -0.106562 1.27982]]
weight = 0.155171 mean = [4.47236 3.28146 4.10526] covariance = [[2.46424 -0.82794 0.946352][-0.82794 2.9852 -0.898937][0.946352 -0.898937 4.97438]]
weight = 0.32523 mean = [0.667143 2.34409 -2.86727] covariance = [[3.52817 -1.75937 0.0951652][-1.75937 1.2912 0.0344842][0.0951652 0.0344842 0.0982608]]
weight = 0.00290645 mean = [-4.78003 0.0427719 -1.24656] covariance = [[7.23553 -1.99202 -0.287012][-1.99202 3.79647 -0.899219][-0.287012 -0.899219 1.6576]]
weight = 0.0850159 mean = [2.43341 2.0442 1.09215] covariance = [[4.52532 0.65628 -0.396682][0.65628 3.76133 -0.669202][-0.396682 -0.669202 3.48679]]
weight = 0.0251884 mean = [-6.14116 3.62716 1.4161] covariance = [[11.3934 6.2352 -1.31831][6.2352 11.7454 -3.77934][-1.31831 -3.77934 8.16067]]
]
2025-05-21 19:56:12 INFO  ren0 [gaussian_mixture_model.h:218] Before merging
2025-05-21 19:56:12 INFO  ren0 [gaussian_mixture_model.h:219] GMM[
weight = 0.169386 mean = [2.71205 1.17039 -2.61741] covariance = [[1.12793 0.238506 0.287175][0.238506 0.964166 0.143888][0.287175 0.143888 0.872401]]
weight = 0.0338588 mean = [-3.34435 4.59382 -2.69747] covariance = [[1.27979 -0.496828 0.331994][-0.496828 0.477953 0.110031][0.331994 0.110031 1.0154]]
weight = 0.0775854 mean = [4.0609 3.73896 3.07596] covariance = [[2.12566 -0.451454 0.0993328][-0.451454 2.56659 0.0428815][0.0993328 0.0428815 2.85548]]
weight = 0.169386 mean = [3.97525 1.99895 -1.80852] covariance = [[1.12793 0.238506 0.287175][0.238506 0.964166 0.143888][0.287175 0.143888 0.872401]]
weight = 0.0338588 mean = [-1.80374 3.99815 -1.97024] covariance = [[1.27979 -0.496828 0.331994][-0.496828 0.477953 0.110031][0.331994 0.110031 1.0154]]
weight = 0.0775854 mean = [4.88381 2.82395 5.13455] covariance = [[2.12566 -0.451454 0.0993328][-0.451454 2.56659 0.0428815][0.0993328 0.0428815 2.85548]]
weight = 0.32523 mean = [0.667143 2.34409 -2.86727] covariance = [[3.52817 -1.75937 0.0951652][-1.75937 1.2912 0.0344842][0.0951652 0.0344842 0.0982608]]
weight = 0.00290645 mean = [-4.78003 0.0427719 -1.24656] covariance = [[7.23553 -1.99202 -0.287012][-1.99202 3.79647 -0.899219][-0.287012 -0.899219 1.6576]]
weight = 0.0850159 mean = [2.43341 2.0442 1.09215] covariance = [[4.52532 0.65628 -0.396682][0.65628 3.76133 -0.669202][-0.396682 -0.669202 3.48679]]
weight = 0.0251884 mean = [-6.14116 3.62716 1.4161] covariance = [[11.3934 6.2352 -1.31831][6.2352 11.7454 -3.77934][-1.31831 -3.77934 8.16067]]
]
2025-05-21 19:56:12 INFO  ren0 [MIFocalGuidingPathTracer] GMM[
weight = 0.169386 mean = [2.71205 1.17039 -2.61741] covariance = [[1.12793 0.238506 0.287175][0.238506 0.964166 0.143888][0.287175 0.143888 0.872401]]
weight = 0.0338588 mean = [-3.34435 4.59382 -2.69747] covariance = [[1.27979 -0.496828 0.331994][-0.496828 0.477953 0.110031][0.331994 0.110031 1.0154]]
weight = 0.0775854 mean = [4.0609 3.73896 3.07596] covariance = [[2.12566 -0.451454 0.0993328][-0.451454 2.56659 0.0428815][0.0993328 0.0428815 2.85548]]
weight = 0.169386 mean = [3.97525 1.99895 -1.80852] covariance = [[1.12793 0.238506 0.287175][0.238506 0.964166 0.143888][0.287175 0.143888 0.872401]]
weight = 0.0338588 mean = [-1.80374 3.99815 -1.97024] covariance = [[1.27979 -0.496828 0.331994][-0.496828 0.477953 0.110031][0.331994 0.110031 1.0154]]
weight = 0.0775854 mean = [4.88381 2.82395 5.13455] covariance = [[2.12566 -0.451454 0.0993328][-0.451454 2.56659 0.0428815][0.0993328 0.0428815 2.85548]]
weight = 0.32523 mean = [0.667143 2.34409 -2.86727] covariance = [[3.52817 -1.75937 0.0951652][-1.75937 1.2912 0.0344842][0.0951652 0.0344842 0.0982608]]
weight = 0.0850159 mean = [2.43341 2.0442 1.09215] covariance = [[4.52532 0.65628 -0.396682][0.65628 3.76133 -0.669202][-0.396682 -0.669202 3.48679]]
weight = 0.0280948 mean = [-6.00035 3.25635 1.14064] covariance = [[11.1351 4.93158 -1.54776][4.93158 12.1147 -2.59619][-1.54776 -2.59619 8.1455]]
]
2025-05-21 19:56:12 INFO  ren0 [octree.h:534] root weight: 1.546e+06 (1545728.750000)
2025-05-21 19:56:12 INFO  ren0 [octree.h:535] splitting threshold: 1.546e+03 (1545.728882)
2025-05-21 19:56:12 INFO  ren0 [octree.h:534] root weight: 1.811e+05 (181115.781250)
2025-05-21 19:56:12 INFO  ren0 [octree.h:535] splitting threshold: 1.811e+02 (181.115784)
2025-05-21 19:56:12 INFO  ren0 [octree.h:550] node count: 795 -> 908 -> 782

2025-05-21 19:56:12 INFO  ren0 [octree.h:550] node count: 431 -> 445 -> 432

2025-05-21 19:56:12 INFO  ren0 [MIFocalGuidingPathTracer] ITERATION 4, until 50.0 seconds
2025-05-21 19:56:38 INFO  ren0 [MIFocalGuidingPathTracer]   106.02 seconds elapsed, passes this iteration: 1, total passes: 10
2025-05-21 19:56:38 INFO  ren0 [MIFocalGuidingPathTracer] Got 125417 non-zero samples
2025-05-21 19:56:38 INFO  ren0 [MIFocalGuidingPathTracer] Resetting after 6 iteration
2025-05-21 19:56:38 INFO  ren0 [gaussian_mixture_model.h:821] Processing mega batch of size 125417
2025-05-21 19:56:38 INFO  ren0 [gaussian_mixture_model.h:215] Before splitting
2025-05-21 19:56:38 INFO  ren0 [gaussian_mixture_model.h:216] GMM[
weight = 0.0867398 mean = [2.72494 1.32013 -2.4617] covariance = [[0.620879 0.0677609 0.0880933][0.0677609 0.929269 0.0341185][0.0880933 0.0341185 0.527757]]
