2025-05-18 22:05:26 INFO  main [mitsuba.cpp:274] Mitsuba version 0.6.0 (Linux, 64 bit), Copyright (c) 2017 Wenzel Jakob
2025-05-18 22:05:26 INFO  main [mitsuba.cpp:377] Parsing scene description from "scene/dining-room/dining-room.xml" ..
2025-05-18 22:05:26 INFO  main [scenehandler.cpp:675] In file "/mitsuba/scene/dining-room/dining-room.xml" (near line 18): Parsing included file "pmm_focal_recursive.xml" ..
2025-05-18 22:05:26 INFO  main [PluginManager] Loading plugin "plugins/pmm_focal_recursive.so" ..
2025-05-18 22:05:26 INFO  main [octree.h:535] root weight: 8.000e-20 (0.000000)
2025-05-18 22:05:26 INFO  main [octree.h:536] splitting threshold: 8.000e-23 (0.000000)
2025-05-18 22:05:26 INFO  main [octree.h:551] node count: 1 -> 585 -> 585

2025-05-18 22:05:26 INFO  main [octree.h:535] root weight: 8.000e-20 (0.000000)
2025-05-18 22:05:26 INFO  main [octree.h:536] splitting threshold: 8.000e-23 (0.000000)
2025-05-18 22:05:26 INFO  main [octree.h:551] node count: 1 -> 585 -> 585

2025-05-18 22:05:26 INFO  main [MIFocalGuidingPathTracer] budget: 600
2025-05-18 22:05:26 INFO  main [MIFocalGuidingPathTracer] dumpPrimaryRays: false
2025-05-18 22:05:26 INFO  main [MIFocalGuidingPathTracer] dumpScene: false
2025-05-18 22:05:26 INFO  main [MIFocalGuidingPathTracer] gmm.alpha: 0.4
2025-05-18 22:05:26 INFO  main [MIFocalGuidingPathTracer] gmm.initMethod: Uniform
2025-05-18 22:05:26 INFO  main [MIFocalGuidingPathTracer] gmm.maxNumComp: 10
2025-05-18 22:05:26 INFO  main [MIFocalGuidingPathTracer] gmm.mergingThreshold: 0.65
2025-05-18 22:05:26 INFO  main [MIFocalGuidingPathTracer] gmm.minNumComp: 3
2025-05-18 22:05:26 INFO  main [MIFocalGuidingPathTracer] gmm.splittingThreshold: 100
2025-05-18 22:05:26 INFO  main [MIFocalGuidingPathTracer] iterationBudget: 10
2025-05-18 22:05:26 INFO  main [MIFocalGuidingPathTracer] iterationCount: 15
2025-05-18 22:05:26 INFO  main [MIFocalGuidingPathTracer] maxDepth: 40
2025-05-18 22:05:26 INFO  main [MIFocalGuidingPathTracer] minSamplesToStartFitting: 128
2025-05-18 22:05:26 INFO  main [MIFocalGuidingPathTracer] normalBinning: disabled
2025-05-18 22:05:26 INFO  main [MIFocalGuidingPathTracer] renderMaxSeconds: 36000
2025-05-18 22:05:26 INFO  main [MIFocalGuidingPathTracer] rrDepth: 14
2025-05-18 22:05:26 INFO  main [MIFocalGuidingPathTracer] samplingMode: 2
2025-05-18 22:05:26 INFO  main [MIFocalGuidingPathTracer] strictNormals: true
2025-05-18 22:05:26 INFO  main [MIFocalGuidingPathTracer] trainingSamples: 4
2025-05-18 22:05:26 INFO  main [MIFocalGuidingPathTracer] tree.threshold: 0.001
2025-05-18 22:05:26 INFO  main [MIFocalGuidingPathTracer] unboundedSplatting: true
2025-05-18 22:05:26 INFO  main [PluginManager] Loading plugin "plugins/independent.so" ..
2025-05-18 22:05:26 INFO  main [PluginManager] Loading plugin "plugins/box.so" ..
2025-05-18 22:05:26 INFO  main [PluginManager] Loading plugin "plugins/hdrfilm.so" ..
2025-05-18 22:05:26 INFO  main [PluginManager] Loading plugin "plugins/perspective.so" ..
2025-05-18 22:05:26 INFO  main [PluginManager] Loading plugin "plugins/roughplastic.so" ..
2025-05-18 22:05:26 INFO  main [PluginManager] Loading plugin "plugins/twosided.so" ..
2025-05-18 22:05:26 INFO  main [PluginManager] Loading plugin "plugins/roughconductor.so" ..
2025-05-18 22:05:26 INFO  main [spectrum.cpp:599] "Cu.eta.spd": loaded a spectral power distribution with 55 entries (between 302.400421 and 885.601257 nm)
2025-05-18 22:05:26 INFO  main [spectrum.cpp:599] "Cu.k.spd": loaded a spectral power distribution with 55 entries (between 302.400421 and 885.601257 nm)
2025-05-18 22:05:26 INFO  main [PluginManager] Loading plugin "plugins/diffuse.so" ..
2025-05-18 22:05:26 INFO  main [PluginManager] Loading plugin "plugins/bitmap.so" ..
2025-05-18 22:05:26 INFO  main [BitmapTexture] Loading texture "picture3.jpg"
2025-05-18 22:05:26 INFO  main [PluginManager] Loading plugin "plugins/lanczos.so" ..
2025-05-18 22:05:26 INFO  main [MIPMap] Generating MIP map cache file "/mitsuba/scene/dining-room/textures/picture3.mip" ..
2025-05-18 22:05:26 INFO  main [BitmapTexture] Loading texture "Tiles.jpg"
2025-05-18 22:05:26 INFO  main [spectrum.cpp:599] "Cu.eta.spd": loaded a spectral power distribution with 55 entries (between 302.400421 and 885.601257 nm)
2025-05-18 22:05:26 INFO  main [spectrum.cpp:599] "Cu.k.spd": loaded a spectral power distribution with 55 entries (between 302.400421 and 885.601257 nm)
2025-05-18 22:05:26 INFO  main [PluginManager] Loading plugin "plugins/conductor.so" ..
2025-05-18 22:05:26 INFO  main [spectrum.cpp:599] "Ir.eta.spd": loaded a spectral power distribution with 28 entries (between 302.389984 and 885.570984 nm)
2025-05-18 22:05:26 INFO  main [spectrum.cpp:599] "Ir.k.spd": loaded a spectral power distribution with 28 entries (between 302.389984 and 885.570984 nm)
2025-05-18 22:05:26 INFO  main [spectrum.cpp:599] "Cu.eta.spd": loaded a spectral power distribution with 55 entries (between 302.400421 and 885.601257 nm)
2025-05-18 22:05:26 INFO  main [spectrum.cpp:599] "Cu.k.spd": loaded a spectral power distribution with 55 entries (between 302.400421 and 885.601257 nm)
2025-05-18 22:05:26 INFO  main [BitmapTexture] Loading texture "Teacup.png"
2025-05-18 22:05:26 INFO  main [spectrum.cpp:599] "Cu.eta.spd": loaded a spectral power distribution with 55 entries (between 302.400421 and 885.601257 nm)
2025-05-18 22:05:26 INFO  main [spectrum.cpp:599] "Cu.k.spd": loaded a spectral power distribution with 55 entries (between 302.400421 and 885.601257 nm)
2025-05-18 22:05:26 INFO  main [PluginManager] Loading plugin "plugins/area.so" ..
2025-05-18 22:05:26 INFO  main [PluginManager] Loading plugin "plugins/disk.so" ..
2025-05-18 22:05:26 INFO  main [PluginManager] Loading plugin "plugins/ply.so" ..
2025-05-18 22:05:26 INFO  main [PLYLoader] Loading geometry from "parabol1.ply" ..
2025-05-18 22:05:26 INFO  main [PLYLoader] "parabol1": Loaded 25856 triangles, 13057 vertices (456.0 KiB in 3 ms).
2025-05-18 22:05:26 INFO  main [PLYLoader] Loading geometry from "parabol2.ply" ..
2025-05-18 22:05:26 INFO  main [PLYLoader] "parabol2": Loaded 25856 triangles, 13057 vertices (456.0 KiB in 2 ms).
2025-05-18 22:05:26 INFO  main [PluginManager] Loading plugin "plugins/obj.so" ..
2025-05-18 22:05:26 INFO  main [WavefrontOBJ] Loading geometry from "Mesh013.obj" ..
2025-05-18 22:05:26 INFO  main [WavefrontOBJ] Mesh013: 1056 triangles, 577 vertices (merged 2591 vertices).
2025-05-18 22:05:26 INFO  main [WavefrontOBJ] Done with "Mesh013.obj" (took 2 ms)
2025-05-18 22:05:26 INFO  main [WavefrontOBJ] Loading geometry from "Mesh016.obj" ..
2025-05-18 22:05:26 INFO  main [WavefrontOBJ] Mesh016: 384 triangles, 768 vertices (merged 384 vertices).
2025-05-18 22:05:26 INFO  main [WavefrontOBJ] Done with "Mesh016.obj" (took 2 ms)
2025-05-18 22:05:26 INFO  main [WavefrontOBJ] Loading geometry from "Mesh015.obj" ..
2025-05-18 22:05:26 INFO  main [WavefrontOBJ] Mesh015: 3136 triangles, 1680 vertices (merged 7728 vertices).
2025-05-18 22:05:26 INFO  main [WavefrontOBJ] Done with "Mesh015.obj" (took 6 ms)
2025-05-18 22:05:26 INFO  main [WavefrontOBJ] Loading geometry from "Mesh023.obj" ..
2025-05-18 22:05:26 INFO  main [WavefrontOBJ] Mesh023: 1056 triangles, 577 vertices (merged 2591 vertices).
2025-05-18 22:05:26 INFO  main [WavefrontOBJ] Done with "Mesh023.obj" (took 2 ms)
2025-05-18 22:05:26 INFO  main [WavefrontOBJ] Loading geometry from "Mesh020.obj" ..
2025-05-18 22:05:26 INFO  main [WavefrontOBJ] Mesh020: 384 triangles, 768 vertices (merged 384 vertices).
2025-05-18 22:05:26 INFO  main [WavefrontOBJ] Done with "Mesh020.obj" (took 1 ms)
2025-05-18 22:05:26 INFO  main [WavefrontOBJ] Loading geometry from "Mesh017.obj" ..
2025-05-18 22:05:26 INFO  main [WavefrontOBJ] Mesh017: 3136 triangles, 1680 vertices (merged 7728 vertices).
2025-05-18 22:05:26 INFO  main [WavefrontOBJ] Done with "Mesh017.obj" (took 6 ms)
2025-05-18 22:05:26 INFO  main [WavefrontOBJ] Loading geometry from "Mesh024.obj" ..
2025-05-18 22:05:26 INFO  main [WavefrontOBJ] Mesh024: 34 triangles, 68 vertices (merged 34 vertices).
2025-05-18 22:05:26 INFO  main [WavefrontOBJ] Done with "Mesh024.obj" (took 0 ms)
2025-05-18 22:05:26 INFO  main [WavefrontOBJ] Loading geometry from "Mesh041.obj" ..
2025-05-18 22:05:26 INFO  main [WavefrontOBJ] Mesh041: 8 triangles, 16 vertices (merged 8 vertices).
2025-05-18 22:05:26 INFO  main [WavefrontOBJ] Done with "Mesh041.obj" (took 0 ms)
2025-05-18 22:05:26 INFO  main [WavefrontOBJ] Loading geometry from "Mesh011.obj" ..
2025-05-18 22:05:26 INFO  main [WavefrontOBJ] Mesh011: 8992 triangles, 4544 vertices (merged 22432 vertices).
2025-05-18 22:05:26 INFO  main [WavefrontOBJ] Done with "Mesh011.obj" (took 18 ms)
2025-05-18 22:05:26 INFO  main [WavefrontOBJ] Loading geometry from "Mesh026.obj" ..
2025-05-18 22:05:26 INFO  main [WavefrontOBJ] Mesh026: 7624 triangles, 4070 vertices (merged 18802 vertices).
2025-05-18 22:05:26 INFO  main [WavefrontOBJ] Done with "Mesh026.obj" (took 15 ms)
2025-05-18 22:05:26 INFO  main [WavefrontOBJ] Loading geometry from "Mesh018.obj" ..
2025-05-18 22:05:26 INFO  main [WavefrontOBJ] Mesh018: 2016 triangles, 1260 vertices (merged 4788 vertices).
2025-05-18 22:05:26 INFO  main [WavefrontOBJ] Done with "Mesh018.obj" (took 4 ms)
2025-05-18 22:05:26 INFO  main [WavefrontOBJ] Loading geometry from "Mesh007.obj" ..
2025-05-18 22:05:26 INFO  main [WavefrontOBJ] Mesh007: 4352 triangles, 2178 vertices (merged 10878 vertices).
2025-05-18 22:05:26 INFO  main [WavefrontOBJ] Done with "Mesh007.obj" (took 8 ms)
2025-05-18 22:05:26 INFO  main [WavefrontOBJ] Loading geometry from "Mesh005.obj" ..
2025-05-18 22:05:26 INFO  main [WavefrontOBJ] Mesh005: 160 triangles, 144 vertices (merged 336 vertices).
2025-05-18 22:05:26 INFO  main [WavefrontOBJ] Done with "Mesh005.obj" (took 0 ms)
2025-05-18 22:05:26 INFO  main [WavefrontOBJ] Loading geometry from "Mesh019.obj" ..
2025-05-18 22:05:26 INFO  main [WavefrontOBJ] Mesh019: 560 triangles, 400 vertices (merged 1280 vertices).
2025-05-18 22:05:26 INFO  main [WavefrontOBJ] Done with "Mesh019.obj" (took 1 ms)
2025-05-18 22:05:26 INFO  main [WavefrontOBJ] Loading geometry from "Mesh021.obj" ..
2025-05-18 22:05:26 INFO  main [WavefrontOBJ] Mesh021: 720 triangles, 482 vertices (merged 1678 vertices).
2025-05-18 22:05:26 INFO  main [WavefrontOBJ] Done with "Mesh021.obj" (took 1 ms)
2025-05-18 22:05:26 INFO  main [WavefrontOBJ] Loading geometry from "Mesh037.obj" ..
2025-05-18 22:05:26 INFO  main [WavefrontOBJ] Mesh037: 7624 triangles, 4070 vertices (merged 18802 vertices).
2025-05-18 22:05:26 INFO  main [WavefrontOBJ] Done with "Mesh037.obj" (took 18 ms)
2025-05-18 22:05:26 INFO  main [WavefrontOBJ] Loading geometry from "Mesh004.obj" ..
2025-05-18 22:05:26 INFO  main [WavefrontOBJ] Mesh004: 2016 triangles, 1260 vertices (merged 4788 vertices).
2025-05-18 22:05:26 INFO  main [WavefrontOBJ] Done with "Mesh004.obj" (took 4 ms)
2025-05-18 22:05:26 INFO  main [WavefrontOBJ] Loading geometry from "Mesh014.obj" ..
2025-05-18 22:05:26 INFO  main [WavefrontOBJ] Mesh014: 160 triangles, 144 vertices (merged 336 vertices).
2025-05-18 22:05:26 INFO  main [WavefrontOBJ] Done with "Mesh014.obj" (took 0 ms)
2025-05-18 22:05:26 INFO  main [WavefrontOBJ] Loading geometry from "Mesh012.obj" ..
2025-05-18 22:05:26 INFO  main [WavefrontOBJ] Mesh012: 560 triangles, 400 vertices (merged 1280 vertices).
2025-05-18 22:05:26 INFO  main [WavefrontOBJ] Done with "Mesh012.obj" (took 1 ms)
2025-05-18 22:05:26 INFO  main [WavefrontOBJ] Loading geometry from "Mesh028.obj" ..
2025-05-18 22:05:26 INFO  main [WavefrontOBJ] Mesh028: 720 triangles, 482 vertices (merged 1678 vertices).
2025-05-18 22:05:26 INFO  main [WavefrontOBJ] Done with "Mesh028.obj" (took 1 ms)
2025-05-18 22:05:26 INFO  main [WavefrontOBJ] Loading geometry from "Mesh025.obj" ..
2025-05-18 22:05:26 INFO  main [WavefrontOBJ] Mesh025: 4352 triangles, 2178 vertices (merged 10878 vertices).
2025-05-18 22:05:26 INFO  main [WavefrontOBJ] Done with "Mesh025.obj" (took 9 ms)
2025-05-18 22:05:26 INFO  main [WavefrontOBJ] Loading geometry from "Mesh008.obj" ..
2025-05-18 22:05:26 INFO  main [WavefrontOBJ] Mesh008: 6320 triangles, 3270 vertices (merged 15690 vertices).
2025-05-18 22:05:26 INFO  main [WavefrontOBJ] Done with "Mesh008.obj" (took 13 ms)
2025-05-18 22:05:26 INFO  main [WavefrontOBJ] Loading geometry from "Mesh032.obj" ..
2025-05-18 22:05:26 INFO  main [WavefrontOBJ] Mesh032: 13248 triangles, 6686 vertices (merged 33058 vertices).
2025-05-18 22:05:26 INFO  main [WavefrontOBJ] Done with "Mesh032.obj" (took 28 ms)
2025-05-18 22:05:26 INFO  main [WavefrontOBJ] Loading geometry from "Mesh035.obj" ..
2025-05-18 22:05:26 INFO  main [WavefrontOBJ] Mesh035: 14480 triangles, 7404 vertices (merged 36036 vertices).
2025-05-18 22:05:26 INFO  main [WavefrontOBJ] Done with "Mesh035.obj" (took 29 ms)
2025-05-18 22:05:26 INFO  main [WavefrontOBJ] Loading geometry from "Mesh042.obj" ..
2025-05-18 22:05:26 INFO  main [WavefrontOBJ] Mesh042: 2320 triangles, 1492 vertices (merged 5468 vertices).
2025-05-18 22:05:26 INFO  main [WavefrontOBJ] Done with "Mesh042.obj" (took 5 ms)
2025-05-18 22:05:26 INFO  main [WavefrontOBJ] Loading geometry from "Mesh010.obj" ..
2025-05-18 22:05:26 INFO  main [WavefrontOBJ] Mesh010: 13248 triangles, 6686 vertices (merged 33058 vertices).
2025-05-18 22:05:26 INFO  main [WavefrontOBJ] Done with "Mesh010.obj" (took 26 ms)
2025-05-18 22:05:26 INFO  main [WavefrontOBJ] Loading geometry from "Mesh036.obj" ..
2025-05-18 22:05:26 INFO  main [WavefrontOBJ] Mesh036: 14480 triangles, 7404 vertices (merged 36036 vertices).
2025-05-18 22:05:26 INFO  main [WavefrontOBJ] Done with "Mesh036.obj" (took 29 ms)
2025-05-18 22:05:26 INFO  main [WavefrontOBJ] Loading geometry from "Mesh027.obj" ..
2025-05-18 22:05:26 INFO  main [WavefrontOBJ] Mesh027: 2320 triangles, 1492 vertices (merged 5468 vertices).
2025-05-18 22:05:26 INFO  main [WavefrontOBJ] Done with "Mesh027.obj" (took 5 ms)
2025-05-18 22:05:26 INFO  main [WavefrontOBJ] Loading geometry from "Mesh043.obj" ..
2025-05-18 22:05:27 INFO  main [WavefrontOBJ] Mesh043: 13248 triangles, 6686 vertices (merged 33058 vertices).
2025-05-18 22:05:27 INFO  main [WavefrontOBJ] Done with "Mesh043.obj" (took 27 ms)
2025-05-18 22:05:27 INFO  main [WavefrontOBJ] Loading geometry from "Mesh044.obj" ..
2025-05-18 22:05:27 INFO  main [WavefrontOBJ] Mesh044: 14480 triangles, 7404 vertices (merged 36036 vertices).
2025-05-18 22:05:27 INFO  main [WavefrontOBJ] Done with "Mesh044.obj" (took 30 ms)
2025-05-18 22:05:27 INFO  main [WavefrontOBJ] Loading geometry from "Mesh031.obj" ..
2025-05-18 22:05:27 INFO  main [WavefrontOBJ] Mesh031: 2320 triangles, 1492 vertices (merged 5468 vertices).
2025-05-18 22:05:27 INFO  main [WavefrontOBJ] Done with "Mesh031.obj" (took 5 ms)
2025-05-18 22:05:27 INFO  main [WavefrontOBJ] Loading geometry from "Mesh022.obj" ..
2025-05-18 22:05:27 INFO  main [WavefrontOBJ] Mesh022: 13248 triangles, 6686 vertices (merged 33058 vertices).
2025-05-18 22:05:27 INFO  main [WavefrontOBJ] Done with "Mesh022.obj" (took 28 ms)
2025-05-18 22:05:27 INFO  main [WavefrontOBJ] Loading geometry from "Mesh038.obj" ..
2025-05-18 22:05:27 INFO  main [WavefrontOBJ] Mesh038: 14480 triangles, 7404 vertices (merged 36036 vertices).
2025-05-18 22:05:27 INFO  main [WavefrontOBJ] Done with "Mesh038.obj" (took 31 ms)
2025-05-18 22:05:27 INFO  main [WavefrontOBJ] Loading geometry from "Mesh030.obj" ..
2025-05-18 22:05:27 INFO  main [WavefrontOBJ] Mesh030: 2320 triangles, 1492 vertices (merged 5468 vertices).
2025-05-18 22:05:27 INFO  main [WavefrontOBJ] Done with "Mesh030.obj" (took 5 ms)
2025-05-18 22:05:27 INFO  main [WavefrontOBJ] Loading geometry from "Mesh046.obj" ..
2025-05-18 22:05:27 INFO  main [WavefrontOBJ] Mesh046: 13248 triangles, 6686 vertices (merged 33058 vertices).
2025-05-18 22:05:27 INFO  main [WavefrontOBJ] Done with "Mesh046.obj" (took 27 ms)
2025-05-18 22:05:27 INFO  main [WavefrontOBJ] Loading geometry from "Mesh047.obj" ..
2025-05-18 22:05:27 INFO  main [WavefrontOBJ] Mesh047: 14480 triangles, 7404 vertices (merged 36036 vertices).
2025-05-18 22:05:27 INFO  main [WavefrontOBJ] Done with "Mesh047.obj" (took 29 ms)
2025-05-18 22:05:27 INFO  main [WavefrontOBJ] Loading geometry from "Mesh034.obj" ..
2025-05-18 22:05:27 INFO  main [WavefrontOBJ] Mesh034: 2320 triangles, 1492 vertices (merged 5468 vertices).
2025-05-18 22:05:27 INFO  main [WavefrontOBJ] Done with "Mesh034.obj" (took 5 ms)
2025-05-18 22:05:27 INFO  main [WavefrontOBJ] Loading geometry from "Mesh033.obj" ..
2025-05-18 22:05:27 INFO  main [WavefrontOBJ] Mesh033: 44 triangles, 96 vertices (merged 36 vertices).
2025-05-18 22:05:27 INFO  main [WavefrontOBJ] Done with "Mesh033.obj" (took 0 ms)
2025-05-18 22:05:27 INFO  main [WavefrontOBJ] Loading geometry from "Mesh006.obj" ..
2025-05-18 22:05:27 INFO  main [WavefrontOBJ] Mesh006: 4 triangles, 6 vertices (merged 6 vertices).
2025-05-18 22:05:27 INFO  main [WavefrontOBJ] Done with "Mesh006.obj" (took 0 ms)
2025-05-18 22:05:27 INFO  main [WavefrontOBJ] Loading geometry from "Mesh048.obj" ..
2025-05-18 22:05:27 INFO  main [WavefrontOBJ] Mesh048: 30 triangles, 38 vertices (merged 52 vertices).
2025-05-18 22:05:27 INFO  main [WavefrontOBJ] Done with "Mesh048.obj" (took 0 ms)
2025-05-18 22:05:27 INFO  main [WavefrontOBJ] Loading geometry from "Mesh049.obj" ..
2025-05-18 22:05:27 INFO  main [WavefrontOBJ] Mesh049: 13248 triangles, 6686 vertices (merged 33058 vertices).
2025-05-18 22:05:27 INFO  main [WavefrontOBJ] Done with "Mesh049.obj" (took 26 ms)
2025-05-18 22:05:27 INFO  main [WavefrontOBJ] Loading geometry from "Mesh051.obj" ..
2025-05-18 22:05:27 INFO  main [WavefrontOBJ] Mesh051: 14480 triangles, 7404 vertices (merged 36036 vertices).
2025-05-18 22:05:27 INFO  main [WavefrontOBJ] Done with "Mesh051.obj" (took 28 ms)
2025-05-18 22:05:27 INFO  main [WavefrontOBJ] Loading geometry from "Mesh040.obj" ..
2025-05-18 22:05:27 INFO  main [WavefrontOBJ] Mesh040: 2320 triangles, 1492 vertices (merged 5468 vertices).
2025-05-18 22:05:27 INFO  main [WavefrontOBJ] Done with "Mesh040.obj" (took 5 ms)
2025-05-18 22:05:27 INFO  main [WavefrontOBJ] Loading geometry from "Mesh003.obj" ..
2025-05-18 22:05:27 INFO  main [WavefrontOBJ] Mesh003: 18176 triangles, 9150 vertices (merged 45378 vertices).
2025-05-18 22:05:27 INFO  main [WavefrontOBJ] Done with "Mesh003.obj" (took 36 ms)
2025-05-18 22:05:27 INFO  main [WavefrontOBJ] Loading geometry from "Mesh002.obj" ..
2025-05-18 22:05:27 INFO  main [WavefrontOBJ] Mesh002: 7624 triangles, 4070 vertices (merged 18802 vertices).
2025-05-18 22:05:27 INFO  main [WavefrontOBJ] Done with "Mesh002.obj" (took 15 ms)
2025-05-18 22:05:27 INFO  main [WavefrontOBJ] Loading geometry from "Mesh009.obj" ..
2025-05-18 22:05:27 INFO  main [WavefrontOBJ] Mesh009: 2016 triangles, 1260 vertices (merged 4788 vertices).
2025-05-18 22:05:27 INFO  main [WavefrontOBJ] Done with "Mesh009.obj" (took 4 ms)
2025-05-18 22:05:27 INFO  main [WavefrontOBJ] Loading geometry from "Mesh045.obj" ..
2025-05-18 22:05:27 INFO  main [WavefrontOBJ] Mesh045: 4352 triangles, 2178 vertices (merged 10878 vertices).
2025-05-18 22:05:27 INFO  main [WavefrontOBJ] Done with "Mesh045.obj" (took 8 ms)
2025-05-18 22:05:27 INFO  main [WavefrontOBJ] Loading geometry from "Mesh029.obj" ..
2025-05-18 22:05:27 INFO  main [WavefrontOBJ] Mesh029: 160 triangles, 144 vertices (merged 336 vertices).
2025-05-18 22:05:27 INFO  main [WavefrontOBJ] Done with "Mesh029.obj" (took 0 ms)
2025-05-18 22:05:27 INFO  main [WavefrontOBJ] Loading geometry from "Mesh039.obj" ..
2025-05-18 22:05:27 INFO  main [WavefrontOBJ] Mesh039: 560 triangles, 400 vertices (merged 1280 vertices).
2025-05-18 22:05:27 INFO  main [WavefrontOBJ] Done with "Mesh039.obj" (took 1 ms)
2025-05-18 22:05:27 INFO  main [WavefrontOBJ] Loading geometry from "Mesh050.obj" ..
2025-05-18 22:05:27 INFO  main [WavefrontOBJ] Mesh050: 720 triangles, 482 vertices (merged 1678 vertices).
2025-05-18 22:05:27 INFO  main [WavefrontOBJ] Done with "Mesh050.obj" (took 1 ms)
2025-05-18 22:05:27 INFO  main [WavefrontOBJ] Loading geometry from "Mesh001.obj" ..
2025-05-18 22:05:27 INFO  main [WavefrontOBJ] Mesh001: 170 triangles, 340 vertices (merged 170 vertices).
2025-05-18 22:05:27 INFO  main [WavefrontOBJ] Done with "Mesh001.obj" (took 0 ms)
2025-05-18 22:05:27 INFO  main [WavefrontOBJ] Loading geometry from "Mesh000.obj" ..
2025-05-18 22:05:27 INFO  main [WavefrontOBJ] Mesh000: 22 triangles, 44 vertices (merged 22 vertices).
2025-05-18 22:05:27 INFO  main [WavefrontOBJ] Done with "Mesh000.obj" (took 0 ms)
2025-05-18 22:05:27 INFO  main [PluginManager] Loading plugin "plugins/rectangle.so" ..
2025-05-18 22:05:27 INFO  ren0 [KDTreeBase] Constructing a SAH kd-tree (321251 primitives) ..
2025-05-18 22:05:27 INFO  ren0 [KDTreeBase] Finished -- took 620 ms.
2025-05-18 22:05:27 INFO  ren0 [octree.h:535] root weight: 8.000e-20 (0.000000)
2025-05-18 22:05:27 INFO  ren0 [octree.h:536] splitting threshold: 8.000e-23 (0.000000)
2025-05-18 22:05:27 INFO  ren0 [octree.h:551] node count: 1 -> 585 -> 585

2025-05-18 22:05:27 INFO  ren0 [octree.h:535] root weight: 4.096e-17 (0.000000)
2025-05-18 22:05:27 INFO  ren0 [octree.h:536] splitting threshold: 4.096e-20 (0.000000)
2025-05-18 22:05:27 INFO  ren0 [octree.h:551] node count: 585 -> 585 -> 585

2025-05-18 22:05:27 INFO  ren0 [octree.h:535] root weight: 8.000e-20 (0.000000)
2025-05-18 22:05:27 INFO  ren0 [octree.h:536] splitting threshold: 8.000e-23 (0.000000)
2025-05-18 22:05:27 INFO  ren0 [octree.h:551] node count: 1 -> 585 -> 585

2025-05-18 22:05:27 INFO  ren0 [octree.h:535] root weight: 8.000e-20 (0.000000)
2025-05-18 22:05:27 INFO  ren0 [octree.h:536] splitting threshold: 8.000e-23 (0.000000)
2025-05-18 22:05:27 INFO  ren0 [octree.h:551] node count: 1 -> 585 -> 585

2025-05-18 22:05:27 INFO  ren0 [octree.h:535] root weight: 4.096e-17 (0.000000)
2025-05-18 22:05:27 INFO  ren0 [octree.h:536] splitting threshold: 4.096e-20 (0.000000)
2025-05-18 22:05:27 INFO  ren0 [octree.h:551] node count: 585 -> 585 -> 585

2025-05-18 22:05:27 INFO  ren0 [octree.h:535] root weight: 8.000e-20 (0.000000)
2025-05-18 22:05:27 INFO  ren0 [octree.h:536] splitting threshold: 8.000e-23 (0.000000)
2025-05-18 22:05:27 INFO  ren0 [octree.h:551] node count: 1 -> 585 -> 585

2025-05-18 22:05:27 INFO  ren0 [MIFocalGuidingPathTracer] AABB3[min=[-6.3658, -1.5274, -4.73046], max=[5.27597, 8.04131, 10.0598]]
2025-05-18 22:05:27 INFO  ren0 [MIFocalGuidingPathTracer] Starting render job (1280x720, 12 cores, SSE2 enabled) ..
2025-05-18 22:05:27 INFO  ren0 [MIFocalGuidingPathTracer] ITERATION 0, until 10.0 seconds
2025-05-18 22:05:39 INFO  ren0 [MIFocalGuidingPathTracer]   11.72 seconds elapsed, passes this iteration: 5, total passes: 5
2025-05-18 22:05:39 INFO  ren0 [MIFocalGuidingPathTracer] Got 1635859 non-zero samples
2025-05-18 22:05:39 INFO  ren0 [gaussian_mixture_model.h:808] Processing mega batch of size 1635859
2025-05-18 22:05:39 INFO  ren0 [gaussian_mixture_model.h:547] Uniform
2025-05-18 22:05:39 INFO  ren0 [gaussian_mixture_model.h:581] Increasing the number of max components to 12 to allow uniform distribution
2025-05-18 22:05:41 INFO  ren0 [MIFocalGuidingPathTracer] GMM[
weight = 0.240481 mean = [-1.44385 -0.48156 -1.45031] covariance = [[0.238547 0.0106789 0.211512][0.0106789 0.492873 0.00675367][0.211512 0.00675367 0.407455]]
weight = 0.240481 mean = [-0.86285 -0.282433 -0.59665] covariance = [[0.238547 0.0106789 0.211512][0.0106789 0.492873 0.00675367][0.211512 0.00675367 0.407455]]
weight = 1.84808e-05 mean = [-3.61086 6.36185 -0.0248446] covariance = [[0.000394637 -0.000852132 -0.000185655][-0.000852132 0.00336584 0.000133587][-0.000185655 0.000133587 0.000187158]]
weight = 0.0423885 mean = [-2.74548 5.21558 -1.86792] covariance = [[0.447385 -0.41219 -0.495527][-0.41219 0.956584 0.582874][-0.495527 0.582874 1.25953]]
weight = 0.168459 mean = [-5.27419 7.77086 3.20637] covariance = [[0.00048855 -0.00039202 -0.00100886][-0.00039202 0.000444599 0.000951507][-0.00100886 0.000951507 0.00224194]]
weight = 0.00740542 mean = [-6.2571 -0.279106 3.6176] covariance = [[3.03856e-05 2.0421e-06 -8.75698e-07][2.0421e-06 3.49708e-05 -2.75376e-06][-8.75698e-07 -2.75376e-06 3.13814e-05]]
weight = 0.0287424 mean = [-1.8162 1.76106 -1.56125] covariance = [[4.55434e-05 -0.000132073 3.41746e-05][-0.000132073 0.000503074 -0.00012763][3.41746e-05 -0.00012763 4.31411e-05]]
weight = 1.84808e-05 mean = [-3.63283 6.4436 -0.0204524] covariance = [[0.000394637 -0.000852132 -0.000185655][-0.000852132 0.00336584 0.000133587][-0.000185655 0.000133587 0.000187158]]
weight = 0.000430843 mean = [-5.57101 1.46137 2.66969] covariance = [[0.000121014 0.000244057 -0.00013744][0.000244057 0.000670309 -0.000342699][-0.00013744 -0.000342699 0.000208861]]
weight = 0.0423885 mean = [-3.51644 6.34764 -0.42366] covariance = [[0.447385 -0.41219 -0.495527][-0.41219 0.956584 0.582874][-0.495527 0.582874 1.25953]]
weight = 0.229187 mean = [-1.18392 2.00023 0.737761] covariance = [[6.37998 -3.82631 0.717587][-3.82631 8.42766 3.052][0.717587 3.052 5.61335]]
]
2025-05-18 22:05:41 INFO  ren0 [octree.h:535] root weight: 5.595e+05 (559524.250000)
2025-05-18 22:05:41 INFO  ren0 [octree.h:536] splitting threshold: 5.595e+02 (559.524292)
2025-05-18 22:05:41 INFO  ren0 [octree.h:535] root weight: 3.518e+05 (351788.093750)
2025-05-18 22:05:41 INFO  ren0 [octree.h:536] splitting threshold: 3.518e+02 (351.788116)
2025-05-18 22:05:41 INFO  ren0 [octree.h:551] node count: 585 -> 833 -> 675

2025-05-18 22:05:41 INFO  ren0 [octree.h:551] node count: 585 -> 884 -> 853

2025-05-18 22:05:41 INFO  ren0 [MIFocalGuidingPathTracer] ITERATION 1, until 20.0 seconds
2025-05-18 22:06:03 INFO  ren0 [MIFocalGuidingPathTracer]   36.00 seconds elapsed, passes this iteration: 1, total passes: 6
2025-05-18 22:06:03 INFO  ren0 [MIFocalGuidingPathTracer] Got 85031 non-zero samples
2025-05-18 22:06:03 INFO  ren0 [gaussian_mixture_model.h:808] Processing mega batch of size 85031
2025-05-18 22:06:04 INFO  ren0 [MIFocalGuidingPathTracer] GMM[
weight = 0.00785865 mean = [-1.15277 -0.381914 -1.02264] covariance = [[0.407624 0.0680543 0.459649][0.0680543 0.51321 0.0909017][0.459649 0.0909017 0.772188]]
weight = 0.00274819 mean = [-5.27419 7.77086 3.20637] covariance = [[0.000489047 -0.000392865 -0.00100972][-0.000392865 0.000445999 0.000952664][-0.00100972 0.000952664 0.00224195]]
weight = 0.000120894 mean = [-6.25709 -0.2791 3.6176] covariance = [[1.22562e-05 3.65063e-06 -2.35529e-06][3.65063e-06 1.90458e-05 -4.92302e-06][-2.35529e-06 -4.92302e-06 1.29171e-05]]
weight = 0.000468895 mean = [-1.8162 1.76106 -1.56125] covariance = [[4.55317e-05 -0.000132066 3.41655e-05][-0.000132066 0.000503086 -0.000127629][3.41655e-05 -0.000127629 4.31352e-05]]
weight = 2.81144e-05 mean = [-5.57101 1.46137 2.66969] covariance = [[0.000121014 0.000244057 -0.00013744][0.000244057 0.000670309 -0.000342699][-0.00013744 -0.000342699 0.000208861]]
weight = 0.00186007 mean = [-2.91383 5.42554 -1.48708] covariance = [[0.920134 -1.04787 -1.25808][-1.04787 1.95245 1.71788][-1.25808 1.71788 2.79182]]
weight = 0.986915 mean = [0.650007 2.14747 -2.78643] covariance = [[1.28399 2.54491 1.02929][2.54491 5.9511 2.92474][1.02929 2.92474 1.91131]]
]
2025-05-18 22:06:04 INFO  ren0 [octree.h:535] root weight: 7.476e+05 (747601.812500)
2025-05-18 22:06:04 INFO  ren0 [octree.h:536] splitting threshold: 7.476e+02 (747.601868)
2025-05-18 22:06:04 INFO  ren0 [octree.h:535] root weight: 4.109e+05 (410917.250000)
2025-05-18 22:06:04 INFO  ren0 [octree.h:536] splitting threshold: 4.109e+02 (410.917267)
2025-05-18 22:06:04 INFO  ren0 [octree.h:551] node count: 675 -> 820 -> 696

2025-05-18 22:06:04 INFO  ren0 [octree.h:551] node count: 853 -> 999 -> 742

2025-05-18 22:06:04 INFO  ren0 [MIFocalGuidingPathTracer] ITERATION 2, until 30.0 seconds
2025-05-18 22:06:18 INFO  ren0 [MIFocalGuidingPathTracer]   50.03 seconds elapsed, passes this iteration: 1, total passes: 7
2025-05-18 22:06:18 INFO  ren0 [MIFocalGuidingPathTracer] Got 245484 non-zero samples
2025-05-18 22:06:18 INFO  ren0 [gaussian_mixture_model.h:808] Processing mega batch of size 245484
2025-05-18 22:06:18 INFO  ren0 [MIFocalGuidingPathTracer] GMM[
weight = 0.01139 mean = [-0.726843 0.193614 0.111687] covariance = [[0.533449 0.140172 -0.0173997][0.140172 0.42309 0.00316104][-0.0173997 0.00316104 0.645049]]
weight = 0.01139 mean = [-1.52617 -0.377678 -0.416472] covariance = [[0.533449 0.140172 -0.0173997][0.140172 0.42309 0.00316104][-0.0173997 0.00316104 0.645049]]
weight = 0.00359383 mean = [-5.26354 7.76081 3.1827] covariance = [[0.000271474 -0.000177645 -0.000504281][-0.000177645 0.000252144 0.000475286][-0.000504281 0.000475286 0.00113111]]
weight = 0.00126488 mean = [-6.25709 -0.279103 3.6176] covariance = [[1.31925e-05 3.71596e-06 -2.90738e-06][3.71596e-06 1.91245e-05 -4.99525e-06][-2.90738e-06 -4.99525e-06 1.3258e-05]]
weight = 0.00359383 mean = [-5.28484 7.78091 3.23005] covariance = [[0.000271474 -0.000177645 -0.000504281][-0.000177645 0.000252144 0.000475286][-0.000504281 0.000475286 0.00113111]]
weight = 0.0639659 mean = [1.56875 4.19378 -2.85455] covariance = [[3.44473 -0.671171 -0.509765][-0.671171 4.67926 -1.09561][-0.509765 -1.09561 3.03547]]
weight = 0.00117648 mean = [-5.57101 1.46137 2.66969] covariance = [[0.000121014 0.000244057 -0.00013744][0.000244057 0.000670309 -0.000342699][-0.00013744 -0.000342699 0.000208861]]
weight = 0.0639659 mean = [-0.753288 4.26007 -1.37814] covariance = [[3.44473 -0.671171 -0.509765][-0.671171 4.67926 -1.09561][-0.509765 -1.09561 3.03547]]
weight = 0.839659 mean = [0.596929 2.25654 -2.59754] covariance = [[1.39279 2.30591 0.844136][2.30591 5.4713 2.74057][0.844136 2.74057 2.03521]]
]
2025-05-18 22:06:18 INFO  ren0 [octree.h:535] root weight: 4.057e+05 (405650.406250)
2025-05-18 22:06:18 INFO  ren0 [octree.h:536] splitting threshold: 4.057e+02 (405.650421)
2025-05-18 22:06:18 INFO  ren0 [octree.h:535] root weight: 2.121e+05 (212070.203125)
2025-05-18 22:06:18 INFO  ren0 [octree.h:536] splitting threshold: 2.121e+02 (212.070206)
2025-05-18 22:06:18 INFO  ren0 [octree.h:551] node count: 696 -> 707 -> 705

2025-05-18 22:06:18 INFO  ren0 [octree.h:551] node count: 742 -> 746 -> 746

2025-05-18 22:06:18 INFO  ren0 [MIFocalGuidingPathTracer] ITERATION 3, until 40.0 seconds
2025-05-18 22:06:36 INFO  ren0 [MIFocalGuidingPathTracer]   68.86 seconds elapsed, passes this iteration: 1, total passes: 8
2025-05-18 22:06:36 INFO  ren0 [MIFocalGuidingPathTracer] Got 218979 non-zero samples
2025-05-18 22:06:36 INFO  ren0 [gaussian_mixture_model.h:808] Processing mega batch of size 218979
2025-05-18 22:06:37 INFO  ren0 [MIFocalGuidingPathTracer] GMM[
weight = 0.0990748 mean = [-1.62102 3.54662 0.7457] covariance = [[8.64325 0.194181 0.800325][0.194181 4.48932 -0.127436][0.800325 -0.127436 7.55055]]
weight = 0.32893 mean = [0.177199 1.1209 -3.2409] covariance = [[0.818302 1.16064 0.286604][1.16064 2.78949 1.32196][0.286604 1.32196 1.28597]]
weight = 0.0220488 mean = [-5.27419 7.77086 3.20637] covariance = [[0.000488391 -0.000391755 -0.00100859][-0.000391755 0.000444164 0.000951142][-0.00100859 0.000951142 0.00224193]]
weight = 0.0620816 mean = [-6.25709 -0.279103 3.6176] covariance = [[1.31925e-05 3.71596e-06 -2.90738e-06][3.71596e-06 1.91245e-05 -4.99525e-06][-2.90738e-06 -4.99525e-06 1.3258e-05]]
weight = 0.00211689 mean = [-1.35072 -0.158333 0.171232] covariance = [[0.915787 0.239602 0.0849013][0.239602 0.374836 -0.190376][0.0849013 -0.190376 1.15331]]
weight = 0.057743 mean = [-5.57101 1.46137 2.66969] covariance = [[0.000121014 0.000244057 -0.00013744][0.000244057 0.000670309 -0.000342699][-0.00013744 -0.000342699 0.000208861]]
weight = 0.0990748 mean = [0.124149 3.83469 -2.59469] covariance = [[8.64325 0.194181 0.800325][0.194181 4.48932 -0.127436][0.800325 -0.127436 7.55055]]
weight = 0.32893 mean = [1.14803 3.45638 -1.99127] covariance = [[0.818302 1.16064 0.286604][1.16064 2.78949 1.32196][0.286604 1.32196 1.28597]]
]
2025-05-18 22:06:37 INFO  ren0 [octree.h:535] root weight: 2.033e+05 (203301.593750)
2025-05-18 22:06:37 INFO  ren0 [octree.h:536] splitting threshold: 2.033e+02 (203.301605)
2025-05-18 22:06:37 INFO  ren0 [octree.h:535] root weight: 1.063e+05 (106311.054688)
2025-05-18 22:06:37 INFO  ren0 [octree.h:536] splitting threshold: 1.063e+02 (106.311058)
2025-05-18 22:06:37 INFO  ren0 [octree.h:551] node count: 705 -> 706 -> 706

2025-05-18 22:06:37 INFO  ren0 [octree.h:551] node count: 746 -> 746 -> 746

2025-05-18 22:06:37 INFO  ren0 [MIFocalGuidingPathTracer] ITERATION 4, until 50.0 seconds
2025-05-18 22:06:55 INFO  ren0 [MIFocalGuidingPathTracer]   87.94 seconds elapsed, passes this iteration: 1, total passes: 9
2025-05-18 22:06:55 INFO  ren0 [MIFocalGuidingPathTracer] Got 247401 non-zero samples
2025-05-18 22:06:55 INFO  ren0 [gaussian_mixture_model.h:808] Processing mega batch of size 247401
2025-05-18 22:06:56 INFO  ren0 [MIFocalGuidingPathTracer] GMM[
weight = 0.0694183 mean = [-2.62849 2.43704 1.80083] covariance = [[7.81362 0.177032 -1.00617][0.177032 3.6804 -0.602545][-1.00617 -0.602545 5.72073]]
weight = 0.0789678 mean = [0.746344 1.98211 5.89679] covariance = [[9.83822 -0.337714 -0.706024][-0.337714 4.72959 -0.409179][-0.706024 -0.409179 9.22844]]
weight = 0.167893 mean = [0.396935 1.40478 -3.40383] covariance = [[0.603936 0.946624 0.389487][0.946624 1.74307 0.746861][0.389487 0.746861 0.618241]]
weight = 0.0694183 mean = [-3.93049 3.29787 -1.10797] covariance = [[7.81362 0.177032 -1.00617][0.177032 3.6804 -0.602545][-1.00617 -0.602545 5.72073]]
weight = 0.0789678 mean = [-1.52612 2.51774 2.40207] covariance = [[9.83822 -0.337714 -0.706024][-0.337714 4.72959 -0.409179][-0.706024 -0.409179 9.22844]]
weight = 1.86167e-05 mean = [-6.256 -0.2846 3.623] covariance = [[1.24905e-05 -3.67729e-06 1.8946e-06][-3.67729e-06 2.01808e-05 8.96239e-07][1.8946e-06 8.96239e-07 1.07174e-05]]
weight = 0.00137547 mean = [-0.224539 0.0288744 0.860377] covariance = [[1.86293 0.586654 0.204207][0.586654 0.372267 -0.0415323][0.204207 -0.0415323 0.965067]]
weight = 0.0356705 mean = [-5.57101 1.46137 2.66969] covariance = [[0.000121014 0.000244057 -0.00013744][0.000244057 0.000670309 -0.000342699][-0.00013744 -0.000342699 0.000208861]]
weight = 0.16599 mean = [-0.803792 -0.461759 -4.15768] covariance = [[0.591933 0.646206 0.368741][0.646206 0.930285 0.447331][0.368741 0.447331 0.315169]]
weight = 0.33228 mean = [1.91032 4.27644 -2.10971] covariance = [[2.29583 2.01758 0.552672][2.01758 3.56397 1.53942][0.552672 1.53942 1.37969]]
]
2025-05-18 22:06:56 INFO  ren0 [octree.h:535] root weight: 1.042e+05 (104183.507812)
2025-05-18 22:06:56 INFO  ren0 [octree.h:536] splitting threshold: 1.042e+02 (104.183510)
2025-05-18 22:06:56 INFO  ren0 [octree.h:535] root weight: 5.409e+04 (54087.644531)
2025-05-18 22:06:56 INFO  ren0 [octree.h:536] splitting threshold: 5.409e+01 (54.087646)
2025-05-18 22:06:56 INFO  ren0 [octree.h:551] node count: 706 -> 712 -> 703

2025-05-18 22:06:56 INFO  ren0 [octree.h:551] node count: 746 -> 748 -> 748

2025-05-18 22:06:56 INFO  ren0 [MIFocalGuidingPathTracer] ITERATION 5, until 60.0 seconds
2025-05-18 22:07:17 INFO  ren0 [MIFocalGuidingPathTracer]   109.47 seconds elapsed, passes this iteration: 1, total passes: 10
2025-05-18 22:07:17 INFO  ren0 [MIFocalGuidingPathTracer] Got 153522 non-zero samples
2025-05-18 22:07:17 INFO  ren0 [gaussian_mixture_model.h:808] Processing mega batch of size 153522
2025-05-18 22:07:17 INFO  ren0 [MIFocalGuidingPathTracer] GMM[
weight = 0.0526841 mean = [-0.822839 3.14282 6.21888] covariance = [[9.56671 -0.848068 0.578599][-0.848068 5.21173 0.316233][0.578599 0.316233 8.84273]]
weight = 0.0526841 mean = [0.838124 2.3892 2.48096] covariance = [[9.56671 -0.848068 0.578599][-0.848068 5.21173 0.316233][0.578599 0.316233 8.84273]]
weight = 0.032239 mean = [0.923381 2.31173 -3.13284] covariance = [[0.331265 0.494835 0.154921][0.494835 1.02565 0.38519][0.154921 0.38519 0.616937]]
weight = 0.032239 mean = [0.226272 0.92494 -3.87617] covariance = [[0.331265 0.494835 0.154921][0.494835 1.02565 0.38519][0.154921 0.38519 0.616937]]
weight = 0.210901 mean = [-4.75436 2.69497 -0.861397] covariance = [[5.53962 0.031074 0.025243][0.031074 3.37648 -0.294073][0.025243 -0.294073 5.94093]]
weight = 0.210901 mean = [-1.43046 2.76423 -1.0195] covariance = [[5.53962 0.031074 0.025243][0.031074 3.37648 -0.294073][0.025243 -0.294073 5.94093]]
weight = 0.037011 mean = [-1.77457 3.95523 7.1857] covariance = [[5.8872 -0.65559 -1.99966][-0.65559 4.1354 0.290246][-1.99966 0.290246 6.57679]]
weight = 5.27796e-05 mean = [-6.256 -0.2846 3.623] covariance = [[1.24905e-05 -3.67729e-06 1.8946e-06][-3.67729e-06 2.01808e-05 8.96239e-07][1.8946e-06 8.96239e-07 1.07174e-05]]
weight = 0.00160573 mean = [0.869888 0.342875 0.907512] covariance = [[2.15889 0.659183 0.544412][0.659183 0.376226 -0.0116938][0.544412 -0.0116938 0.788091]]
weight = 0.0252821 mean = [-5.5689 1.46673 2.66678] covariance = [[8.52917e-06 3.8733e-07 7.04475e-07][3.8733e-07 9.89804e-06 -1.8563e-07][7.04475e-07 -1.8563e-07 9.66287e-06]]
weight = 0.3444 mean = [1.62697 3.27369 -3.01897] covariance = [[3.62532 2.27358 0.0193497][2.27358 4.1468 1.55551][0.0193497 1.55551 1.87803]]
]
2025-05-18 22:07:17 INFO  ren0 [octree.h:535] root weight: 5.311e+04 (53106.875000)
2025-05-18 22:07:17 INFO  ren0 [octree.h:536] splitting threshold: 5.311e+01 (53.106876)
2025-05-18 22:07:17 INFO  ren0 [octree.h:535] root weight: 2.742e+04 (27416.994141)
2025-05-18 22:07:17 INFO  ren0 [octree.h:536] splitting threshold: 2.742e+01 (27.416996)
2025-05-18 22:07:17 INFO  ren0 [octree.h:551] node count: 703 -> 706 -> 706

2025-05-18 22:07:17 INFO  ren0 [octree.h:551] node count: 748 -> 748 -> 748

2025-05-18 22:07:17 INFO  ren0 [MIFocalGuidingPathTracer] ITERATION 6, until 70.0 seconds
2025-05-18 22:07:41 INFO  ren0 [MIFocalGuidingPathTracer]   133.49 seconds elapsed, passes this iteration: 1, total passes: 11
2025-05-18 22:07:41 INFO  ren0 [MIFocalGuidingPathTracer] Got 155676 non-zero samples
2025-05-18 22:07:41 INFO  ren0 [gaussian_mixture_model.h:808] Processing mega batch of size 155676
2025-05-18 22:07:41 INFO  ren0 [MIFocalGuidingPathTracer] GMM[
weight = 0.0419339 mean = [0.557329 1.50201 -1.8962] covariance = [[0.056589 0.081834 -0.0445524][0.081834 0.419354 -0.0304901][-0.0445524 -0.0304901 0.282904]]
weight = 0.0419339 mean = [0.628431 1.3049 -2.61311] covariance = [[0.056589 0.081834 -0.0445524][0.081834 0.419354 -0.0304901][-0.0445524 -0.0304901 0.282904]]
weight = 0.0642959 mean = [-2.24504 1.35316 -0.487201] covariance = [[3.79122 -2.02043 -0.391725][-2.02043 2.36742 0.939362][-0.391725 0.939362 4.03954]]
weight = 0.175783 mean = [-0.825214 0.779244 -0.424984] covariance = [[1.68143 -0.480974 0.326074][-0.480974 1.28393 -0.372182][0.326074 -0.372182 2.35502]]
weight = 0.0642959 mean = [-4.55562 3.21272 1.11985] covariance = [[3.79122 -2.02043 -0.391725][-2.02043 2.36742 0.939362][-0.391725 0.939362 4.03954]]
weight = 0.00117313 mean = [1.46147 -0.414622 2.13778] covariance = [[0.374617 -0.0790244 0.289214][-0.0790244 0.145949 -0.44287][0.289214 -0.44287 1.47844]]
weight = 0.175783 mean = [0.528435 0.095261 -1.45167] covariance = [[1.68143 -0.480974 0.326074][-0.480974 1.28393 -0.372182][0.326074 -0.372182 2.35502]]
weight = 0.20984 mean = [-3.03342 3.69113 5.64639] covariance = [[1.91454 -2.65862 -0.862138][-2.65862 6.32518 1.15134][-0.862138 1.15134 1.31675]]
weight = 0.224962 mean = [0.770511 2.37082 -2.7494] covariance = [[0.911378 0.773613 -0.0719757][0.773613 3.17058 0.402645][-0.0719757 0.402645 0.717103]]
]
2025-05-18 22:07:41 INFO  ren0 [octree.h:535] root weight: 1.043e+06 (1043308.312500)
2025-05-18 22:07:41 INFO  ren0 [octree.h:536] splitting threshold: 1.043e+03 (1043.308350)
2025-05-18 22:07:41 INFO  ren0 [octree.h:535] root weight: 1.834e+05 (183389.906250)
2025-05-18 22:07:41 INFO  ren0 [octree.h:536] splitting threshold: 1.834e+02 (183.389908)
