2025-05-17 12:12:21 INFO  main [mitsuba.cpp:274] Mitsuba version 0.6.0 (Linux, 64 bit), Copyright (c) 2017 Wenzel Jakob
2025-05-17 12:12:21 INFO  main [mitsuba.cpp:377] Parsing scene description from "scene/modern-living-room/modern-living-room.xml" ..
2025-05-17 12:12:21 INFO  main [scenehandler.cpp:675] In file "/mitsuba/scene/modern-living-room/modern-living-room.xml" (near line 13): Parsing included file "pmm_focal_recursive.xml" ..
2025-05-17 12:12:21 INFO  main [PluginManager] Loading plugin "plugins/pmm_focal_recursive.so" ..
2025-05-17 12:12:21 INFO  main [octree.h:535] root weight: 8.000e-20 (0.000000)
2025-05-17 12:12:21 INFO  main [octree.h:536] splitting threshold: 8.000e-23 (0.000000)
2025-05-17 12:12:21 INFO  main [octree.h:551] node count: 1 -> 585 -> 585

2025-05-17 12:12:21 INFO  main [octree.h:535] root weight: 8.000e-20 (0.000000)
2025-05-17 12:12:21 INFO  main [octree.h:536] splitting threshold: 8.000e-23 (0.000000)
2025-05-17 12:12:21 INFO  main [octree.h:551] node count: 1 -> 585 -> 585

2025-05-17 12:12:21 INFO  main [MIFocalGuidingPathTracer] budget: 600
2025-05-17 12:12:21 INFO  main [MIFocalGuidingPathTracer] dumpPrimaryRays: false
2025-05-17 12:12:21 INFO  main [MIFocalGuidingPathTracer] dumpScene: false
2025-05-17 12:12:21 INFO  main [MIFocalGuidingPathTracer] gmm.alpha: 0.4
2025-05-17 12:12:21 INFO  main [MIFocalGuidingPathTracer] gmm.initMethod: KMeans
2025-05-17 12:12:21 INFO  main [MIFocalGuidingPathTracer] gmm.maxNumComp: 10
2025-05-17 12:12:21 INFO  main [MIFocalGuidingPathTracer] gmm.mergingThreshold: 0.9
2025-05-17 12:12:21 INFO  main [MIFocalGuidingPathTracer] gmm.minNumComp: 3
2025-05-17 12:12:21 INFO  main [MIFocalGuidingPathTracer] gmm.splittingThreshold: 100
2025-05-17 12:12:21 INFO  main [MIFocalGuidingPathTracer] iterationBudget: 10
2025-05-17 12:12:21 INFO  main [MIFocalGuidingPathTracer] iterationCount: 15
2025-05-17 12:12:21 INFO  main [MIFocalGuidingPathTracer] maxDepth: 40
2025-05-17 12:12:21 INFO  main [MIFocalGuidingPathTracer] minSamplesToStartFitting: 128
2025-05-17 12:12:21 INFO  main [MIFocalGuidingPathTracer] normalBinning: disabled
2025-05-17 12:12:21 INFO  main [MIFocalGuidingPathTracer] renderMaxSeconds: 36000
2025-05-17 12:12:21 INFO  main [MIFocalGuidingPathTracer] rrDepth: 14
2025-05-17 12:12:21 INFO  main [MIFocalGuidingPathTracer] samplingMode: 2
2025-05-17 12:12:21 INFO  main [MIFocalGuidingPathTracer] strictNormals: true
2025-05-17 12:12:21 INFO  main [MIFocalGuidingPathTracer] trainingSamples: 4
2025-05-17 12:12:21 INFO  main [MIFocalGuidingPathTracer] tree.threshold: 0.001
2025-05-17 12:12:21 INFO  main [MIFocalGuidingPathTracer] unboundedSplatting: true
2025-05-17 12:12:21 INFO  main [PluginManager] Loading plugin "plugins/independent.so" ..
2025-05-17 12:12:21 INFO  main [PluginManager] Loading plugin "plugins/box.so" ..
2025-05-17 12:12:21 INFO  main [PluginManager] Loading plugin "plugins/hdrfilm.so" ..
2025-05-17 12:12:21 INFO  main [PluginManager] Loading plugin "plugins/perspective.so" ..
2025-05-17 12:12:21 INFO  main [PluginManager] Loading plugin "plugins/bitmap.so" ..
2025-05-17 12:12:21 INFO  main [BitmapTexture] Loading texture "Abstract.jpg"
2025-05-17 12:12:21 INFO  main [PluginManager] Loading plugin "plugins/lanczos.so" ..
2025-05-17 12:12:21 INFO  main [PluginManager] Loading plugin "plugins/diffuse.so" ..
2025-05-17 12:12:21 INFO  main [PluginManager] Loading plugin "plugins/twosided.so" ..
2025-05-17 12:12:21 INFO  main [BitmapTexture] Loading texture "WoodFloor.jpg"
2025-05-17 12:12:21 INFO  main [MIPMap] Generating MIP map cache file "/mitsuba/scene/modern-living-room/textures/WoodFloor.mip" ..
2025-05-17 12:12:21 INFO  main [PluginManager] Loading plugin "plugins/roughplastic.so" ..
2025-05-17 12:12:21 INFO  main [PluginManager] Loading plugin "plugins/dielectric.so" ..
2025-05-17 12:12:21 INFO  main [PluginManager] Loading plugin "plugins/roughconductor.so" ..
2025-05-17 12:12:21 INFO  main [spectrum.cpp:599] "Cu.eta.spd": loaded a spectral power distribution with 55 entries (between 302.400421 and 885.601257 nm)
2025-05-17 12:12:21 INFO  main [spectrum.cpp:599] "Cu.k.spd": loaded a spectral power distribution with 55 entries (between 302.400421 and 885.601257 nm)
2025-05-17 12:12:21 INFO  main [BitmapTexture] Loading texture "Fabric.jpg"
2025-05-17 12:12:21 INFO  main [PluginManager] Loading plugin "plugins/obj.so" ..
2025-05-17 12:12:21 INFO  main [WavefrontOBJ] Loading geometry from "Mesh019.obj" ..
2025-05-17 12:12:21 INFO  main [WavefrontOBJ] Mesh019: 22528 triangles, 11268 vertices (merged 56316 vertices).
2025-05-17 12:12:21 INFO  main [WavefrontOBJ] Done with "Mesh019.obj" (took 47 ms)
2025-05-17 12:12:21 INFO  main [WavefrontOBJ] Loading geometry from "Mesh033.obj" ..
2025-05-17 12:12:21 INFO  main [WavefrontOBJ] Mesh033: 22528 triangles, 11268 vertices (merged 56316 vertices).
2025-05-17 12:12:21 INFO  main [WavefrontOBJ] Done with "Mesh033.obj" (took 46 ms)
2025-05-17 12:12:21 INFO  main [WavefrontOBJ] Loading geometry from "Mesh020.obj" ..
2025-05-17 12:12:21 INFO  main [WavefrontOBJ] Mesh020: 6784 triangles, 3425 vertices (merged 16927 vertices).
2025-05-17 12:12:21 INFO  main [WavefrontOBJ] Done with "Mesh020.obj" (took 14 ms)
2025-05-17 12:12:21 INFO  main [WavefrontOBJ] Loading geometry from "Mesh016.obj" ..
2025-05-17 12:12:21 INFO  main [WavefrontOBJ] Mesh016: 18944 triangles, 9537 vertices (merged 47295 vertices).
2025-05-17 12:12:21 INFO  main [WavefrontOBJ] Done with "Mesh016.obj" (took 40 ms)
2025-05-17 12:12:21 INFO  main [WavefrontOBJ] Loading geometry from "Mesh017.obj" ..
2025-05-17 12:12:21 INFO  main [WavefrontOBJ] Mesh017: 4864 triangles, 2434 vertices (merged 12158 vertices).
2025-05-17 12:12:21 INFO  main [WavefrontOBJ] Done with "Mesh017.obj" (took 10 ms)
2025-05-17 12:12:21 INFO  main [WavefrontOBJ] Loading geometry from "Mesh014.obj" ..
2025-05-17 12:12:21 INFO  main [WavefrontOBJ] Mesh014: 4864 triangles, 2434 vertices (merged 12158 vertices).
2025-05-17 12:12:21 INFO  main [WavefrontOBJ] Done with "Mesh014.obj" (took 10 ms)
2025-05-17 12:12:21 INFO  main [WavefrontOBJ] Loading geometry from "Mesh025.obj" ..
2025-05-17 12:12:21 INFO  main [WavefrontOBJ] Mesh025: 19456 triangles, 9730 vertices (merged 48638 vertices).
2025-05-17 12:12:21 INFO  main [WavefrontOBJ] Done with "Mesh025.obj" (took 42 ms)
2025-05-17 12:12:21 INFO  main [WavefrontOBJ] Loading geometry from "Mesh013.obj" ..
2025-05-17 12:12:21 INFO  main [WavefrontOBJ] Mesh013: 35840 triangles, 17922 vertices (merged 89598 vertices).
2025-05-17 12:12:21 INFO  main [WavefrontOBJ] Done with "Mesh013.obj" (took 78 ms)
2025-05-17 12:12:21 INFO  main [WavefrontOBJ] Loading geometry from "Mesh021.obj" ..
2025-05-17 12:12:21 INFO  main [WavefrontOBJ] Mesh021: 35840 triangles, 17922 vertices (merged 89598 vertices).
2025-05-17 12:12:21 INFO  main [WavefrontOBJ] Done with "Mesh021.obj" (took 78 ms)
2025-05-17 12:12:21 INFO  main [WavefrontOBJ] Loading geometry from "Mesh022.obj" ..
2025-05-17 12:12:21 INFO  main [WavefrontOBJ] Mesh022: 18944 triangles, 9537 vertices (merged 47295 vertices).
2025-05-17 12:12:21 INFO  main [WavefrontOBJ] Done with "Mesh022.obj" (took 42 ms)
2025-05-17 12:12:21 INFO  main [WavefrontOBJ] Loading geometry from "Mesh015.obj" ..
2025-05-17 12:12:22 INFO  main [WavefrontOBJ] Mesh015: 63488 triangles, 31752 vertices (merged 158712 vertices).
2025-05-17 12:12:22 INFO  main [WavefrontOBJ] Done with "Mesh015.obj" (took 146 ms)
2025-05-17 12:12:22 INFO  main [WavefrontOBJ] Loading geometry from "Mesh024.obj" ..
2025-05-17 12:12:22 INFO  main [WavefrontOBJ] Mesh024: 6272 triangles, 3169 vertices (merged 15647 vertices).
2025-05-17 12:12:22 INFO  main [WavefrontOBJ] Done with "Mesh024.obj" (took 13 ms)
2025-05-17 12:12:22 INFO  main [WavefrontOBJ] Loading geometry from "Mesh026.obj" ..
2025-05-17 12:12:22 INFO  main [WavefrontOBJ] Mesh026: 25088 triangles, 12609 vertices (merged 62655 vertices).
2025-05-17 12:12:22 INFO  main [WavefrontOBJ] Done with "Mesh026.obj" (took 54 ms)
2025-05-17 12:12:22 INFO  main [WavefrontOBJ] Loading geometry from "Mesh034.obj" ..
2025-05-17 12:12:22 INFO  main [WavefrontOBJ] Mesh034: 20736 triangles, 10704 vertices (merged 51504 vertices).
2025-05-17 12:12:22 INFO  main [WavefrontOBJ] Done with "Mesh034.obj" (took 47 ms)
2025-05-17 12:12:22 INFO  main [WavefrontOBJ] Loading geometry from "Mesh029.obj" ..
2025-05-17 12:12:22 INFO  main [WavefrontOBJ] Mesh029: 4320 triangles, 2178 vertices (merged 10782 vertices).
2025-05-17 12:12:22 INFO  main [WavefrontOBJ] Done with "Mesh029.obj" (took 9 ms)
2025-05-17 12:12:22 INFO  main [WavefrontOBJ] Loading geometry from "Mesh018.obj" ..
2025-05-17 12:12:22 INFO  main [WavefrontOBJ] Mesh018: 53248 triangles, 26624 vertices (merged 133120 vertices).
2025-05-17 12:12:22 INFO  main [WavefrontOBJ] Done with "Mesh018.obj" (took 120 ms)
2025-05-17 12:12:22 INFO  main [WavefrontOBJ] Loading geometry from "Mesh032.obj" ..
2025-05-17 12:12:22 INFO  main [WavefrontOBJ] Mesh032: 30 triangles, 64 vertices (merged 26 vertices).
2025-05-17 12:12:22 INFO  main [WavefrontOBJ] Done with "Mesh032.obj" (took 0 ms)
2025-05-17 12:12:22 INFO  main [WavefrontOBJ] Loading geometry from "Mesh035.obj" ..
2025-05-17 12:12:22 INFO  main [WavefrontOBJ] Mesh035: 13312 triangles, 6656 vertices (merged 33280 vertices).
2025-05-17 12:12:22 INFO  main [WavefrontOBJ] Done with "Mesh035.obj" (took 28 ms)
2025-05-17 12:12:22 INFO  main [WavefrontOBJ] Loading geometry from "Mesh031.obj" ..
2025-05-17 12:12:22 INFO  main [WavefrontOBJ] Mesh031: 792 triangles, 1304 vertices (merged 1072 vertices).
2025-05-17 12:12:22 INFO  main [WavefrontOBJ] Done with "Mesh031.obj" (took 3 ms)
2025-05-17 12:12:22 INFO  main [WavefrontOBJ] Loading geometry from "Mesh012.obj" ..
2025-05-17 12:12:22 INFO  main [WavefrontOBJ] Mesh012: 102 triangles, 162 vertices (merged 144 vertices).
2025-05-17 12:12:22 INFO  main [WavefrontOBJ] Done with "Mesh012.obj" (took 0 ms)
2025-05-17 12:12:22 INFO  main [WavefrontOBJ] Loading geometry from "Mesh011.obj" ..
2025-05-17 12:12:22 INFO  main [WavefrontOBJ] Mesh011: 102 triangles, 162 vertices (merged 144 vertices).
2025-05-17 12:12:22 INFO  main [WavefrontOBJ] Done with "Mesh011.obj" (took 0 ms)
2025-05-17 12:12:22 INFO  main [WavefrontOBJ] Loading geometry from "Mesh010.obj" ..
2025-05-17 12:12:22 INFO  main [WavefrontOBJ] Mesh010: 102 triangles, 166 vertices (merged 140 vertices).
2025-05-17 12:12:22 INFO  main [WavefrontOBJ] Done with "Mesh010.obj" (took 0 ms)
2025-05-17 12:12:22 INFO  main [WavefrontOBJ] Loading geometry from "Mesh028.obj" ..
2025-05-17 12:12:22 INFO  main [WavefrontOBJ] Mesh028: 105472 triangles, 52738 vertices (merged 263678 vertices).
2025-05-17 12:12:22 INFO  main [WavefrontOBJ] Done with "Mesh028.obj" (took 233 ms)
2025-05-17 12:12:22 INFO  main [WavefrontOBJ] Loading geometry from "Mesh009.obj" ..
2025-05-17 12:12:22 INFO  main [WavefrontOBJ] Mesh009: 65472 triangles, 50844 vertices (merged 145572 vertices).
2025-05-17 12:12:22 INFO  main [WavefrontOBJ] Done with "Mesh009.obj" (took 188 ms)
2025-05-17 12:12:22 INFO  main [WavefrontOBJ] Loading geometry from "Mesh007.obj" ..
2025-05-17 12:12:22 INFO  main [WavefrontOBJ] Mesh007: 65472 triangles, 50844 vertices (merged 145572 vertices).
2025-05-17 12:12:22 INFO  main [WavefrontOBJ] Done with "Mesh007.obj" (took 190 ms)
2025-05-17 12:12:22 INFO  main [WavefrontOBJ] Loading geometry from "Mesh006.obj" ..
2025-05-17 12:12:23 INFO  main [WavefrontOBJ] Mesh006: 71680 triangles, 35844 vertices (merged 179196 vertices).
2025-05-17 12:12:23 INFO  main [WavefrontOBJ] Done with "Mesh006.obj" (took 155 ms)
2025-05-17 12:12:23 INFO  main [WavefrontOBJ] Loading geometry from "Mesh030.obj" ..
2025-05-17 12:12:23 INFO  main [WavefrontOBJ] Mesh030: 27136 triangles, 13638 vertices (merged 67770 vertices).
2025-05-17 12:12:23 INFO  main [WavefrontOBJ] Done with "Mesh030.obj" (took 56 ms)
2025-05-17 12:12:23 INFO  main [WavefrontOBJ] Loading geometry from "Mesh005.obj" ..
2025-05-17 12:12:23 INFO  main [WavefrontOBJ] Mesh005: 96 triangles, 192 vertices (merged 96 vertices).
2025-05-17 12:12:23 INFO  main [WavefrontOBJ] Done with "Mesh005.obj" (took 0 ms)
2025-05-17 12:12:23 INFO  main [WavefrontOBJ] Loading geometry from "Mesh004.obj" ..
2025-05-17 12:12:23 INFO  main [WavefrontOBJ] Mesh004: 65472 triangles, 50844 vertices (merged 145572 vertices).
2025-05-17 12:12:23 INFO  main [WavefrontOBJ] Done with "Mesh004.obj" (took 187 ms)
2025-05-17 12:12:23 INFO  main [WavefrontOBJ] Loading geometry from "Mesh023.obj" ..
2025-05-17 12:12:23 INFO  main [WavefrontOBJ] Mesh023: 6912 triangles, 3458 vertices (merged 17278 vertices).
2025-05-17 12:12:23 INFO  main [WavefrontOBJ] Done with "Mesh023.obj" (took 14 ms)
2025-05-17 12:12:23 INFO  main [WavefrontOBJ] Loading geometry from "Mesh002.obj" ..
2025-05-17 12:12:23 INFO  main [WavefrontOBJ] Mesh002: 96 triangles, 192 vertices (merged 96 vertices).
2025-05-17 12:12:23 INFO  main [WavefrontOBJ] Done with "Mesh002.obj" (took 0 ms)
2025-05-17 12:12:23 INFO  main [WavefrontOBJ] Loading geometry from "Mesh008.obj" ..
2025-05-17 12:12:23 INFO  main [WavefrontOBJ] Mesh008: 2 triangles, 4 vertices (merged 2 vertices).
2025-05-17 12:12:23 INFO  main [WavefrontOBJ] Done with "Mesh008.obj" (took 0 ms)
2025-05-17 12:12:23 INFO  main [WavefrontOBJ] Loading geometry from "Mesh027.obj" ..
2025-05-17 12:12:23 INFO  main [WavefrontOBJ] Mesh027: 8 triangles, 16 vertices (merged 8 vertices).
2025-05-17 12:12:23 INFO  main [WavefrontOBJ] Done with "Mesh027.obj" (took 0 ms)
2025-05-17 12:12:23 INFO  main [WavefrontOBJ] Loading geometry from "Mesh003.obj" ..
2025-05-17 12:12:23 INFO  main [WavefrontOBJ] Mesh003: 2 triangles, 4 vertices (merged 2 vertices).
2025-05-17 12:12:23 INFO  main [WavefrontOBJ] Done with "Mesh003.obj" (took 0 ms)
2025-05-17 12:12:23 INFO  main [WavefrontOBJ] Loading geometry from "Mesh001.obj" ..
2025-05-17 12:12:23 INFO  main [WavefrontOBJ] Mesh001: 204 triangles, 398 vertices (merged 214 vertices).
2025-05-17 12:12:23 INFO  main [WavefrontOBJ] Done with "Mesh001.obj" (took 1 ms)
2025-05-17 12:12:23 INFO  main [PluginManager] Loading plugin "plugins/area.so" ..
2025-05-17 12:12:23 INFO  main [PluginManager] Loading plugin "plugins/sphere.so" ..
2025-05-17 12:12:23 INFO  ren0 [KDTreeBase] Constructing a SAH kd-tree (786209 primitives) ..
2025-05-17 12:12:24 INFO  ren0 [KDTreeBase] Finished -- took 693 ms.
2025-05-17 12:12:24 INFO  ren0 [octree.h:535] root weight: 8.000e-20 (0.000000)
2025-05-17 12:12:24 INFO  ren0 [octree.h:536] splitting threshold: 8.000e-23 (0.000000)
2025-05-17 12:12:24 INFO  ren0 [octree.h:551] node count: 1 -> 585 -> 585

2025-05-17 12:12:24 INFO  ren0 [octree.h:535] root weight: 4.096e-17 (0.000000)
2025-05-17 12:12:24 INFO  ren0 [octree.h:536] splitting threshold: 4.096e-20 (0.000000)
2025-05-17 12:12:24 INFO  ren0 [octree.h:551] node count: 585 -> 585 -> 585

2025-05-17 12:12:24 INFO  ren0 [octree.h:535] root weight: 8.000e-20 (0.000000)
2025-05-17 12:12:24 INFO  ren0 [octree.h:536] splitting threshold: 8.000e-23 (0.000000)
2025-05-17 12:12:24 INFO  ren0 [octree.h:551] node count: 1 -> 585 -> 585

2025-05-17 12:12:24 INFO  ren0 [octree.h:535] root weight: 8.000e-20 (0.000000)
2025-05-17 12:12:24 INFO  ren0 [octree.h:536] splitting threshold: 8.000e-23 (0.000000)
2025-05-17 12:12:24 INFO  ren0 [octree.h:551] node count: 1 -> 585 -> 585

2025-05-17 12:12:24 INFO  ren0 [octree.h:535] root weight: 4.096e-17 (0.000000)
2025-05-17 12:12:24 INFO  ren0 [octree.h:536] splitting threshold: 4.096e-20 (0.000000)
2025-05-17 12:12:24 INFO  ren0 [octree.h:551] node count: 585 -> 585 -> 585

2025-05-17 12:12:24 INFO  ren0 [octree.h:535] root weight: 8.000e-20 (0.000000)
2025-05-17 12:12:24 INFO  ren0 [octree.h:536] splitting threshold: 8.000e-23 (0.000000)
2025-05-17 12:12:24 INFO  ren0 [octree.h:551] node count: 1 -> 585 -> 585

2025-05-17 12:12:24 INFO  ren0 [MIFocalGuidingPathTracer] AABB3[min=[-6.02975, -0.00717345, -6.68615], max=[0.32406, 2.72573, 0.00770017]]
2025-05-17 12:12:24 INFO  ren0 [MIFocalGuidingPathTracer] Starting render job (1280x720, 12 cores, SSE2 enabled) ..
2025-05-17 12:12:24 INFO  ren0 [MIFocalGuidingPathTracer] ITERATION 0, until 10.0 seconds
2025-05-17 12:12:37 INFO  ren0 [MIFocalGuidingPathTracer]   13.03 seconds elapsed, passes this iteration: 2, total passes: 2
2025-05-17 12:12:37 INFO  ren0 [MIFocalGuidingPathTracer] Got 315205359 non-zero samples
2025-05-17 12:12:38 INFO  ren0 [gaussian_mixture_model.h:808] Processing mega batch of size 26658209
2025-05-17 12:12:39 INFO  ren0 [gaussian_mixture_model.h:547] KMeans
2025-05-17 12:13:02 INFO  ren0 [gaussian_mixture_model.h:808] Processing mega batch of size 26251943
2025-05-17 12:13:25 INFO  ren0 [gaussian_mixture_model.h:808] Processing mega batch of size 26071998
2025-05-17 12:13:48 INFO  ren0 [gaussian_mixture_model.h:808] Processing mega batch of size 26067739
2025-05-17 12:14:11 INFO  ren0 [gaussian_mixture_model.h:808] Processing mega batch of size 25412319
2025-05-17 12:14:34 INFO  ren0 [gaussian_mixture_model.h:808] Processing mega batch of size 26886731
2025-05-17 12:14:59 INFO  ren0 [gaussian_mixture_model.h:808] Processing mega batch of size 26435230
2025-05-17 12:15:24 INFO  ren0 [gaussian_mixture_model.h:808] Processing mega batch of size 26191124
2025-05-17 12:15:50 INFO  ren0 [gaussian_mixture_model.h:808] Processing mega batch of size 26057625
2025-05-17 12:16:14 INFO  ren0 [gaussian_mixture_model.h:808] Processing mega batch of size 26320294
2025-05-17 12:16:37 INFO  ren0 [gaussian_mixture_model.h:808] Processing mega batch of size 26480057
2025-05-17 12:17:00 INFO  ren0 [gaussian_mixture_model.h:808] Processing mega batch of size 26372090
2025-05-17 12:17:22 INFO  ren0 [MIFocalGuidingPathTracer] GMM[
weight = 0.00264235 mean = [-2.52534 1.77222 -0.0335421] covariance = [[0.246848 -0.0418752 -0.000475326][-0.0418752 0.398118 -0.00191021][-0.000475326 -0.00191021 0.00170819]]
weight = 0.0568551 mean = [-2.97592 2.72359 -2.6194] covariance = [[2.99637 0.000519767 0.128932][0.000519767 6.48202e-06 0.000113819][0.128932 0.000113819 2.69277]]
weight = 0.00264235 mean = [-3.19056 1.60039 -0.030792] covariance = [[0.246848 -0.0418752 -0.000475326][-0.0418752 0.398118 -0.00191021][-0.000475326 -0.00191021 0.00170819]]
weight = 0.0220355 mean = [-0.0464776 0.489955 -0.208981] covariance = [[0.079806 -0.00231383 -0.00957309][-0.00231383 0.122714 -0.0215713][-0.00957309 -0.0215713 0.0266766]]
weight = 0.0160517 mean = [-6.02553 1.29862 -2.58561] covariance = [[6.94618e-06 -0.000138022 0.00025071][-0.000138022 0.678628 0.0832391][0.00025071 0.0832391 2.43294]]
weight = 0.108682 mean = [-1.63396 1.55137 -0.0221804] covariance = [[1.19094 0.0123624 0.00164033][0.0123624 0.317626 -0.00263904][0.00164033 -0.00263904 0.00105372]]
weight = 0.0806359 mean = [-0.910078 1.53675 -0.186808] covariance = [[0.602819 0.0738386 0.00470917][0.0738386 0.411571 -0.0180504][0.00470917 -0.0180504 0.0136826]]
weight = 0.0387132 mean = [-5.51028 1.33825 -0.143416] covariance = [[0.167826 0.00497167 0.00148191][0.00497167 0.714316 -0.0272581][0.00148191 -0.0272581 0.0165422]]
weight = 0.671742 mean = [-2.66249 1.36194 -1.96003] covariance = [[3.97149 -0.159326 0.522112][-0.159326 0.743164 -0.147625][0.522112 -0.147625 2.09084]]
]
2025-05-17 12:17:22 INFO  ren0 [octree.h:535] root weight: 4.256e+06 (4255792.500000)
2025-05-17 12:17:22 INFO  ren0 [octree.h:536] splitting threshold: 4.256e+03 (4255.792480)
2025-05-17 12:17:22 INFO  ren0 [octree.h:535] root weight: 1.365e+06 (1365387.750000)
2025-05-17 12:17:22 INFO  ren0 [octree.h:536] splitting threshold: 1.365e+03 (1365.387817)
2025-05-17 12:17:22 INFO  ren0 [octree.h:551] node count: 585 -> 678 -> 450

2025-05-17 12:17:22 INFO  ren0 [octree.h:551] node count: 585 -> 609 -> 359

2025-05-17 12:17:22 INFO  ren0 [MIFocalGuidingPathTracer] ITERATION 1, until 20.0 seconds
2025-05-17 12:18:08 INFO  ren0 [MIFocalGuidingPathTracer]   344.02 seconds elapsed, passes this iteration: 1, total passes: 3
2025-05-17 12:18:08 INFO  ren0 [MIFocalGuidingPathTracer] Got 78381309 non-zero samples
2025-05-17 12:18:13 INFO  ren0 [gaussian_mixture_model.h:808] Processing mega batch of size 78381309
2025-05-17 12:19:25 INFO  ren0 [MIFocalGuidingPathTracer] GMM[
weight = 1.63357e-05 mean = [-1.75871 2.52885 -3.93849] covariance = [[0.370182 -0.00716503 0.00355655][-0.00716503 0.00330847 0.000389523][0.00355655 0.000389523 0.395582]]
weight = 0.000107064 mean = [-1.51465 0.128279 -2.1361] covariance = [[0.0103951 0.00195106 -0.0202704][0.00195106 0.00715609 0.00643708][-0.0202704 0.00643708 0.0795224]]
weight = 1.63357e-05 mean = [-2.61052 2.54563 -3.82109] covariance = [[0.370182 -0.00716503 0.00355655][-0.00716503 0.00330847 0.000389523][0.00355655 0.000389523 0.395582]]
weight = 0.00379251 mean = [-2.76812 2.58681 -3.98434] covariance = [[3.88868 -0.0753101 -0.394729][-0.0753101 0.00562674 0.00718035][-0.394729 0.00718035 0.891466]]
weight = 0.0407293 mean = [-5.37369 2.21164 -2.14635] covariance = [[0.327055 0.0301718 -0.040831][0.0301718 0.144146 0.114875][-0.040831 0.114875 2.12226]]
weight = 0.00419444 mean = [-2.39593 2.46934 -1.11928] covariance = [[1.99163 -0.000251112 0.0438322][-0.000251112 8.70853e-06 -8.12853e-06][0.0438322 -8.12853e-06 0.787788]]
weight = 0.0068564 mean = [-3.80481 2.63912 -1.67169] covariance = [[1.28898 -0.000349363 0.429267][-0.000349363 7.20388e-06 -5.71799e-06][0.429267 -5.71799e-06 0.795812]]
weight = 0.0358236 mean = [-2.80547 2.72384 -2.71942] covariance = [[4.57874 1.39214e-05 2.28551][1.39214e-05 5.95411e-06 -1.64136e-05][2.28551 -1.64136e-05 3.59421]]
weight = 0.908464 mean = [-2.1601 1.77174 -0.99742] covariance = [[1.68521 0.241344 0.272426][0.241344 0.444663 0.191334][0.272426 0.191334 1.3306]]
]
2025-05-17 12:19:25 INFO  ren0 [octree.h:535] root weight: 3.336e+07 (33364486.000000)
2025-05-17 12:19:25 INFO  ren0 [octree.h:536] splitting threshold: 3.336e+04 (33364.488281)
2025-05-17 12:19:25 INFO  ren0 [octree.h:535] root weight: 1.250e+07 (12501832.000000)
2025-05-17 12:19:25 INFO  ren0 [octree.h:536] splitting threshold: 1.250e+04 (12501.833008)
2025-05-17 12:19:25 INFO  ren0 [octree.h:551] node count: 450 -> 538 -> 428

2025-05-17 12:19:25 INFO  ren0 [octree.h:551] node count: 359 -> 423 -> 383

2025-05-17 12:19:25 INFO  ren0 [MIFocalGuidingPathTracer] ITERATION 2, until 30.0 seconds
2025-05-17 12:20:14 INFO  ren0 [MIFocalGuidingPathTracer]   470.25 seconds elapsed, passes this iteration: 1, total passes: 4
2025-05-17 12:20:14 INFO  ren0 [MIFocalGuidingPathTracer] Got 84827489 non-zero samples
2025-05-17 12:20:19 INFO  ren0 [gaussian_mixture_model.h:808] Processing mega batch of size 84827489
2025-05-17 12:21:36 INFO  ren0 [MIFocalGuidingPathTracer] GMM[
weight = 0.00173934 mean = [0.178785 1.99463 -1.58536] covariance = [[0.00874927 0.00657504 0.0123549][0.00657504 0.162821 0.030206][0.0123549 0.030206 0.478785]]
weight = 0.0361509 mean = [-1.87147 2.32319 -0.264544] covariance = [[0.806385 -0.0770828 0.0136219][-0.0770828 0.111294 -0.0245319][0.0136219 -0.0245319 0.0300105]]
weight = 0.0412193 mean = [0.246569 2.41963 -2.49028] covariance = [[0.00595763 0.00448693 -0.0346982][0.00448693 0.0857446 -0.308256][-0.0346982 -0.308256 1.99906]]
weight = 0.00909603 mean = [-3.59149 2.67417 -0.100134] covariance = [[2.25267 -0.0271879 -0.0754389][-0.0271879 0.00105866 0.00242349][-0.0754389 0.00242349 0.00997114]]
weight = 0.329067 mean = [-0.247327 1.58718 -0.00582032] covariance = [[0.396618 -0.01216 0.0101098][-0.01216 0.0437051 0.00195236][0.0101098 0.00195236 0.000770395]]
weight = 0.0361509 mean = [-0.602591 2.18331 -0.238159] covariance = [[0.806385 -0.0770828 0.0136219][-0.0770828 0.111294 -0.0245319][0.0136219 -0.0245319 0.0300105]]
weight = 0.0513875 mean = [-2.20497 2.72384 -2.66217] covariance = [[1.91284 3.64728e-05 -0.0485641][3.64728e-05 8.49729e-06 -3.8723e-05][-0.0485641 -3.8723e-05 1.56847]]
weight = 0.00861039 mean = [-5.83975 1.4364 -0.20118] covariance = [[0.01285 0.0153271 -0.00114485][0.0153271 0.716603 0.0680877][-0.00114485 0.0680877 0.0240768]]
weight = 0.486578 mean = [-2.82618 1.37819 -1.76165] covariance = [[4.47229 -0.0345262 0.705704][-0.0345262 0.660826 -0.204313][0.705704 -0.204313 2.23588]]
]
2025-05-17 12:21:36 INFO  ren0 [octree.h:535] root weight: 2.862e+07 (28620466.000000)
2025-05-17 12:21:36 INFO  ren0 [octree.h:536] splitting threshold: 2.862e+04 (28620.466797)
2025-05-17 12:21:36 INFO  ren0 [octree.h:535] root weight: 1.016e+07 (10158908.000000)
2025-05-17 12:21:36 INFO  ren0 [octree.h:536] splitting threshold: 1.016e+04 (10158.908203)
2025-05-17 12:21:36 INFO  ren0 [octree.h:551] node count: 428 -> 475 -> 436

2025-05-17 12:21:36 INFO  ren0 [octree.h:551] node count: 383 -> 398 -> 354

2025-05-17 12:21:36 INFO  ren0 [MIFocalGuidingPathTracer] ITERATION 3, until 40.0 seconds
2025-05-17 12:22:16 INFO  ren0 [MIFocalGuidingPathTracer]   592.87 seconds elapsed, passes this iteration: 1, total passes: 5
2025-05-17 12:22:16 INFO  ren0 [MIFocalGuidingPathTracer] Got 70617344 non-zero samples
2025-05-17 12:22:21 INFO  ren0 [gaussian_mixture_model.h:808] Processing mega batch of size 70617344
2025-05-17 12:23:24 INFO  ren0 [MIFocalGuidingPathTracer] GMM[
weight = 0.0129057 mean = [-2.08076 2.49131 -0.567872] covariance = [[0.719537 -0.00866767 -0.042202][-0.00866767 0.026612 0.00468685][-0.042202 0.00468685 0.121815]]
weight = 0.000322181 mean = [-0.876908 2.55833 -0.879268] covariance = [[0.171241 0.00751759 0.0197685][0.00751759 0.0176574 0.0202267][0.0197685 0.0202267 0.168378]]
weight = 0.0129057 mean = [-0.88165 2.47581 -0.652221] covariance = [[0.719537 -0.00866767 -0.042202][-0.00866767 0.026612 0.00468685][-0.042202 0.00468685 0.121815]]
weight = 0.0273283 mean = [-1.25994 0.307733 -0.973158] covariance = [[0.611065 -0.059682 -0.138379][-0.059682 0.097893 0.0959922][-0.138379 0.0959922 0.131686]]
weight = 0.0534637 mean = [-1.44789 1.47617 0.00146047] covariance = [[1.91743 -0.196331 -0.00021344][-0.196331 0.103952 0.000152965][-0.00021344 0.000152965 1.80648e-05]]
weight = 0.152865 mean = [-0.922949 2.72385 -0.99505] covariance = [[1.00466 2.30628e-07 0.561444][2.30628e-07 1.00006e-06 -5.73872e-06][0.561444 -5.73872e-06 0.845221]]
weight = 0.0677553 mean = [0.128247 1.54174 -0.869269] covariance = [[0.0293445 -0.0107611 0.0177634][-0.0107611 0.497291 -0.122573][0.0177634 -0.122573 0.595035]]
weight = 0.161934 mean = [-1.11112 1.29914 -0.12665] covariance = [[0.840933 0.243863 -0.0259846][0.243863 0.331053 -0.00469615][-0.0259846 -0.00469615 0.0136156]]
weight = 0.510519 mean = [-3.22061 1.39034 -2.27762] covariance = [[4.02793 -0.13695 0.157575][-0.13695 0.637586 -0.213787][0.157575 -0.213787 2.02893]]
]
2025-05-17 12:23:24 INFO  ren0 [octree.h:535] root weight: 3.433e+07 (34330516.000000)
2025-05-17 12:23:24 INFO  ren0 [octree.h:536] splitting threshold: 3.433e+04 (34330.519531)
2025-05-17 12:23:24 INFO  ren0 [octree.h:535] root weight: 1.132e+07 (11318874.000000)
2025-05-17 12:23:24 INFO  ren0 [octree.h:536] splitting threshold: 1.132e+04 (11318.875000)
2025-05-17 12:23:24 INFO  ren0 [octree.h:551] node count: 436 -> 481 -> 451

2025-05-17 12:23:24 INFO  ren0 [octree.h:551] node count: 354 -> 368 -> 360

2025-05-17 12:23:24 INFO  ren0 [MIFocalGuidingPathTracer] ITERATION 4, until 50.0 seconds
2025-05-17 12:24:07 INFO  ren0 [MIFocalGuidingPathTracer]   703.03 seconds elapsed, passes this iteration: 1, total passes: 6
2025-05-17 12:24:07 INFO  ren0 [RenderJob] Render time: 11.7300m
2025-05-17 12:24:07 INFO  ren0 [HDRFilm] Writing image to "/mitsuba/scene/modern-living-room/modern-living-room.exr" ..
2025-05-17 12:24:07 INFO  main [statistics.cpp:142] Statistics:
------------------------------------------------------------
 * Loaded plugins :
    -  plugins/area.so [Area light]
    -  plugins/bitmap.so [Bitmap texture]
    -  plugins/box.so [Box filter]
    -  plugins/dielectric.so [Smooth dielectric BSDF]
    -  plugins/diffuse.so [Smooth diffuse BRDF]
    -  plugins/hdrfilm.so [High dynamic range film]
    -  plugins/independent.so [Independent sampler]
    -  plugins/lanczos.so [Lanczos Sinc filter]
    -  plugins/obj.so [OBJ triangle mesh loader]
    -  plugins/perspective.so [Perspective camera]
    -  plugins/pmm_focal_recursive.so [MI focal guiding path tracer]
    -  plugins/roughconductor.so [Rough conductor BRDF]
    -  plugins/roughplastic.so [Rough plastic BRDF]
    -  plugins/sphere.so [Sphere intersection primitive]
    -  plugins/twosided.so [Two-sided BRDF adapter]

  * General :
    -  Normal rays traced : 51.974 M
    -  Shadow rays traced : 47.095 M

  * PathGuiding :
    -  Average path length : 8.88 (49.10 M / 5.53 M)

  * Texture system :
    -  Cumulative MIP map memory allocations : 76.918 MiB
    -  Filtered texture lookups : 0.00 % (0.00 of 15.86 M)
------------------------------------------------------------
