2025-04-03 22:13:16 INFO  main [mitsuba.cpp:274] Mitsuba version 0.6.0 (Linux, 64 bit), Copyright (c) 2017 Wenzel Jakob
2025-04-03 22:13:16 INFO  main [mitsuba.cpp:377] Parsing scene description from "../../scenes/dining-room/dining-room.xml" ..
2025-04-03 22:13:16 INFO  main [scenehandler.cpp:675] In file "/home/julia/PBRT/PMM_focal_guiding/mitsuba/dist/../../scenes/dining-room/dining-room.xml" (near line 18): Parsing included file "pmm_focal_guiding.xml" ..
2025-04-03 22:13:16 INFO  main [PluginManager] Loading plugin "plugins/pmm_focal_guiding.so" ..
2025-04-03 22:13:16 INFO  main [octree.h:482] root weight: 8.000e-20 (0.000000)
2025-04-03 22:13:16 INFO  main [octree.h:483] splitting threshold: 8.000e-23 (0.000000)
2025-04-03 22:13:16 INFO  main [octree.h:498] node count: 1 -> 585 -> 585

2025-04-03 22:13:16 INFO  main [octree.h:482] root weight: 8.000e-20 (0.000000)
2025-04-03 22:13:16 INFO  main [octree.h:483] splitting threshold: 8.000e-23 (0.000000)
2025-04-03 22:13:16 INFO  main [octree.h:498] node count: 1 -> 585 -> 585

2025-04-03 22:13:16 INFO  main [PMMFocalGuidingIntegrator] Saving to: 
2025-04-03 22:13:16 INFO  main [PMMFocalGuidingIntegrator] GMM params: alpha = 0.250000, split_th = 4.000000, merge_th = 0.500000, min_num_comp = 3, max_num_comp = 20, init = Uniform
2025-04-03 22:13:16 INFO  main [PMMFocalGuidingIntegrator] iterationCount: 8
2025-04-03 22:13:16 INFO  main [PMMFocalGuidingIntegrator] PMMFocalGuidingIntegrator
  maxDepth = 40,
  rrDepth = 14,
  strictNormals = 1
  gmm = GMM[
]
]
2025-04-03 22:13:16 WARN  main [scenehandler.cpp:795] In file "/home/julia/PBRT/PMM_focal_guiding/mitsuba/dist/../../scenes/dining-room/../_integrators/pmm_focal_guiding.xml" (near line 49): Unqueried attribute "budget" in element "integrator"
2025-04-03 22:13:16 WARN  main [scenehandler.cpp:795] In file "/home/julia/PBRT/PMM_focal_guiding/mitsuba/dist/../../scenes/dining-room/../_integrators/pmm_focal_guiding.xml" (near line 49): Unqueried attribute "dumpPrimaryRays" in element "integrator"
2025-04-03 22:13:16 WARN  main [scenehandler.cpp:795] In file "/home/julia/PBRT/PMM_focal_guiding/mitsuba/dist/../../scenes/dining-room/../_integrators/pmm_focal_guiding.xml" (near line 49): Unqueried attribute "dumpScene" in element "integrator"
2025-04-03 22:13:16 WARN  main [scenehandler.cpp:795] In file "/home/julia/PBRT/PMM_focal_guiding/mitsuba/dist/../../scenes/dining-room/../_integrators/pmm_focal_guiding.xml" (near line 49): Unqueried attribute "normalBinning" in element "integrator"
2025-04-03 22:13:16 WARN  main [scenehandler.cpp:795] In file "/home/julia/PBRT/PMM_focal_guiding/mitsuba/dist/../../scenes/dining-room/../_integrators/pmm_focal_guiding.xml" (near line 49): Unqueried attribute "samplingMode" in element "integrator"
2025-04-03 22:13:16 WARN  main [scenehandler.cpp:795] In file "/home/julia/PBRT/PMM_focal_guiding/mitsuba/dist/../../scenes/dining-room/../_integrators/pmm_focal_guiding.xml" (near line 49): Unqueried attribute "unboundedSplatting" in element "integrator"
2025-04-03 22:13:16 INFO  main [PluginManager] Loading plugin "plugins/independent.so" ..
2025-04-03 22:13:16 INFO  main [PluginManager] Loading plugin "plugins/box.so" ..
2025-04-03 22:13:16 INFO  main [PluginManager] Loading plugin "plugins/hdrfilm.so" ..
2025-04-03 22:13:16 INFO  main [PluginManager] Loading plugin "plugins/perspective.so" ..
2025-04-03 22:13:16 INFO  main [PluginManager] Loading plugin "plugins/roughplastic.so" ..
2025-04-03 22:13:16 INFO  main [PluginManager] Loading plugin "plugins/twosided.so" ..
2025-04-03 22:13:16 INFO  main [PluginManager] Loading plugin "plugins/roughconductor.so" ..
2025-04-03 22:13:16 INFO  main [spectrum.cpp:599] "Cu.eta.spd": loaded a spectral power distribution with 55 entries (between 302.400421 and 885.601257 nm)
2025-04-03 22:13:16 INFO  main [spectrum.cpp:599] "Cu.k.spd": loaded a spectral power distribution with 55 entries (between 302.400421 and 885.601257 nm)
2025-04-03 22:13:16 INFO  main [PluginManager] Loading plugin "plugins/diffuse.so" ..
2025-04-03 22:13:16 INFO  main [PluginManager] Loading plugin "plugins/bitmap.so" ..
2025-04-03 22:13:16 INFO  main [BitmapTexture] Loading texture "picture3.jpg"
2025-04-03 22:13:16 INFO  main [MIPMap] Mapped MIP map cache file "/home/julia/PBRT/PMM_focal_guiding/mitsuba/dist/../../scenes/dining-room/textures/picture3.mip" into memory (18.8 MiB).
2025-04-03 22:13:16 INFO  main [BitmapTexture] Loading texture "Tiles.jpg"
2025-04-03 22:13:16 INFO  main [PluginManager] Loading plugin "plugins/lanczos.so" ..
2025-04-03 22:13:16 INFO  main [spectrum.cpp:599] "Cu.eta.spd": loaded a spectral power distribution with 55 entries (between 302.400421 and 885.601257 nm)
2025-04-03 22:13:16 INFO  main [spectrum.cpp:599] "Cu.k.spd": loaded a spectral power distribution with 55 entries (between 302.400421 and 885.601257 nm)
2025-04-03 22:13:16 INFO  main [PluginManager] Loading plugin "plugins/conductor.so" ..
2025-04-03 22:13:16 INFO  main [spectrum.cpp:599] "Ir.eta.spd": loaded a spectral power distribution with 28 entries (between 302.389984 and 885.570984 nm)
2025-04-03 22:13:16 INFO  main [spectrum.cpp:599] "Ir.k.spd": loaded a spectral power distribution with 28 entries (between 302.389984 and 885.570984 nm)
2025-04-03 22:13:16 INFO  main [spectrum.cpp:599] "Cu.eta.spd": loaded a spectral power distribution with 55 entries (between 302.400421 and 885.601257 nm)
2025-04-03 22:13:16 INFO  main [spectrum.cpp:599] "Cu.k.spd": loaded a spectral power distribution with 55 entries (between 302.400421 and 885.601257 nm)
2025-04-03 22:13:16 INFO  main [BitmapTexture] Loading texture "Teacup.png"
2025-04-03 22:13:16 INFO  main [spectrum.cpp:599] "Cu.eta.spd": loaded a spectral power distribution with 55 entries (between 302.400421 and 885.601257 nm)
2025-04-03 22:13:16 INFO  main [spectrum.cpp:599] "Cu.k.spd": loaded a spectral power distribution with 55 entries (between 302.400421 and 885.601257 nm)
2025-04-03 22:13:16 INFO  main [PluginManager] Loading plugin "plugins/area.so" ..
2025-04-03 22:13:16 INFO  main [PluginManager] Loading plugin "plugins/disk.so" ..
2025-04-03 22:13:16 INFO  main [PluginManager] Loading plugin "plugins/ply.so" ..
2025-04-03 22:13:16 INFO  main [PLYLoader] Loading geometry from "parabol1.ply" ..
2025-04-03 22:13:16 INFO  main [PLYLoader] "parabol1": Loaded 25856 triangles, 13057 vertices (456.0 KiB in 25 ms).
2025-04-03 22:13:16 INFO  main [PLYLoader] Loading geometry from "parabol2.ply" ..
2025-04-03 22:13:16 INFO  main [PLYLoader] "parabol2": Loaded 25856 triangles, 13057 vertices (456.0 KiB in 22 ms).
2025-04-03 22:13:16 INFO  main [PluginManager] Loading plugin "plugins/obj.so" ..
2025-04-03 22:13:16 INFO  main [WavefrontOBJ] Loading geometry from "Mesh013.obj" ..
2025-04-03 22:13:16 INFO  main [WavefrontOBJ] Mesh013: 1056 triangles, 577 vertices (merged 2591 vertices).
2025-04-03 22:13:16 INFO  main [WavefrontOBJ] Done with "Mesh013.obj" (took 8 ms)
2025-04-03 22:13:16 INFO  main [WavefrontOBJ] Loading geometry from "Mesh016.obj" ..
2025-04-03 22:13:16 INFO  main [WavefrontOBJ] Mesh016: 384 triangles, 768 vertices (merged 384 vertices).
2025-04-03 22:13:16 INFO  main [WavefrontOBJ] Done with "Mesh016.obj" (took 4 ms)
2025-04-03 22:13:16 INFO  main [WavefrontOBJ] Loading geometry from "Mesh015.obj" ..
2025-04-03 22:13:16 INFO  main [WavefrontOBJ] Mesh015: 3136 triangles, 1680 vertices (merged 7728 vertices).
2025-04-03 22:13:16 INFO  main [WavefrontOBJ] Done with "Mesh015.obj" (took 19 ms)
2025-04-03 22:13:16 INFO  main [WavefrontOBJ] Loading geometry from "Mesh023.obj" ..
2025-04-03 22:13:16 INFO  main [WavefrontOBJ] Mesh023: 1056 triangles, 577 vertices (merged 2591 vertices).
2025-04-03 22:13:16 INFO  main [WavefrontOBJ] Done with "Mesh023.obj" (took 6 ms)
2025-04-03 22:13:16 INFO  main [WavefrontOBJ] Loading geometry from "Mesh020.obj" ..
2025-04-03 22:13:16 INFO  main [WavefrontOBJ] Mesh020: 384 triangles, 768 vertices (merged 384 vertices).
2025-04-03 22:13:16 INFO  main [WavefrontOBJ] Done with "Mesh020.obj" (took 5 ms)
2025-04-03 22:13:16 INFO  main [WavefrontOBJ] Loading geometry from "Mesh017.obj" ..
2025-04-03 22:13:16 INFO  main [WavefrontOBJ] Mesh017: 3136 triangles, 1680 vertices (merged 7728 vertices).
2025-04-03 22:13:16 INFO  main [WavefrontOBJ] Done with "Mesh017.obj" (took 20 ms)
2025-04-03 22:13:16 INFO  main [WavefrontOBJ] Loading geometry from "Mesh024.obj" ..
2025-04-03 22:13:16 INFO  main [WavefrontOBJ] Mesh024: 34 triangles, 68 vertices (merged 34 vertices).
2025-04-03 22:13:16 INFO  main [WavefrontOBJ] Done with "Mesh024.obj" (took 0 ms)
2025-04-03 22:13:16 INFO  main [WavefrontOBJ] Loading geometry from "Mesh041.obj" ..
2025-04-03 22:13:16 INFO  main [WavefrontOBJ] Mesh041: 8 triangles, 16 vertices (merged 8 vertices).
2025-04-03 22:13:16 INFO  main [WavefrontOBJ] Done with "Mesh041.obj" (took 0 ms)
2025-04-03 22:13:16 INFO  main [WavefrontOBJ] Loading geometry from "Mesh011.obj" ..
2025-04-03 22:13:16 INFO  main [WavefrontOBJ] Mesh011: 8992 triangles, 4544 vertices (merged 22432 vertices).
2025-04-03 22:13:16 INFO  main [WavefrontOBJ] Done with "Mesh011.obj" (took 55 ms)
2025-04-03 22:13:16 INFO  main [WavefrontOBJ] Loading geometry from "Mesh026.obj" ..
2025-04-03 22:13:16 INFO  main [WavefrontOBJ] Mesh026: 7624 triangles, 4070 vertices (merged 18802 vertices).
2025-04-03 22:13:16 INFO  main [WavefrontOBJ] Done with "Mesh026.obj" (took 44 ms)
2025-04-03 22:13:16 INFO  main [WavefrontOBJ] Loading geometry from "Mesh018.obj" ..
2025-04-03 22:13:16 INFO  main [WavefrontOBJ] Mesh018: 2016 triangles, 1260 vertices (merged 4788 vertices).
2025-04-03 22:13:16 INFO  main [WavefrontOBJ] Done with "Mesh018.obj" (took 13 ms)
2025-04-03 22:13:16 INFO  main [WavefrontOBJ] Loading geometry from "Mesh007.obj" ..
2025-04-03 22:13:16 INFO  main [WavefrontOBJ] Mesh007: 4352 triangles, 2178 vertices (merged 10878 vertices).
2025-04-03 22:13:16 INFO  main [WavefrontOBJ] Done with "Mesh007.obj" (took 32 ms)
2025-04-03 22:13:16 INFO  main [WavefrontOBJ] Loading geometry from "Mesh005.obj" ..
2025-04-03 22:13:16 INFO  main [WavefrontOBJ] Mesh005: 160 triangles, 144 vertices (merged 336 vertices).
2025-04-03 22:13:16 INFO  main [WavefrontOBJ] Done with "Mesh005.obj" (took 1 ms)
2025-04-03 22:13:16 INFO  main [WavefrontOBJ] Loading geometry from "Mesh019.obj" ..
2025-04-03 22:13:16 INFO  main [WavefrontOBJ] Mesh019: 560 triangles, 400 vertices (merged 1280 vertices).
2025-04-03 22:13:16 INFO  main [WavefrontOBJ] Done with "Mesh019.obj" (took 5 ms)
2025-04-03 22:13:16 INFO  main [WavefrontOBJ] Loading geometry from "Mesh021.obj" ..
2025-04-03 22:13:16 INFO  main [WavefrontOBJ] Mesh021: 720 triangles, 482 vertices (merged 1678 vertices).
2025-04-03 22:13:16 INFO  main [WavefrontOBJ] Done with "Mesh021.obj" (took 4 ms)
2025-04-03 22:13:16 INFO  main [WavefrontOBJ] Loading geometry from "Mesh037.obj" ..
2025-04-03 22:13:16 INFO  main [WavefrontOBJ] Mesh037: 7624 triangles, 4070 vertices (merged 18802 vertices).
2025-04-03 22:13:16 INFO  main [WavefrontOBJ] Done with "Mesh037.obj" (took 46 ms)
2025-04-03 22:13:16 INFO  main [WavefrontOBJ] Loading geometry from "Mesh004.obj" ..
2025-04-03 22:13:16 INFO  main [WavefrontOBJ] Mesh004: 2016 triangles, 1260 vertices (merged 4788 vertices).
2025-04-03 22:13:16 INFO  main [WavefrontOBJ] Done with "Mesh004.obj" (took 18 ms)
2025-04-03 22:13:16 INFO  main [WavefrontOBJ] Loading geometry from "Mesh014.obj" ..
2025-04-03 22:13:16 INFO  main [WavefrontOBJ] Mesh014: 160 triangles, 144 vertices (merged 336 vertices).
2025-04-03 22:13:16 INFO  main [WavefrontOBJ] Done with "Mesh014.obj" (took 2 ms)
2025-04-03 22:13:16 INFO  main [WavefrontOBJ] Loading geometry from "Mesh012.obj" ..
2025-04-03 22:13:16 INFO  main [WavefrontOBJ] Mesh012: 560 triangles, 400 vertices (merged 1280 vertices).
2025-04-03 22:13:16 INFO  main [WavefrontOBJ] Done with "Mesh012.obj" (took 5 ms)
2025-04-03 22:13:16 INFO  main [WavefrontOBJ] Loading geometry from "Mesh028.obj" ..
2025-04-03 22:13:16 INFO  main [WavefrontOBJ] Mesh028: 720 triangles, 482 vertices (merged 1678 vertices).
2025-04-03 22:13:16 INFO  main [WavefrontOBJ] Done with "Mesh028.obj" (took 4 ms)
2025-04-03 22:13:16 INFO  main [WavefrontOBJ] Loading geometry from "Mesh025.obj" ..
2025-04-03 22:13:16 INFO  main [WavefrontOBJ] Mesh025: 4352 triangles, 2178 vertices (merged 10878 vertices).
2025-04-03 22:13:16 INFO  main [WavefrontOBJ] Done with "Mesh025.obj" (took 31 ms)
2025-04-03 22:13:16 INFO  main [WavefrontOBJ] Loading geometry from "Mesh008.obj" ..
2025-04-03 22:13:16 INFO  main [WavefrontOBJ] Mesh008: 6320 triangles, 3270 vertices (merged 15690 vertices).
2025-04-03 22:13:16 INFO  main [WavefrontOBJ] Done with "Mesh008.obj" (took 34 ms)
2025-04-03 22:13:16 INFO  main [WavefrontOBJ] Loading geometry from "Mesh032.obj" ..
2025-04-03 22:13:16 INFO  main [WavefrontOBJ] Mesh032: 13248 triangles, 6686 vertices (merged 33058 vertices).
2025-04-03 22:13:16 INFO  main [WavefrontOBJ] Done with "Mesh032.obj" (took 79 ms)
2025-04-03 22:13:16 INFO  main [WavefrontOBJ] Loading geometry from "Mesh035.obj" ..
2025-04-03 22:13:17 INFO  main [WavefrontOBJ] Mesh035: 14480 triangles, 7404 vertices (merged 36036 vertices).
2025-04-03 22:13:17 INFO  main [WavefrontOBJ] Done with "Mesh035.obj" (took 87 ms)
2025-04-03 22:13:17 INFO  main [WavefrontOBJ] Loading geometry from "Mesh042.obj" ..
2025-04-03 22:13:17 INFO  main [WavefrontOBJ] Mesh042: 2320 triangles, 1492 vertices (merged 5468 vertices).
2025-04-03 22:13:17 INFO  main [WavefrontOBJ] Done with "Mesh042.obj" (took 15 ms)
2025-04-03 22:13:17 INFO  main [WavefrontOBJ] Loading geometry from "Mesh010.obj" ..
2025-04-03 22:13:17 INFO  main [WavefrontOBJ] Mesh010: 13248 triangles, 6686 vertices (merged 33058 vertices).
2025-04-03 22:13:17 INFO  main [WavefrontOBJ] Done with "Mesh010.obj" (took 78 ms)
2025-04-03 22:13:17 INFO  main [WavefrontOBJ] Loading geometry from "Mesh036.obj" ..
2025-04-03 22:13:17 INFO  main [WavefrontOBJ] Mesh036: 14480 triangles, 7404 vertices (merged 36036 vertices).
2025-04-03 22:13:17 INFO  main [WavefrontOBJ] Done with "Mesh036.obj" (took 86 ms)
2025-04-03 22:13:17 INFO  main [WavefrontOBJ] Loading geometry from "Mesh027.obj" ..
2025-04-03 22:13:17 INFO  main [WavefrontOBJ] Mesh027: 2320 triangles, 1492 vertices (merged 5468 vertices).
2025-04-03 22:13:17 INFO  main [WavefrontOBJ] Done with "Mesh027.obj" (took 18 ms)
2025-04-03 22:13:17 INFO  main [WavefrontOBJ] Loading geometry from "Mesh043.obj" ..
2025-04-03 22:13:17 INFO  main [WavefrontOBJ] Mesh043: 13248 triangles, 6686 vertices (merged 33058 vertices).
2025-04-03 22:13:17 INFO  main [WavefrontOBJ] Done with "Mesh043.obj" (took 85 ms)
2025-04-03 22:13:17 INFO  main [WavefrontOBJ] Loading geometry from "Mesh044.obj" ..
2025-04-03 22:13:17 INFO  main [WavefrontOBJ] Mesh044: 14480 triangles, 7404 vertices (merged 36036 vertices).
2025-04-03 22:13:17 INFO  main [WavefrontOBJ] Done with "Mesh044.obj" (took 91 ms)
2025-04-03 22:13:17 INFO  main [WavefrontOBJ] Loading geometry from "Mesh031.obj" ..
2025-04-03 22:13:17 INFO  main [WavefrontOBJ] Mesh031: 2320 triangles, 1492 vertices (merged 5468 vertices).
2025-04-03 22:13:17 INFO  main [WavefrontOBJ] Done with "Mesh031.obj" (took 17 ms)
2025-04-03 22:13:17 INFO  main [WavefrontOBJ] Loading geometry from "Mesh022.obj" ..
2025-04-03 22:13:17 INFO  main [WavefrontOBJ] Mesh022: 13248 triangles, 6686 vertices (merged 33058 vertices).
2025-04-03 22:13:17 INFO  main [WavefrontOBJ] Done with "Mesh022.obj" (took 83 ms)
2025-04-03 22:13:17 INFO  main [WavefrontOBJ] Loading geometry from "Mesh038.obj" ..
2025-04-03 22:13:17 INFO  main [WavefrontOBJ] Mesh038: 14480 triangles, 7404 vertices (merged 36036 vertices).
2025-04-03 22:13:17 INFO  main [WavefrontOBJ] Done with "Mesh038.obj" (took 82 ms)
2025-04-03 22:13:17 INFO  main [WavefrontOBJ] Loading geometry from "Mesh030.obj" ..
2025-04-03 22:13:17 INFO  main [WavefrontOBJ] Mesh030: 2320 triangles, 1492 vertices (merged 5468 vertices).
2025-04-03 22:13:17 INFO  main [WavefrontOBJ] Done with "Mesh030.obj" (took 15 ms)
2025-04-03 22:13:17 INFO  main [WavefrontOBJ] Loading geometry from "Mesh046.obj" ..
2025-04-03 22:13:17 INFO  main [WavefrontOBJ] Mesh046: 13248 triangles, 6686 vertices (merged 33058 vertices).
2025-04-03 22:13:17 INFO  main [WavefrontOBJ] Done with "Mesh046.obj" (took 88 ms)
2025-04-03 22:13:17 INFO  main [WavefrontOBJ] Loading geometry from "Mesh047.obj" ..
2025-04-03 22:13:17 INFO  main [WavefrontOBJ] Mesh047: 14480 triangles, 7404 vertices (merged 36036 vertices).
2025-04-03 22:13:17 INFO  main [WavefrontOBJ] Done with "Mesh047.obj" (took 82 ms)
2025-04-03 22:13:17 INFO  main [WavefrontOBJ] Loading geometry from "Mesh034.obj" ..
2025-04-03 22:13:17 INFO  main [WavefrontOBJ] Mesh034: 2320 triangles, 1492 vertices (merged 5468 vertices).
2025-04-03 22:13:17 INFO  main [WavefrontOBJ] Done with "Mesh034.obj" (took 15 ms)
2025-04-03 22:13:17 INFO  main [WavefrontOBJ] Loading geometry from "Mesh033.obj" ..
2025-04-03 22:13:17 INFO  main [WavefrontOBJ] Mesh033: 44 triangles, 96 vertices (merged 36 vertices).
2025-04-03 22:13:17 INFO  main [WavefrontOBJ] Done with "Mesh033.obj" (took 0 ms)
2025-04-03 22:13:17 INFO  main [WavefrontOBJ] Loading geometry from "Mesh006.obj" ..
2025-04-03 22:13:17 INFO  main [WavefrontOBJ] Mesh006: 4 triangles, 6 vertices (merged 6 vertices).
2025-04-03 22:13:17 INFO  main [WavefrontOBJ] Done with "Mesh006.obj" (took 0 ms)
2025-04-03 22:13:17 INFO  main [WavefrontOBJ] Loading geometry from "Mesh048.obj" ..
2025-04-03 22:13:17 INFO  main [WavefrontOBJ] Mesh048: 30 triangles, 38 vertices (merged 52 vertices).
2025-04-03 22:13:17 INFO  main [WavefrontOBJ] Done with "Mesh048.obj" (took 0 ms)
2025-04-03 22:13:17 INFO  main [WavefrontOBJ] Loading geometry from "Mesh049.obj" ..
2025-04-03 22:13:17 INFO  main [WavefrontOBJ] Mesh049: 13248 triangles, 6686 vertices (merged 33058 vertices).
2025-04-03 22:13:17 INFO  main [WavefrontOBJ] Done with "Mesh049.obj" (took 88 ms)
2025-04-03 22:13:17 INFO  main [WavefrontOBJ] Loading geometry from "Mesh051.obj" ..
2025-04-03 22:13:18 INFO  main [WavefrontOBJ] Mesh051: 14480 triangles, 7404 vertices (merged 36036 vertices).
2025-04-03 22:13:18 INFO  main [WavefrontOBJ] Done with "Mesh051.obj" (took 98 ms)
2025-04-03 22:13:18 INFO  main [WavefrontOBJ] Loading geometry from "Mesh040.obj" ..
2025-04-03 22:13:18 INFO  main [WavefrontOBJ] Mesh040: 2320 triangles, 1492 vertices (merged 5468 vertices).
2025-04-03 22:13:18 INFO  main [WavefrontOBJ] Done with "Mesh040.obj" (took 18 ms)
2025-04-03 22:13:18 INFO  main [WavefrontOBJ] Loading geometry from "Mesh003.obj" ..
2025-04-03 22:13:18 INFO  main [WavefrontOBJ] Mesh003: 18176 triangles, 9150 vertices (merged 45378 vertices).
2025-04-03 22:13:18 INFO  main [WavefrontOBJ] Done with "Mesh003.obj" (took 130 ms)
2025-04-03 22:13:18 INFO  main [WavefrontOBJ] Loading geometry from "Mesh002.obj" ..
2025-04-03 22:13:18 INFO  main [WavefrontOBJ] Mesh002: 7624 triangles, 4070 vertices (merged 18802 vertices).
2025-04-03 22:13:18 INFO  main [WavefrontOBJ] Done with "Mesh002.obj" (took 55 ms)
2025-04-03 22:13:18 INFO  main [WavefrontOBJ] Loading geometry from "Mesh009.obj" ..
2025-04-03 22:13:18 INFO  main [WavefrontOBJ] Mesh009: 2016 triangles, 1260 vertices (merged 4788 vertices).
2025-04-03 22:13:18 INFO  main [WavefrontOBJ] Done with "Mesh009.obj" (took 14 ms)
2025-04-03 22:13:18 INFO  main [WavefrontOBJ] Loading geometry from "Mesh045.obj" ..
2025-04-03 22:13:18 INFO  main [WavefrontOBJ] Mesh045: 4352 triangles, 2178 vertices (merged 10878 vertices).
2025-04-03 22:13:18 INFO  main [WavefrontOBJ] Done with "Mesh045.obj" (took 26 ms)
2025-04-03 22:13:18 INFO  main [WavefrontOBJ] Loading geometry from "Mesh029.obj" ..
2025-04-03 22:13:18 INFO  main [WavefrontOBJ] Mesh029: 160 triangles, 144 vertices (merged 336 vertices).
2025-04-03 22:13:18 INFO  main [WavefrontOBJ] Done with "Mesh029.obj" (took 1 ms)
2025-04-03 22:13:18 INFO  main [WavefrontOBJ] Loading geometry from "Mesh039.obj" ..
2025-04-03 22:13:18 INFO  main [WavefrontOBJ] Mesh039: 560 triangles, 400 vertices (merged 1280 vertices).
2025-04-03 22:13:18 INFO  main [WavefrontOBJ] Done with "Mesh039.obj" (took 3 ms)
2025-04-03 22:13:18 INFO  main [WavefrontOBJ] Loading geometry from "Mesh050.obj" ..
2025-04-03 22:13:18 INFO  main [WavefrontOBJ] Mesh050: 720 triangles, 482 vertices (merged 1678 vertices).
2025-04-03 22:13:18 INFO  main [WavefrontOBJ] Done with "Mesh050.obj" (took 4 ms)
2025-04-03 22:13:18 INFO  main [WavefrontOBJ] Loading geometry from "Mesh001.obj" ..
2025-04-03 22:13:18 INFO  main [WavefrontOBJ] Mesh001: 170 triangles, 340 vertices (merged 170 vertices).
2025-04-03 22:13:18 INFO  main [WavefrontOBJ] Done with "Mesh001.obj" (took 3 ms)
2025-04-03 22:13:18 INFO  main [WavefrontOBJ] Loading geometry from "Mesh000.obj" ..
2025-04-03 22:13:18 INFO  main [WavefrontOBJ] Mesh000: 22 triangles, 44 vertices (merged 22 vertices).
2025-04-03 22:13:18 INFO  main [WavefrontOBJ] Done with "Mesh000.obj" (took 0 ms)
2025-04-03 22:13:18 INFO  main [PluginManager] Loading plugin "plugins/rectangle.so" ..
2025-04-03 22:13:18 INFO  ren0 [KDTreeBase] Constructing a SAH kd-tree (321251 primitives) ..
2025-04-03 22:13:21 INFO  ren0 [KDTreeBase] Finished -- took 3676 ms.
2025-04-03 22:13:22 INFO  ren0 [PMMFocalGuidingIntegrator] Starting preprocess
2025-04-03 22:13:22 INFO  ren0 [octree.h:482] root weight: 8.000e-20 (0.000000)
2025-04-03 22:13:22 INFO  ren0 [octree.h:483] splitting threshold: 8.000e-23 (0.000000)
2025-04-03 22:13:22 INFO  ren0 [octree.h:498] node count: 1 -> 585 -> 585

2025-04-03 22:13:22 INFO  ren0 [octree.h:482] root weight: 4.096e-17 (0.000000)
2025-04-03 22:13:22 INFO  ren0 [octree.h:483] splitting threshold: 4.096e-20 (0.000000)
2025-04-03 22:13:22 INFO  ren0 [octree.h:498] node count: 585 -> 585 -> 585

2025-04-03 22:13:22 INFO  ren0 [octree.h:482] root weight: 8.000e-20 (0.000000)
2025-04-03 22:13:22 INFO  ren0 [octree.h:483] splitting threshold: 8.000e-23 (0.000000)
2025-04-03 22:13:22 INFO  ren0 [octree.h:498] node count: 1 -> 585 -> 585

2025-04-03 22:13:22 INFO  ren0 [octree.h:482] root weight: 4.096e-17 (0.000000)
2025-04-03 22:13:22 INFO  ren0 [octree.h:483] splitting threshold: 4.096e-20 (0.000000)
2025-04-03 22:13:22 INFO  ren0 [octree.h:498] node count: 585 -> 585 -> 585

2025-04-03 22:13:22 INFO  ren0 [PMMFocalGuidingIntegrator] Octree[
AABB: AABB3[min=[-6.3658, -1.5274, -4.73046], max=[5.27597, 8.04131, 10.0598]]
Nodes count: 585
]
2025-04-03 22:13:22 INFO  ren0 [PMMFocalGuidingIntegrator] Octree[
AABB: AABB3[min=[-6.3658, -1.5274, -4.73046], max=[5.27597, 8.04131, 10.0598]]
Nodes count: 585
]
2025-04-03 22:13:22 INFO  ren0 [PMMFocalGuidingIntegrator] GMM[
]
2025-04-03 22:13:22 INFO  ren0 [PMMFocalGuidingIntegrator] Starting training... (8) iterations
2025-04-03 22:13:22 INFO  ren0 [PMMFocalGuidingIntegrator] Rendering 0 iteration
2025-04-03 22:13:22 INFO  ren0 [SamplingIntegrator] Starting render job (1280x720, 4 samples, 8 cores, SSE2 enabled) ..
2025-04-03 22:14:21 INFO  ren0 [PMMFocalGuidingIntegrator] iteration render time: 59.0700s
2025-04-03 22:14:21 INFO  ren0 [PMMFocalGuidingIntegrator] Got 395742 non-zero samples and 0 zero samples
2025-04-03 22:14:21 INFO  ren0 [gaussian_mixture_model.h:576] Start processing batch
2025-04-03 22:14:21 INFO  ren0 [gaussian_mixture_model.h:380] Uniform
2025-04-03 22:14:21 INFO  ren0 [gaussian_mixture_model.h:396] Starting uniform initialization
2025-04-03 22:14:21 INFO  ren0 [gaussian_mixture_model.h:413] 3 + 2 + 3 = 20
2025-04-03 22:14:21 INFO  ren0 [gaussian_mixture_model.h:437] GMM[
weight = 0.05 mean = [-6.3658 -1.5274 -4.73046] covariance = [[1 0 0][0 1 0][0 0 1]]
weight = 0.05 mean = [-6.3658 -1.5274 -1.0329] covariance = [[1 0 0][0 1 0][0 0 1]]
weight = 0.05 mean = [-6.3658 -1.5274 2.66466] covariance = [[1 0 0][0 1 0][0 0 1]]
weight = 0.05 mean = [-6.3658 -1.5274 6.36221] covariance = [[1 0 0][0 1 0][0 0 1]]
weight = 0.05 mean = [-6.3658 3.25696 -4.73046] covariance = [[1 0 0][0 1 0][0 0 1]]
weight = 0.05 mean = [-6.3658 3.25696 -1.0329] covariance = [[1 0 0][0 1 0][0 0 1]]
weight = 0.05 mean = [-6.3658 3.25696 2.66466] covariance = [[1 0 0][0 1 0][0 0 1]]
weight = 0.05 mean = [-6.3658 3.25696 6.36221] covariance = [[1 0 0][0 1 0][0 0 1]]
weight = 0.05 mean = [-2.48521 -1.5274 -4.73046] covariance = [[1 0 0][0 1 0][0 0 1]]
weight = 0.05 mean = [-2.48521 -1.5274 -1.0329] covariance = [[1 0 0][0 1 0][0 0 1]]
weight = 0.05 mean = [-2.48521 -1.5274 2.66466] covariance = [[1 0 0][0 1 0][0 0 1]]
weight = 0.05 mean = [-2.48521 -1.5274 6.36221] covariance = [[1 0 0][0 1 0][0 0 1]]
weight = 0.05 mean = [-2.48521 3.25696 -4.73046] covariance = [[1 0 0][0 1 0][0 0 1]]
weight = 0.05 mean = [-2.48521 3.25696 -1.0329] covariance = [[1 0 0][0 1 0][0 0 1]]
weight = 0.05 mean = [-2.48521 3.25696 2.66466] covariance = [[1 0 0][0 1 0][0 0 1]]
weight = 0.05 mean = [-2.48521 3.25696 6.36221] covariance = [[1 0 0][0 1 0][0 0 1]]
weight = 0.05 mean = [1.39538 -1.5274 -4.73046] covariance = [[1 0 0][0 1 0][0 0 1]]
weight = 0.05 mean = [1.39538 -1.5274 -1.0329] covariance = [[1 0 0][0 1 0][0 0 1]]
weight = 0.05 mean = [1.39538 -1.5274 2.66466] covariance = [[1 0 0][0 1 0][0 0 1]]
weight = 0.05 mean = [1.39538 -1.5274 6.36221] covariance = [[1 0 0][0 1 0][0 0 1]]
]
2025-04-03 22:14:38 INFO  ren0 [gaussian_mixture_model.h:603] Finish E step
2025-04-03 22:15:03 INFO  ren0 [gaussian_mixture_model.h:194] components before the merge: 20
2025-04-03 22:15:03 INFO  ren0 [gaussian_mixture_model.h:213] components after the merge: 20, merged 10 component
2025-04-03 22:15:03 INFO  ren0 [gaussian_mixture_model.h:231] components after the split: 20, split 0 components
2025-04-03 22:15:03 INFO  ren0 [gaussian_mixture_model.h:615] Finish M step
2025-04-03 22:15:03 INFO  ren0 [octree.h:482] root weight: 8.395e+06 (8394713.000000)
2025-04-03 22:15:03 INFO  ren0 [octree.h:483] splitting threshold: 8.395e+03 (8394.713867)
2025-04-03 22:15:03 INFO  ren0 [octree.h:482] root weight: 6.621e+04 (66210.054688)
2025-04-03 22:15:03 INFO  ren0 [octree.h:483] splitting threshold: 6.621e+01 (66.210060)
2025-04-03 22:15:03 INFO  ren0 [octree.h:498] node count: 585 -> 804 -> 679

2025-04-03 22:15:03 INFO  ren0 [octree.h:498] node count: 585 -> 585 -> 549

2025-04-03 22:15:03 INFO  ren0 [PMMFocalGuidingIntegrator] diverge probability: 0.008

2025-04-03 22:15:03 INFO  ren0 [PMMFocalGuidingIntegrator] iteration postprocessing time: 42.3238s
2025-04-03 22:15:03 INFO  ren0 [PMMFocalGuidingIntegrator] GMM[
weight = 0.000213209 mean = [-5.3665 -0.300945 -3.67381] covariance = [[1.37085 1.20816 1.04207][1.20816 2.06658 1.35798][1.04207 1.35798 1.50042]]
weight = 0.00059744 mean = [-5.29767 -0.223981 -0.959624] covariance = [[1.57104 1.39559 0.0938044][1.39559 2.16856 0.0170189][0.0938044 0.0170189 1.25549]]
weight = 0.000403642 mean = [-5.30086 -0.310516 2.46747] covariance = [[1.56888 1.315 -0.220914][1.315 1.98032 -0.120091][-0.220914 -0.120091 1.63893]]
weight = 0.000627704 mean = [-5.27059 -0.294567 7.31133] covariance = [[1.60142 1.37297 1.09983][1.37297 2.06028 1.21562][1.09983 1.21562 3.12751]]
weight = 0.000892619 mean = [-5.2734 4.07465 -3.63707] covariance = [[1.62262 1.02267 1.22985][1.02267 4.27535 0.897125][1.22985 0.897125 1.54535]]
weight = 0.00187264 mean = [-5.07459 4.02556 -1.17871] covariance = [[2.53913 1.06224 -0.322242][1.06224 3.90305 -0.153913][-0.322242 -0.153913 1.28314]]
weight = 0.00155212 mean = [-5.31675 4.52057 2.68352] covariance = [[1.51184 1.32201 -0.00670151][1.32201 5.40575 0.0221723][-0.00670151 0.0221723 1.34272]]
weight = 0.00179302 mean = [-5.25735 4.04479 7.10647] covariance = [[1.6512 0.83121 0.896944][0.83121 4.67185 0.111785][0.896944 0.111785 3.17772]]
weight = 0.000457113 mean = [-2.30602 -0.0721288 -3.61338] covariance = [[1.37166 0.30038 0.185943][0.30038 2.62174 1.6296][0.185943 1.6296 1.6045]]
weight = 0.00121113 mean = [-2.57145 -0.132214 -1.04696] covariance = [[1.49136 -0.0398667 -0.078911][-0.0398667 2.54777 -0.0454684][-0.078911 -0.0454684 1.23573]]
weight = 0.00106471 mean = [-2.35637 -0.22573 2.73663] covariance = [[1.41724 0.200832 0.0519794][0.200832 2.23274 0.09513][0.0519794 0.09513 1.35626]]
weight = 0.00169565 mean = [-2.46286 -0.188948 7.30959] covariance = [[1.42358 0.100726 0.039196][0.100726 2.36076 1.28416][0.039196 1.28416 3.3918]]
weight = 0.0209035 mean = [-1.81904 3.82832 -2.12404] covariance = [[1.58144 0.714175 1.43609][0.714175 0.943228 1.33939][1.43609 1.33939 7.31212]]
weight = 0.93762 mean = [-1.98694 3.76794 -1.77913] covariance = [[0.351768 0.274941 -0.359779][0.274941 0.306346 -0.366243][-0.359779 -0.366243 0.584586]]
weight = 0.00665474 mean = [-0.689076 4.41614 2.61565] covariance = [[8.78519 3.2638 0.077225][3.2638 5.14434 -0.0380026][0.077225 -0.0380026 1.61044]]
weight = 0.0106778 mean = [-0.247304 4.43207 7.255] covariance = [[11.2732 4.70197 1.91517][4.70197 5.32765 0.917177][1.91517 0.917177 3.33605]]
weight = 0.00127853 mean = [2.72098 0.978658 -3.75117] covariance = [[4.39846 4.00402 1.23613][4.00402 8.51753 2.41678][1.23613 2.41678 1.31354]]
weight = 0.00252031 mean = [2.33616 0.945486 -1.03933] covariance = [[3.45608 3.01968 -0.0534576][3.01968 8.41094 -0.0322387][-0.0534576 -0.0322387 1.33182]]
weight = 0.00276804 mean = [2.68057 1.04606 2.71336] covariance = [[4.22711 4.04683 0.269179][4.04683 8.97197 0.423468][0.269179 0.423468 1.38281]]
weight = 0.00519564 mean = [2.69314 1.26411 7.35456] covariance = [[4.24019 4.66974 1.20212][4.66974 10.3316 2.61674][1.20212 2.61674 3.54178]]
]
2025-04-03 22:15:03 INFO  ren0 [PMMFocalGuidingIntegrator] Octree[
AABB: AABB3[min=[-6.3658, -1.5274, -4.73046], max=[5.27597, 8.04131, 10.0598]]
Nodes count: 679
]
2025-04-03 22:15:03 INFO  ren0 [PMMFocalGuidingIntegrator] Octree[
AABB: AABB3[min=[-6.3658, -1.5274, -4.73046], max=[5.27597, 8.04131, 10.0598]]
Nodes count: 549
]
2025-04-03 22:15:03 INFO  ren0 [PMMFocalGuidingIntegrator] Rendering 1 iteration
2025-04-03 22:15:03 INFO  ren0 [SamplingIntegrator] Starting render job (1280x720, 4 samples, 8 cores, SSE2 enabled) ..
2025-04-03 22:17:42 INFO  wrk7 [octree.h:260] No intersection found
2025-04-03 22:17:42 INFO  wrk7 [pmm_focal_guiding.cpp:751] Intersection was not found
2025-04-03 22:19:52 INFO  ren0 [PMMFocalGuidingIntegrator] iteration render time: 4.8209m
2025-04-03 22:19:53 INFO  ren0 [PMMFocalGuidingIntegrator] Got 939517 non-zero samples and 0 zero samples
2025-04-03 22:19:53 INFO  ren0 [gaussian_mixture_model.h:576] Start processing batch
2025-04-03 22:20:32 INFO  ren0 [gaussian_mixture_model.h:603] Finish E step
2025-04-03 22:21:27 INFO  ren0 [gaussian_mixture_model.h:194] components before the merge: 20
2025-04-03 22:21:27 INFO  ren0 [gaussian_mixture_model.h:213] components after the merge: 18, merged 2 component
2025-04-03 22:21:27 INFO  ren0 [gaussian_mixture_model.h:231] components after the split: 20, split 2 components
2025-04-03 22:21:27 INFO  ren0 [gaussian_mixture_model.h:615] Finish M step
2025-04-03 22:21:27 INFO  ren0 [octree.h:482] root weight: 8.638e+07 (86383240.000000)
2025-04-03 22:21:27 INFO  ren0 [octree.h:483] splitting threshold: 8.638e+04 (86383.242188)
2025-04-03 22:21:27 INFO  ren0 [octree.h:482] root weight: 6.210e+04 (62100.113281)
2025-04-03 22:21:27 INFO  ren0 [octree.h:483] splitting threshold: 6.210e+01 (62.100117)
2025-04-03 22:21:27 INFO  ren0 [octree.h:498] node count: 679 -> 1196 -> 1008

2025-04-03 22:21:27 INFO  ren0 [octree.h:498] node count: 549 -> 549 -> 545

2025-04-03 22:21:27 INFO  ren0 [PMMFocalGuidingIntegrator] diverge probability: 0.001

2025-04-03 22:21:27 INFO  ren0 [PMMFocalGuidingIntegrator] iteration postprocessing time: 1.5758m
2025-04-03 22:21:27 INFO  ren0 [PMMFocalGuidingIntegrator] GMM[
weight = 2.83358e-05 mean = [-4.47291 0.68335 -2.86828] covariance = [[0.698848 0.279395 0.257547][0.279395 0.784447 0.32374][0.257547 0.32374 0.649431]]
weight = 7.29188e-05 mean = [-4.31278 0.804045 -1.09158] covariance = [[0.781119 0.345891 0.071284][0.345891 0.81975 -0.0460627][0.071284 -0.0460627 1.30287]]
weight = 8.12121e-05 mean = [-4.84704 0.070729 2.22115] covariance = [[1.28386 0.909033 -0.269159][0.909033 1.38152 -0.0672074][-0.269159 -0.0672074 1.92027]]
weight = 0.000116562 mean = [-4.85091 0.131805 7.64428] covariance = [[1.23676 0.938445 0.684664][0.938445 1.53292 0.760005][0.684664 0.760005 2.43994]]
weight = 2.83358e-05 mean = [-5.3402 -0.351757 -3.73896] covariance = [[0.698848 0.279395 0.257547][0.279395 0.784447 0.32374][0.257547 0.32374 0.649431]]
weight = 0.000945017 mean = [-4.25298 4.8164 -2.03309] covariance = [[3.50081 2.1362 -0.228149][2.1362 4.51102 -0.203572][-0.228149 -0.203572 2.12416]]
weight = 0.000341946 mean = [-4.93814 5.1016 2.53993] covariance = [[1.16155 0.943713 -0.106528][0.943713 4.56732 -0.0470248][-0.106528 -0.0470248 1.67609]]
weight = 0.000360175 mean = [-4.88569 4.54315 7.24271] covariance = [[1.26359 0.681609 0.511262][0.681609 4.75893 -0.286662][0.511262 -0.286662 2.80439]]
weight = 7.29188e-05 mean = [-5.33603 -0.302452 -0.952018] covariance = [[0.781119 0.345891 0.071284][0.345891 0.81975 -0.0460627][0.071284 -0.0460627 1.30287]]
weight = 0.000561281 mean = [-2.13198 0.669665 -1.77392] covariance = [[1.91788 0.8379 -0.118134][0.8379 2.30272 0.154442][-0.118134 0.154442 2.08841]]
weight = 0.000242548 mean = [-2.16099 0.278238 2.64721] covariance = [[1.60294 0.391687 0.0161638][0.391687 1.74448 -0.00600897][0.0161638 -0.00600897 1.66873]]
weight = 0.00036494 mean = [-2.30178 0.276544 7.55933] covariance = [[1.58351 0.284339 0.140304][0.284339 1.72795 0.766008][0.140304 0.766008 2.85184]]
weight = 0.021198 mean = [0.508815 4.32537 -2.15173] covariance = [[7.70782 1.69163 -0.0248901][1.69163 0.537448 0.128296][-0.0248901 0.128296 0.999625]]
weight = 0.965972 mean = [-2.12198 3.76582 -1.81329] covariance = [[0.0726913 0.0351872 -0.027291][0.0351872 0.043233 -0.0268897][-0.027291 -0.0268897 0.0753968]]
weight = 0.00154678 mean = [-0.611266 4.17257 2.26406] covariance = [[6.62333 1.79384 -0.238596][1.79384 4.99065 -0.201099][-0.238596 -0.201099 2.90333]]
weight = 0.00215966 mean = [-0.496792 4.05048 7.00166] covariance = [[7.48687 2.6813 0.73489][2.6813 4.81486 0.43994][0.73489 0.43994 3.05097]]
weight = 0.00124851 mean = [1.53313 3.70773 -2.61885] covariance = [[2.93323 -3.77535 -1.75607][-3.77535 11.5866 4.51355][-1.75607 4.51355 2.07386]]
weight = 0.00299978 mean = [1.39257 3.75368 -1.92627] covariance = [[1.97405 -3.01283 1.11868][-3.01283 11.9969 -3.42357][1.11868 -3.42357 1.49667]]
weight = 0.000607896 mean = [2.6572 1.44971 2.68179] covariance = [[2.79543 1.14485 0.365449][1.14485 4.40485 0.392957][0.365449 0.392957 1.68142]]
weight = 0.00105122 mean = [2.64567 1.46683 7.27752] covariance = [[2.7171 1.391 0.136827][1.391 4.35148 0.380358][0.136827 0.380358 2.89361]]
]
2025-04-03 22:21:27 INFO  ren0 [PMMFocalGuidingIntegrator] Octree[
AABB: AABB3[min=[-6.3658, -1.5274, -4.73046], max=[5.27597, 8.04131, 10.0598]]
Nodes count: 1008
]
2025-04-03 22:21:27 INFO  ren0 [PMMFocalGuidingIntegrator] Octree[
AABB: AABB3[min=[-6.3658, -1.5274, -4.73046], max=[5.27597, 8.04131, 10.0598]]
Nodes count: 545
]
2025-04-03 22:21:27 INFO  ren0 [PMMFocalGuidingIntegrator] Rendering 2 iteration
2025-04-03 22:21:27 INFO  ren0 [SamplingIntegrator] Starting render job (1280x720, 4 samples, 8 cores, SSE2 enabled) ..
2025-04-03 22:26:33 INFO  ren0 [PMMFocalGuidingIntegrator] iteration render time: 5.1018m
2025-04-03 22:26:34 INFO  ren0 [PMMFocalGuidingIntegrator] Got 1328506 non-zero samples and 0 zero samples
2025-04-03 22:26:34 INFO  ren0 [gaussian_mixture_model.h:576] Start processing batch
2025-04-03 22:27:29 INFO  ren0 [gaussian_mixture_model.h:603] Finish E step
2025-04-03 22:28:45 INFO  ren0 [gaussian_mixture_model.h:194] components before the merge: 20
2025-04-03 22:28:45 INFO  ren0 [gaussian_mixture_model.h:213] components after the merge: 15, merged 5 component
2025-04-03 22:28:45 INFO  ren0 [gaussian_mixture_model.h:231] components after the split: 20, split 5 components
2025-04-03 22:28:45 INFO  ren0 [gaussian_mixture_model.h:615] Finish M step
2025-04-03 22:28:45 INFO  ren0 [octree.h:482] root weight: 1.774e+08 (177407712.000000)
2025-04-03 22:28:45 INFO  ren0 [octree.h:483] splitting threshold: 1.774e+05 (177407.718750)
2025-04-03 22:28:45 INFO  ren0 [octree.h:482] root weight: 6.417e+04 (64171.906250)
2025-04-03 22:28:45 INFO  ren0 [octree.h:483] splitting threshold: 6.417e+01 (64.171906)
2025-04-03 22:28:45 INFO  ren0 [octree.h:498] node count: 1008 -> 1503 -> 1057

2025-04-03 22:28:45 INFO  ren0 [octree.h:498] node count: 545 -> 545 -> 545

2025-04-03 22:28:45 INFO  ren0 [PMMFocalGuidingIntegrator] diverge probability: 0.000

2025-04-03 22:28:45 INFO  ren0 [PMMFocalGuidingIntegrator] iteration postprocessing time: 2.2051m
2025-04-03 22:28:45 INFO  ren0 [PMMFocalGuidingIntegrator] GMM[
weight = 1.95142e-05 mean = [-4.33512 0.537967 1.57388] covariance = [[0.856354 0.520819 0.0726389][0.520819 1.01322 0.239266][0.0726389 0.239266 1.41855]]
weight = 2.33736e-05 mean = [-5.11376 -0.172039 7.02788] covariance = [[0.802854 0.44153 0.0269884][0.44153 0.978559 0.0153505][0.0269884 0.0153505 1.35486]]
weight = 1.95142e-05 mean = [-5.13509 -0.174329 2.70828] covariance = [[0.856354 0.520819 0.0726389][0.520819 1.01322 0.239266][0.0726389 0.239266 1.41855]]
weight = 2.33736e-05 mean = [-4.45112 0.611015 8.33298] covariance = [[0.802854 0.44153 0.0269884][0.44153 0.978559 0.0153505][0.0269884 0.0153505 1.35486]]
weight = 8.37653e-05 mean = [-5.07502 4.13622 2.46433] covariance = [[0.915247 0.219596 -0.132762][0.219596 1.95425 0.0210671][-0.132762 0.0210671 1.84367]]
weight = 0.000543055 mean = [-3.86985 5.0341 -2.12086] covariance = [[2.49083 0.958713 -0.1987][0.958713 3.10545 -0.0377624][-0.1987 -0.0377624 2.11589]]
weight = 8.37653e-05 mean = [-4.66862 6.09226 2.38226] covariance = [[0.915247 0.219596 -0.132762][0.219596 1.95425 0.0210671][-0.132762 0.0210671 1.84367]]
weight = 7.50298e-05 mean = [-4.69978 5.65207 6.95826] covariance = [[1.04494 0.241285 0.421795][0.241285 2.21036 0.0484433][0.421795 0.0484433 2.65725]]
weight = 5.40571e-05 mean = [-4.75079 0.363928 -2.4648] covariance = [[0.979046 0.565323 -0.0436566][0.565323 1.01501 -0.0745692][-0.0436566 -0.0745692 1.16411]]
weight = 0.000366386 mean = [-1.97091 1.08348 -1.87669] covariance = [[1.62696 0.583448 -0.123798][0.583448 1.87337 0.0616153][-0.123798 0.0616153 2.18493]]
weight = 7.50298e-05 mean = [-4.94723 3.60982 7.43228] covariance = [[1.04494 0.241285 0.421795][0.241285 2.21036 0.0484433][0.421795 0.0484433 2.65725]]
weight = 0.000151546 mean = [-2.22046 0.40346 7.59658] covariance = [[1.70399 0.308402 0.184029][0.308402 1.49922 0.588637][0.184029 0.588637 2.6918]]
weight = 0.012403 mean = [0.518929 4.34553 -2.18179] covariance = [[3.05147 0.59416 -0.0503626][0.59416 0.189532 0.0325399][-0.0503626 0.0325399 0.340364]]
weight = 0.981709 mean = [-2.1449 3.72783 -1.87042] covariance = [[0.0283508 0.0123768 0.00129604][0.0123768 0.0227233 -0.000156036][0.00129604 -0.000156036 0.0332329]]
weight = 0.000911944 mean = [-0.836553 3.651 2.07755] covariance = [[5.62545 2.01585 -0.213612][2.01585 5.81487 -0.336195][-0.213612 -0.336195 2.9357]]
weight = 0.000882116 mean = [-0.485551 4.00179 6.87313] covariance = [[7.01081 2.44824 0.507811][2.44824 4.799 0.328169][0.507811 0.328169 3.16421]]
weight = 5.40571e-05 mean = [-4.51131 0.550011 -0.980393] covariance = [[0.979046 0.565323 -0.0436566][0.565323 1.01501 -0.0745692][-0.0436566 -0.0745692 1.16411]]
weight = 0.00182226 mean = [1.19813 3.935 -2.18892] covariance = [[1.62787 -1.38662 0.0889713][-1.38662 5.06736 -0.367484][0.0889713 -0.367484 0.970552]]
weight = 0.000273912 mean = [2.52748 1.55038 2.62234] covariance = [[2.82348 0.766514 0.572576][0.766514 3.78563 0.402331][0.572576 0.402331 1.7825]]
