2025-05-18 22:44:56 INFO  main [mitsuba.cpp:274] Mitsuba version 0.6.0 (Linux, 64 bit), Copyright (c) 2017 Wenzel Jakob
2025-05-18 22:44:56 INFO  main [mitsuba.cpp:377] Parsing scene description from "scene/dining-room/dining-room.xml" ..
2025-05-18 22:44:56 INFO  main [scenehandler.cpp:675] In file "/mitsuba/scene/dining-room/dining-room.xml" (near line 18): Parsing included file "pmm_focal_recursive.xml" ..
2025-05-18 22:44:56 INFO  main [PluginManager] Loading plugin "plugins/pmm_focal_recursive.so" ..
2025-05-18 22:44:56 INFO  main [octree.h:535] root weight: 8.000e-20 (0.000000)
2025-05-18 22:44:56 INFO  main [octree.h:536] splitting threshold: 8.000e-23 (0.000000)
2025-05-18 22:44:56 INFO  main [octree.h:551] node count: 1 -> 585 -> 585

2025-05-18 22:44:56 INFO  main [octree.h:535] root weight: 8.000e-20 (0.000000)
2025-05-18 22:44:56 INFO  main [octree.h:536] splitting threshold: 8.000e-23 (0.000000)
2025-05-18 22:44:56 INFO  main [octree.h:551] node count: 1 -> 585 -> 585

2025-05-18 22:44:56 INFO  main [MIFocalGuidingPathTracer] budget: 600
2025-05-18 22:44:56 INFO  main [MIFocalGuidingPathTracer] dumpPrimaryRays: false
2025-05-18 22:44:56 INFO  main [MIFocalGuidingPathTracer] dumpScene: false
2025-05-18 22:44:56 INFO  main [MIFocalGuidingPathTracer] gmm.alpha: 0.4
2025-05-18 22:44:56 INFO  main [MIFocalGuidingPathTracer] gmm.initMethod: KMeans
2025-05-18 22:44:56 INFO  main [MIFocalGuidingPathTracer] gmm.maxNumComp: 10
2025-05-18 22:44:56 INFO  main [MIFocalGuidingPathTracer] gmm.mergingThreshold: 0.65
2025-05-18 22:44:56 INFO  main [MIFocalGuidingPathTracer] gmm.minNumComp: 3
2025-05-18 22:44:56 INFO  main [MIFocalGuidingPathTracer] gmm.splittingThreshold: 1000
2025-05-18 22:44:56 INFO  main [MIFocalGuidingPathTracer] iterationBudget: 10
2025-05-18 22:44:56 INFO  main [MIFocalGuidingPathTracer] iterationCount: 15
2025-05-18 22:44:56 INFO  main [MIFocalGuidingPathTracer] maxDepth: 40
2025-05-18 22:44:56 INFO  main [MIFocalGuidingPathTracer] minSamplesToStartFitting: 128
2025-05-18 22:44:56 INFO  main [MIFocalGuidingPathTracer] normalBinning: disabled
2025-05-18 22:44:56 INFO  main [MIFocalGuidingPathTracer] renderMaxSeconds: 36000
2025-05-18 22:44:56 INFO  main [MIFocalGuidingPathTracer] rrDepth: 14
2025-05-18 22:44:56 INFO  main [MIFocalGuidingPathTracer] samplingMode: 2
2025-05-18 22:44:56 INFO  main [MIFocalGuidingPathTracer] strictNormals: true
2025-05-18 22:44:56 INFO  main [MIFocalGuidingPathTracer] trainingSamples: 4
2025-05-18 22:44:56 INFO  main [MIFocalGuidingPathTracer] tree.threshold: 0.001
2025-05-18 22:44:56 INFO  main [MIFocalGuidingPathTracer] unboundedSplatting: true
2025-05-18 22:44:56 INFO  main [PluginManager] Loading plugin "plugins/independent.so" ..
2025-05-18 22:44:56 INFO  main [PluginManager] Loading plugin "plugins/box.so" ..
2025-05-18 22:44:56 INFO  main [PluginManager] Loading plugin "plugins/hdrfilm.so" ..
2025-05-18 22:44:56 INFO  main [PluginManager] Loading plugin "plugins/perspective.so" ..
2025-05-18 22:44:56 INFO  main [PluginManager] Loading plugin "plugins/roughplastic.so" ..
2025-05-18 22:44:56 INFO  main [PluginManager] Loading plugin "plugins/twosided.so" ..
2025-05-18 22:44:56 INFO  main [PluginManager] Loading plugin "plugins/roughconductor.so" ..
2025-05-18 22:44:56 INFO  main [spectrum.cpp:599] "Cu.eta.spd": loaded a spectral power distribution with 55 entries (between 302.400421 and 885.601257 nm)
2025-05-18 22:44:56 INFO  main [spectrum.cpp:599] "Cu.k.spd": loaded a spectral power distribution with 55 entries (between 302.400421 and 885.601257 nm)
2025-05-18 22:44:56 INFO  main [PluginManager] Loading plugin "plugins/diffuse.so" ..
2025-05-18 22:44:56 INFO  main [PluginManager] Loading plugin "plugins/bitmap.so" ..
2025-05-18 22:44:56 INFO  main [BitmapTexture] Loading texture "picture3.jpg"
2025-05-18 22:44:56 INFO  main [PluginManager] Loading plugin "plugins/lanczos.so" ..
2025-05-18 22:44:56 INFO  main [MIPMap] Generating MIP map cache file "/mitsuba/scene/dining-room/textures/picture3.mip" ..
2025-05-18 22:44:56 INFO  main [BitmapTexture] Loading texture "Tiles.jpg"
2025-05-18 22:44:56 INFO  main [spectrum.cpp:599] "Cu.eta.spd": loaded a spectral power distribution with 55 entries (between 302.400421 and 885.601257 nm)
2025-05-18 22:44:56 INFO  main [spectrum.cpp:599] "Cu.k.spd": loaded a spectral power distribution with 55 entries (between 302.400421 and 885.601257 nm)
2025-05-18 22:44:56 INFO  main [PluginManager] Loading plugin "plugins/conductor.so" ..
2025-05-18 22:44:56 INFO  main [spectrum.cpp:599] "Ir.eta.spd": loaded a spectral power distribution with 28 entries (between 302.389984 and 885.570984 nm)
2025-05-18 22:44:56 INFO  main [spectrum.cpp:599] "Ir.k.spd": loaded a spectral power distribution with 28 entries (between 302.389984 and 885.570984 nm)
2025-05-18 22:44:56 INFO  main [spectrum.cpp:599] "Cu.eta.spd": loaded a spectral power distribution with 55 entries (between 302.400421 and 885.601257 nm)
2025-05-18 22:44:56 INFO  main [spectrum.cpp:599] "Cu.k.spd": loaded a spectral power distribution with 55 entries (between 302.400421 and 885.601257 nm)
2025-05-18 22:44:56 INFO  main [BitmapTexture] Loading texture "Teacup.png"
2025-05-18 22:44:56 INFO  main [spectrum.cpp:599] "Cu.eta.spd": loaded a spectral power distribution with 55 entries (between 302.400421 and 885.601257 nm)
2025-05-18 22:44:56 INFO  main [spectrum.cpp:599] "Cu.k.spd": loaded a spectral power distribution with 55 entries (between 302.400421 and 885.601257 nm)
2025-05-18 22:44:56 INFO  main [PluginManager] Loading plugin "plugins/area.so" ..
2025-05-18 22:44:56 INFO  main [PluginManager] Loading plugin "plugins/disk.so" ..
2025-05-18 22:44:56 INFO  main [PluginManager] Loading plugin "plugins/ply.so" ..
2025-05-18 22:44:56 INFO  main [PLYLoader] Loading geometry from "parabol1.ply" ..
2025-05-18 22:44:56 INFO  main [PLYLoader] "parabol1": Loaded 25856 triangles, 13057 vertices (456.0 KiB in 3 ms).
2025-05-18 22:44:56 INFO  main [PLYLoader] Loading geometry from "parabol2.ply" ..
2025-05-18 22:44:56 INFO  main [PLYLoader] "parabol2": Loaded 25856 triangles, 13057 vertices (456.0 KiB in 2 ms).
2025-05-18 22:44:56 INFO  main [PluginManager] Loading plugin "plugins/obj.so" ..
2025-05-18 22:44:56 INFO  main [WavefrontOBJ] Loading geometry from "Mesh013.obj" ..
2025-05-18 22:44:56 INFO  main [WavefrontOBJ] Mesh013: 1056 triangles, 577 vertices (merged 2591 vertices).
2025-05-18 22:44:56 INFO  main [WavefrontOBJ] Done with "Mesh013.obj" (took 2 ms)
2025-05-18 22:44:56 INFO  main [WavefrontOBJ] Loading geometry from "Mesh016.obj" ..
2025-05-18 22:44:56 INFO  main [WavefrontOBJ] Mesh016: 384 triangles, 768 vertices (merged 384 vertices).
2025-05-18 22:44:56 INFO  main [WavefrontOBJ] Done with "Mesh016.obj" (took 2 ms)
2025-05-18 22:44:56 INFO  main [WavefrontOBJ] Loading geometry from "Mesh015.obj" ..
2025-05-18 22:44:56 INFO  main [WavefrontOBJ] Mesh015: 3136 triangles, 1680 vertices (merged 7728 vertices).
2025-05-18 22:44:56 INFO  main [WavefrontOBJ] Done with "Mesh015.obj" (took 7 ms)
2025-05-18 22:44:56 INFO  main [WavefrontOBJ] Loading geometry from "Mesh023.obj" ..
2025-05-18 22:44:56 INFO  main [WavefrontOBJ] Mesh023: 1056 triangles, 577 vertices (merged 2591 vertices).
2025-05-18 22:44:56 INFO  main [WavefrontOBJ] Done with "Mesh023.obj" (took 2 ms)
2025-05-18 22:44:56 INFO  main [WavefrontOBJ] Loading geometry from "Mesh020.obj" ..
2025-05-18 22:44:56 INFO  main [WavefrontOBJ] Mesh020: 384 triangles, 768 vertices (merged 384 vertices).
2025-05-18 22:44:56 INFO  main [WavefrontOBJ] Done with "Mesh020.obj" (took 2 ms)
2025-05-18 22:44:56 INFO  main [WavefrontOBJ] Loading geometry from "Mesh017.obj" ..
2025-05-18 22:44:56 INFO  main [WavefrontOBJ] Mesh017: 3136 triangles, 1680 vertices (merged 7728 vertices).
2025-05-18 22:44:56 INFO  main [WavefrontOBJ] Done with "Mesh017.obj" (took 6 ms)
2025-05-18 22:44:56 INFO  main [WavefrontOBJ] Loading geometry from "Mesh024.obj" ..
2025-05-18 22:44:56 INFO  main [WavefrontOBJ] Mesh024: 34 triangles, 68 vertices (merged 34 vertices).
2025-05-18 22:44:56 INFO  main [WavefrontOBJ] Done with "Mesh024.obj" (took 0 ms)
2025-05-18 22:44:56 INFO  main [WavefrontOBJ] Loading geometry from "Mesh041.obj" ..
2025-05-18 22:44:56 INFO  main [WavefrontOBJ] Mesh041: 8 triangles, 16 vertices (merged 8 vertices).
2025-05-18 22:44:56 INFO  main [WavefrontOBJ] Done with "Mesh041.obj" (took 0 ms)
2025-05-18 22:44:56 INFO  main [WavefrontOBJ] Loading geometry from "Mesh011.obj" ..
2025-05-18 22:44:56 INFO  main [WavefrontOBJ] Mesh011: 8992 triangles, 4544 vertices (merged 22432 vertices).
2025-05-18 22:44:56 INFO  main [WavefrontOBJ] Done with "Mesh011.obj" (took 20 ms)
2025-05-18 22:44:56 INFO  main [WavefrontOBJ] Loading geometry from "Mesh026.obj" ..
2025-05-18 22:44:56 INFO  main [WavefrontOBJ] Mesh026: 7624 triangles, 4070 vertices (merged 18802 vertices).
2025-05-18 22:44:56 INFO  main [WavefrontOBJ] Done with "Mesh026.obj" (took 17 ms)
2025-05-18 22:44:56 INFO  main [WavefrontOBJ] Loading geometry from "Mesh018.obj" ..
2025-05-18 22:44:56 INFO  main [WavefrontOBJ] Mesh018: 2016 triangles, 1260 vertices (merged 4788 vertices).
2025-05-18 22:44:56 INFO  main [WavefrontOBJ] Done with "Mesh018.obj" (took 4 ms)
2025-05-18 22:44:56 INFO  main [WavefrontOBJ] Loading geometry from "Mesh007.obj" ..
2025-05-18 22:44:56 INFO  main [WavefrontOBJ] Mesh007: 4352 triangles, 2178 vertices (merged 10878 vertices).
2025-05-18 22:44:56 INFO  main [WavefrontOBJ] Done with "Mesh007.obj" (took 10 ms)
2025-05-18 22:44:56 INFO  main [WavefrontOBJ] Loading geometry from "Mesh005.obj" ..
2025-05-18 22:44:56 INFO  main [WavefrontOBJ] Mesh005: 160 triangles, 144 vertices (merged 336 vertices).
2025-05-18 22:44:56 INFO  main [WavefrontOBJ] Done with "Mesh005.obj" (took 0 ms)
2025-05-18 22:44:56 INFO  main [WavefrontOBJ] Loading geometry from "Mesh019.obj" ..
2025-05-18 22:44:56 INFO  main [WavefrontOBJ] Mesh019: 560 triangles, 400 vertices (merged 1280 vertices).
2025-05-18 22:44:56 INFO  main [WavefrontOBJ] Done with "Mesh019.obj" (took 1 ms)
2025-05-18 22:44:56 INFO  main [WavefrontOBJ] Loading geometry from "Mesh021.obj" ..
2025-05-18 22:44:56 INFO  main [WavefrontOBJ] Mesh021: 720 triangles, 482 vertices (merged 1678 vertices).
2025-05-18 22:44:56 INFO  main [WavefrontOBJ] Done with "Mesh021.obj" (took 1 ms)
2025-05-18 22:44:56 INFO  main [WavefrontOBJ] Loading geometry from "Mesh037.obj" ..
2025-05-18 22:44:56 INFO  main [WavefrontOBJ] Mesh037: 7624 triangles, 4070 vertices (merged 18802 vertices).
2025-05-18 22:44:56 INFO  main [WavefrontOBJ] Done with "Mesh037.obj" (took 18 ms)
2025-05-18 22:44:56 INFO  main [WavefrontOBJ] Loading geometry from "Mesh004.obj" ..
2025-05-18 22:44:56 INFO  main [WavefrontOBJ] Mesh004: 2016 triangles, 1260 vertices (merged 4788 vertices).
2025-05-18 22:44:56 INFO  main [WavefrontOBJ] Done with "Mesh004.obj" (took 4 ms)
2025-05-18 22:44:56 INFO  main [WavefrontOBJ] Loading geometry from "Mesh014.obj" ..
2025-05-18 22:44:56 INFO  main [WavefrontOBJ] Mesh014: 160 triangles, 144 vertices (merged 336 vertices).
2025-05-18 22:44:56 INFO  main [WavefrontOBJ] Done with "Mesh014.obj" (took 0 ms)
2025-05-18 22:44:56 INFO  main [WavefrontOBJ] Loading geometry from "Mesh012.obj" ..
2025-05-18 22:44:56 INFO  main [WavefrontOBJ] Mesh012: 560 triangles, 400 vertices (merged 1280 vertices).
2025-05-18 22:44:56 INFO  main [WavefrontOBJ] Done with "Mesh012.obj" (took 2 ms)
2025-05-18 22:44:56 INFO  main [WavefrontOBJ] Loading geometry from "Mesh028.obj" ..
2025-05-18 22:44:56 INFO  main [WavefrontOBJ] Mesh028: 720 triangles, 482 vertices (merged 1678 vertices).
2025-05-18 22:44:56 INFO  main [WavefrontOBJ] Done with "Mesh028.obj" (took 1 ms)
2025-05-18 22:44:56 INFO  main [WavefrontOBJ] Loading geometry from "Mesh025.obj" ..
2025-05-18 22:44:56 INFO  main [WavefrontOBJ] Mesh025: 4352 triangles, 2178 vertices (merged 10878 vertices).
2025-05-18 22:44:56 INFO  main [WavefrontOBJ] Done with "Mesh025.obj" (took 9 ms)
2025-05-18 22:44:56 INFO  main [WavefrontOBJ] Loading geometry from "Mesh008.obj" ..
2025-05-18 22:44:56 INFO  main [WavefrontOBJ] Mesh008: 6320 triangles, 3270 vertices (merged 15690 vertices).
2025-05-18 22:44:56 INFO  main [WavefrontOBJ] Done with "Mesh008.obj" (took 13 ms)
2025-05-18 22:44:56 INFO  main [WavefrontOBJ] Loading geometry from "Mesh032.obj" ..
2025-05-18 22:44:56 INFO  main [WavefrontOBJ] Mesh032: 13248 triangles, 6686 vertices (merged 33058 vertices).
2025-05-18 22:44:56 INFO  main [WavefrontOBJ] Done with "Mesh032.obj" (took 29 ms)
2025-05-18 22:44:56 INFO  main [WavefrontOBJ] Loading geometry from "Mesh035.obj" ..
2025-05-18 22:44:56 INFO  main [WavefrontOBJ] Mesh035: 14480 triangles, 7404 vertices (merged 36036 vertices).
2025-05-18 22:44:56 INFO  main [WavefrontOBJ] Done with "Mesh035.obj" (took 33 ms)
2025-05-18 22:44:56 INFO  main [WavefrontOBJ] Loading geometry from "Mesh042.obj" ..
2025-05-18 22:44:56 INFO  main [WavefrontOBJ] Mesh042: 2320 triangles, 1492 vertices (merged 5468 vertices).
2025-05-18 22:44:56 INFO  main [WavefrontOBJ] Done with "Mesh042.obj" (took 5 ms)
2025-05-18 22:44:56 INFO  main [WavefrontOBJ] Loading geometry from "Mesh010.obj" ..
2025-05-18 22:44:57 INFO  main [WavefrontOBJ] Mesh010: 13248 triangles, 6686 vertices (merged 33058 vertices).
2025-05-18 22:44:57 INFO  main [WavefrontOBJ] Done with "Mesh010.obj" (took 29 ms)
2025-05-18 22:44:57 INFO  main [WavefrontOBJ] Loading geometry from "Mesh036.obj" ..
2025-05-18 22:44:57 INFO  main [WavefrontOBJ] Mesh036: 14480 triangles, 7404 vertices (merged 36036 vertices).
2025-05-18 22:44:57 INFO  main [WavefrontOBJ] Done with "Mesh036.obj" (took 34 ms)
2025-05-18 22:44:57 INFO  main [WavefrontOBJ] Loading geometry from "Mesh027.obj" ..
2025-05-18 22:44:57 INFO  main [WavefrontOBJ] Mesh027: 2320 triangles, 1492 vertices (merged 5468 vertices).
2025-05-18 22:44:57 INFO  main [WavefrontOBJ] Done with "Mesh027.obj" (took 5 ms)
2025-05-18 22:44:57 INFO  main [WavefrontOBJ] Loading geometry from "Mesh043.obj" ..
2025-05-18 22:44:57 INFO  main [WavefrontOBJ] Mesh043: 13248 triangles, 6686 vertices (merged 33058 vertices).
2025-05-18 22:44:57 INFO  main [WavefrontOBJ] Done with "Mesh043.obj" (took 28 ms)
2025-05-18 22:44:57 INFO  main [WavefrontOBJ] Loading geometry from "Mesh044.obj" ..
2025-05-18 22:44:57 INFO  main [WavefrontOBJ] Mesh044: 14480 triangles, 7404 vertices (merged 36036 vertices).
2025-05-18 22:44:57 INFO  main [WavefrontOBJ] Done with "Mesh044.obj" (took 30 ms)
2025-05-18 22:44:57 INFO  main [WavefrontOBJ] Loading geometry from "Mesh031.obj" ..
2025-05-18 22:44:57 INFO  main [WavefrontOBJ] Mesh031: 2320 triangles, 1492 vertices (merged 5468 vertices).
2025-05-18 22:44:57 INFO  main [WavefrontOBJ] Done with "Mesh031.obj" (took 5 ms)
2025-05-18 22:44:57 INFO  main [WavefrontOBJ] Loading geometry from "Mesh022.obj" ..
2025-05-18 22:44:57 INFO  main [WavefrontOBJ] Mesh022: 13248 triangles, 6686 vertices (merged 33058 vertices).
2025-05-18 22:44:57 INFO  main [WavefrontOBJ] Done with "Mesh022.obj" (took 29 ms)
2025-05-18 22:44:57 INFO  main [WavefrontOBJ] Loading geometry from "Mesh038.obj" ..
2025-05-18 22:44:57 INFO  main [WavefrontOBJ] Mesh038: 14480 triangles, 7404 vertices (merged 36036 vertices).
2025-05-18 22:44:57 INFO  main [WavefrontOBJ] Done with "Mesh038.obj" (took 33 ms)
2025-05-18 22:44:57 INFO  main [WavefrontOBJ] Loading geometry from "Mesh030.obj" ..
2025-05-18 22:44:57 INFO  main [WavefrontOBJ] Mesh030: 2320 triangles, 1492 vertices (merged 5468 vertices).
2025-05-18 22:44:57 INFO  main [WavefrontOBJ] Done with "Mesh030.obj" (took 5 ms)
2025-05-18 22:44:57 INFO  main [WavefrontOBJ] Loading geometry from "Mesh046.obj" ..
2025-05-18 22:44:57 INFO  main [WavefrontOBJ] Mesh046: 13248 triangles, 6686 vertices (merged 33058 vertices).
2025-05-18 22:44:57 INFO  main [WavefrontOBJ] Done with "Mesh046.obj" (took 32 ms)
2025-05-18 22:44:57 INFO  main [WavefrontOBJ] Loading geometry from "Mesh047.obj" ..
2025-05-18 22:44:57 INFO  main [WavefrontOBJ] Mesh047: 14480 triangles, 7404 vertices (merged 36036 vertices).
2025-05-18 22:44:57 INFO  main [WavefrontOBJ] Done with "Mesh047.obj" (took 31 ms)
2025-05-18 22:44:57 INFO  main [WavefrontOBJ] Loading geometry from "Mesh034.obj" ..
2025-05-18 22:44:57 INFO  main [WavefrontOBJ] Mesh034: 2320 triangles, 1492 vertices (merged 5468 vertices).
2025-05-18 22:44:57 INFO  main [WavefrontOBJ] Done with "Mesh034.obj" (took 5 ms)
2025-05-18 22:44:57 INFO  main [WavefrontOBJ] Loading geometry from "Mesh033.obj" ..
2025-05-18 22:44:57 INFO  main [WavefrontOBJ] Mesh033: 44 triangles, 96 vertices (merged 36 vertices).
2025-05-18 22:44:57 INFO  main [WavefrontOBJ] Done with "Mesh033.obj" (took 0 ms)
2025-05-18 22:44:57 INFO  main [WavefrontOBJ] Loading geometry from "Mesh006.obj" ..
2025-05-18 22:44:57 INFO  main [WavefrontOBJ] Mesh006: 4 triangles, 6 vertices (merged 6 vertices).
2025-05-18 22:44:57 INFO  main [WavefrontOBJ] Done with "Mesh006.obj" (took 0 ms)
2025-05-18 22:44:57 INFO  main [WavefrontOBJ] Loading geometry from "Mesh048.obj" ..
2025-05-18 22:44:57 INFO  main [WavefrontOBJ] Mesh048: 30 triangles, 38 vertices (merged 52 vertices).
2025-05-18 22:44:57 INFO  main [WavefrontOBJ] Done with "Mesh048.obj" (took 0 ms)
2025-05-18 22:44:57 INFO  main [WavefrontOBJ] Loading geometry from "Mesh049.obj" ..
2025-05-18 22:44:57 INFO  main [WavefrontOBJ] Mesh049: 13248 triangles, 6686 vertices (merged 33058 vertices).
2025-05-18 22:44:57 INFO  main [WavefrontOBJ] Done with "Mesh049.obj" (took 29 ms)
2025-05-18 22:44:57 INFO  main [WavefrontOBJ] Loading geometry from "Mesh051.obj" ..
2025-05-18 22:44:57 INFO  main [WavefrontOBJ] Mesh051: 14480 triangles, 7404 vertices (merged 36036 vertices).
2025-05-18 22:44:57 INFO  main [WavefrontOBJ] Done with "Mesh051.obj" (took 34 ms)
2025-05-18 22:44:57 INFO  main [WavefrontOBJ] Loading geometry from "Mesh040.obj" ..
2025-05-18 22:44:57 INFO  main [WavefrontOBJ] Mesh040: 2320 triangles, 1492 vertices (merged 5468 vertices).
2025-05-18 22:44:57 INFO  main [WavefrontOBJ] Done with "Mesh040.obj" (took 6 ms)
2025-05-18 22:44:57 INFO  main [WavefrontOBJ] Loading geometry from "Mesh003.obj" ..
2025-05-18 22:44:57 INFO  main [WavefrontOBJ] Mesh003: 18176 triangles, 9150 vertices (merged 45378 vertices).
2025-05-18 22:44:57 INFO  main [WavefrontOBJ] Done with "Mesh003.obj" (took 53 ms)
2025-05-18 22:44:57 INFO  main [WavefrontOBJ] Loading geometry from "Mesh002.obj" ..
2025-05-18 22:44:57 INFO  main [WavefrontOBJ] Mesh002: 7624 triangles, 4070 vertices (merged 18802 vertices).
2025-05-18 22:44:57 INFO  main [WavefrontOBJ] Done with "Mesh002.obj" (took 22 ms)
2025-05-18 22:44:57 INFO  main [WavefrontOBJ] Loading geometry from "Mesh009.obj" ..
2025-05-18 22:44:57 INFO  main [WavefrontOBJ] Mesh009: 2016 triangles, 1260 vertices (merged 4788 vertices).
2025-05-18 22:44:57 INFO  main [WavefrontOBJ] Done with "Mesh009.obj" (took 4 ms)
2025-05-18 22:44:57 INFO  main [WavefrontOBJ] Loading geometry from "Mesh045.obj" ..
2025-05-18 22:44:57 INFO  main [WavefrontOBJ] Mesh045: 4352 triangles, 2178 vertices (merged 10878 vertices).
2025-05-18 22:44:57 INFO  main [WavefrontOBJ] Done with "Mesh045.obj" (took 9 ms)
2025-05-18 22:44:57 INFO  main [WavefrontOBJ] Loading geometry from "Mesh029.obj" ..
2025-05-18 22:44:57 INFO  main [WavefrontOBJ] Mesh029: 160 triangles, 144 vertices (merged 336 vertices).
2025-05-18 22:44:57 INFO  main [WavefrontOBJ] Done with "Mesh029.obj" (took 0 ms)
2025-05-18 22:44:57 INFO  main [WavefrontOBJ] Loading geometry from "Mesh039.obj" ..
2025-05-18 22:44:57 INFO  main [WavefrontOBJ] Mesh039: 560 triangles, 400 vertices (merged 1280 vertices).
2025-05-18 22:44:57 INFO  main [WavefrontOBJ] Done with "Mesh039.obj" (took 2 ms)
2025-05-18 22:44:57 INFO  main [WavefrontOBJ] Loading geometry from "Mesh050.obj" ..
2025-05-18 22:44:57 INFO  main [WavefrontOBJ] Mesh050: 720 triangles, 482 vertices (merged 1678 vertices).
2025-05-18 22:44:57 INFO  main [WavefrontOBJ] Done with "Mesh050.obj" (took 2 ms)
2025-05-18 22:44:57 INFO  main [WavefrontOBJ] Loading geometry from "Mesh001.obj" ..
2025-05-18 22:44:57 INFO  main [WavefrontOBJ] Mesh001: 170 triangles, 340 vertices (merged 170 vertices).
2025-05-18 22:44:57 INFO  main [WavefrontOBJ] Done with "Mesh001.obj" (took 1 ms)
2025-05-18 22:44:57 INFO  main [WavefrontOBJ] Loading geometry from "Mesh000.obj" ..
2025-05-18 22:44:57 INFO  main [WavefrontOBJ] Mesh000: 22 triangles, 44 vertices (merged 22 vertices).
2025-05-18 22:44:57 INFO  main [WavefrontOBJ] Done with "Mesh000.obj" (took 0 ms)
2025-05-18 22:44:57 INFO  main [PluginManager] Loading plugin "plugins/rectangle.so" ..
2025-05-18 22:44:57 INFO  ren0 [KDTreeBase] Constructing a SAH kd-tree (321251 primitives) ..
2025-05-18 22:44:58 INFO  ren0 [KDTreeBase] Finished -- took 717 ms.
2025-05-18 22:44:58 INFO  ren0 [octree.h:535] root weight: 8.000e-20 (0.000000)
2025-05-18 22:44:58 INFO  ren0 [octree.h:536] splitting threshold: 8.000e-23 (0.000000)
2025-05-18 22:44:58 INFO  ren0 [octree.h:551] node count: 1 -> 585 -> 585

2025-05-18 22:44:58 INFO  ren0 [octree.h:535] root weight: 4.096e-17 (0.000000)
2025-05-18 22:44:58 INFO  ren0 [octree.h:536] splitting threshold: 4.096e-20 (0.000000)
2025-05-18 22:44:58 INFO  ren0 [octree.h:551] node count: 585 -> 585 -> 585

2025-05-18 22:44:58 INFO  ren0 [octree.h:535] root weight: 8.000e-20 (0.000000)
2025-05-18 22:44:58 INFO  ren0 [octree.h:536] splitting threshold: 8.000e-23 (0.000000)
2025-05-18 22:44:58 INFO  ren0 [octree.h:551] node count: 1 -> 585 -> 585

2025-05-18 22:44:58 INFO  ren0 [octree.h:535] root weight: 8.000e-20 (0.000000)
2025-05-18 22:44:58 INFO  ren0 [octree.h:536] splitting threshold: 8.000e-23 (0.000000)
2025-05-18 22:44:58 INFO  ren0 [octree.h:551] node count: 1 -> 585 -> 585

2025-05-18 22:44:58 INFO  ren0 [octree.h:535] root weight: 4.096e-17 (0.000000)
2025-05-18 22:44:58 INFO  ren0 [octree.h:536] splitting threshold: 4.096e-20 (0.000000)
2025-05-18 22:44:58 INFO  ren0 [octree.h:551] node count: 585 -> 585 -> 585

2025-05-18 22:44:58 INFO  ren0 [octree.h:535] root weight: 8.000e-20 (0.000000)
2025-05-18 22:44:58 INFO  ren0 [octree.h:536] splitting threshold: 8.000e-23 (0.000000)
2025-05-18 22:44:58 INFO  ren0 [octree.h:551] node count: 1 -> 585 -> 585

2025-05-18 22:44:58 INFO  ren0 [MIFocalGuidingPathTracer] AABB3[min=[-6.3658, -1.5274, -4.73046], max=[5.27597, 8.04131, 10.0598]]
2025-05-18 22:44:58 INFO  ren0 [MIFocalGuidingPathTracer] Starting render job (1280x720, 12 cores, SSE2 enabled) ..
2025-05-18 22:44:58 INFO  ren0 [MIFocalGuidingPathTracer] ITERATION 0, until 10.0 seconds
2025-05-18 22:45:09 INFO  ren0 [MIFocalGuidingPathTracer]   11.08 seconds elapsed, passes this iteration: 4, total passes: 4
2025-05-18 22:45:09 INFO  ren0 [MIFocalGuidingPathTracer] Got 1366351 non-zero samples
2025-05-18 22:45:09 INFO  ren0 [gaussian_mixture_model.h:808] Processing mega batch of size 1366351
2025-05-18 22:45:09 INFO  ren0 [gaussian_mixture_model.h:547] KMeans
2025-05-18 22:45:10 INFO  ren0 [MIFocalGuidingPathTracer] GMM[
weight = 0.00675293 mean = [-1.45609 7.30188 6.39565] covariance = [[0.00931204 -0.00207166 0.00567736][-0.00207166 0.000480708 -0.00126699][0.00567736 -0.00126699 0.00348754]]
weight = 0.00675293 mean = [-1.31971 7.27147 6.47896] covariance = [[0.00931204 -0.00207166 0.00567736][-0.00207166 0.000480708 -0.00126699][0.00567736 -0.00126699 0.00348754]]
weight = 0.0389865 mean = [2.90153 6.33021 9.05797] covariance = [[1.91658 -0.427347 1.17094][-0.427347 0.0952984 -0.261096][1.17094 -0.261096 0.715416]]
weight = 0.0139251 mean = [-5.74544 2.84395 -3.16957] covariance = [[0.750741 0.324292 -0.291507][0.324292 5.42524 1.03426][-0.291507 1.03426 0.623403]]
weight = 0.035141 mean = [4.52312 7.55634 7.80996] covariance = [[0.00588461 0.0394093 0.0422259][0.0394093 0.678756 0.0041665][0.0422259 0.0041665 2.31502]]
weight = 0.228681 mean = [2.34118 3.95481 -3.46575] covariance = [[12.4363 0.923046 -4.11773][0.923046 1.38288 0.107247][-4.11773 0.107247 1.81474]]
weight = 0.0255349 mean = [3.93048 1.14883 6.39031] covariance = [[0.874109 0.279589 1.15914][0.279589 1.58149 2.79437][1.15914 2.79437 6.25728]]
weight = 0.152458 mean = [-2.28131 3.53478 3.99942] covariance = [[9.18851 -0.454418 -5.02064][-0.454418 4.34494 -0.0954474][-5.02064 -0.0954474 12.325]]
weight = 0.491768 mean = [3.28394 2.15974 0.445696] covariance = [[0.988318 3.16479 2.90311][3.16479 15.194 11.7162][2.90311 11.7162 12.0028]]
]
2025-05-18 22:45:10 INFO  ren0 [octree.h:535] root weight: 3.165e+04 (31651.679688)
2025-05-18 22:45:10 INFO  ren0 [octree.h:536] splitting threshold: 3.165e+01 (31.651682)
2025-05-18 22:45:10 INFO  ren0 [octree.h:535] root weight: 4.530e+03 (4530.418945)
2025-05-18 22:45:10 INFO  ren0 [octree.h:536] splitting threshold: 4.530e+00 (4.530419)
2025-05-18 22:45:10 INFO  ren0 [octree.h:551] node count: 585 -> 931 -> 620

2025-05-18 22:45:10 INFO  ren0 [octree.h:551] node count: 585 -> 622 -> 480

2025-05-18 22:45:10 INFO  ren0 [MIFocalGuidingPathTracer] ITERATION 1, until 20.0 seconds
2025-05-18 22:45:32 INFO  ren0 [MIFocalGuidingPathTracer]   33.83 seconds elapsed, passes this iteration: 1, total passes: 5
2025-05-18 22:45:32 INFO  ren0 [MIFocalGuidingPathTracer] Got 91577 non-zero samples
2025-05-18 22:45:32 INFO  ren0 [gaussian_mixture_model.h:808] Processing mega batch of size 91577
2025-05-18 22:45:32 INFO  ren0 [MIFocalGuidingPathTracer] GMM[
weight = 0.00393276 mean = [-1.38786 7.28668 6.43732] covariance = [[0.0185934 -0.00414244 0.0113538][-0.00414244 0.000931537 -0.00253323][0.0113538 -0.00253323 0.00694452]]
weight = 0.011349 mean = [2.90175 6.33016 9.0581] covariance = [[1.91649 -0.427325 1.17088][-0.427325 0.0952949 -0.261081][1.17088 -0.261081 0.71538]]
weight = 0.110659 mean = [-5.58765 3.24806 -2.98203] covariance = [[0.766423 0.403536 -0.483334][0.403536 3.39443 0.284245][-0.483334 0.284245 0.816694]]
weight = 0.0105245 mean = [4.52108 7.52555 7.80307] covariance = [[0.00612133 0.0405405 0.0422762][0.0405405 0.729792 -0.0144888][0.0422762 -0.0144888 2.33927]]
weight = 0.0244118 mean = [3.63666 0.809276 5.51226] covariance = [[1.2128 0.0768096 1.01366][0.0768096 1.69776 2.87727][1.01366 2.87727 6.40018]]
weight = 0.65427 mean = [-1.21171 3.39404 -0.0657677] covariance = [[10.7543 -0.170542 -5.00633][-0.170542 4.64437 -0.362684][-5.00633 -0.362684 16.7835]]
weight = 0.184853 mean = [3.2961 2.29562 0.463585] covariance = [[0.97223 2.61434 2.48858][2.61434 13.2434 9.95576][2.48858 9.95576 11.4834]]
]
2025-05-18 22:45:32 INFO  ren0 [octree.h:535] root weight: 1.698e+04 (16977.816406)
2025-05-18 22:45:32 INFO  ren0 [octree.h:536] splitting threshold: 1.698e+01 (16.977818)
2025-05-18 22:45:32 INFO  ren0 [octree.h:535] root weight: 2.673e+03 (2673.355713)
2025-05-18 22:45:32 INFO  ren0 [octree.h:536] splitting threshold: 2.673e+00 (2.673356)
2025-05-18 22:45:32 INFO  ren0 [octree.h:551] node count: 620 -> 643 -> 618

2025-05-18 22:45:32 INFO  ren0 [octree.h:551] node count: 480 -> 488 -> 479

2025-05-18 22:45:32 INFO  ren0 [MIFocalGuidingPathTracer] ITERATION 2, until 30.0 seconds
2025-05-18 22:45:52 INFO  ren0 [MIFocalGuidingPathTracer]   54.33 seconds elapsed, passes this iteration: 1, total passes: 6
2025-05-18 22:45:52 INFO  ren0 [MIFocalGuidingPathTracer] Got 135799 non-zero samples
2025-05-18 22:45:52 INFO  ren0 [gaussian_mixture_model.h:808] Processing mega batch of size 135799
2025-05-18 22:45:52 INFO  ren0 [MIFocalGuidingPathTracer] GMM[
weight = 0.000117913 mean = [2.40667 6.45108 8.7655] covariance = [[0.000778297 -0.000177349 0.00045888][-0.000177349 6.26976e-05 -0.000106143][0.00045888 -0.000106143 0.000298895]]
weight = 0.0248986 mean = [-1.38786 7.28668 6.43732] covariance = [[0.0185934 -0.00414244 0.0113538][-0.00414244 0.000931537 -0.00253323][0.0113538 -0.00253323 0.00694452]]
weight = 0.00460366 mean = [2.8893 6.3332 9.05073] covariance = [[1.87592 -0.418411 1.14597][-0.418411 0.093341 -0.255603][1.14597 -0.255603 0.700092]]
weight = 0.221298 mean = [-5.65984 2.88808 -3.35827] covariance = [[0.554799 0.21345 -0.180796][0.21345 1.91569 0.0952282][-0.180796 0.0952282 0.878196]]
weight = 0.00443836 mean = [4.51701 7.44852 7.75409] covariance = [[0.00650988 0.0439678 0.0455482][0.0439678 0.839565 -0.00497954][0.0455482 -0.00497954 2.4379]]
weight = 0.0410874 mean = [3.95416 0.484653 6.25284] covariance = [[1.1599 -0.234277 1.1769][-0.234277 1.1139 1.16565][1.1769 1.16565 6.53716]]
weight = 0.000117913 mean = [2.36755 6.46022 8.74181] covariance = [[0.000778297 -0.000177349 0.00045888][-0.000177349 6.26976e-05 -0.000106143][0.00045888 -0.000106143 0.000298895]]
weight = 0.703438 mean = [-0.270985 2.92628 0.721315] covariance = [[12.2691 -0.699781 -0.327095][-0.699781 7.09409 2.00278][-0.327095 2.00278 17.6901]]
]
2025-05-18 22:45:52 INFO  ren0 [octree.h:535] root weight: 9.307e+03 (9307.187500)
2025-05-18 22:45:52 INFO  ren0 [octree.h:536] splitting threshold: 9.307e+00 (9.307188)
2025-05-18 22:45:52 INFO  ren0 [octree.h:535] root weight: 1.629e+03 (1629.230713)
2025-05-18 22:45:52 INFO  ren0 [octree.h:536] splitting threshold: 1.629e+00 (1.629231)
2025-05-18 22:45:52 INFO  ren0 [octree.h:551] node count: 618 -> 628 -> 610

2025-05-18 22:45:52 INFO  ren0 [octree.h:551] node count: 479 -> 489 -> 487

2025-05-18 22:45:52 INFO  ren0 [MIFocalGuidingPathTracer] ITERATION 3, until 40.0 seconds
2025-05-18 22:46:17 INFO  ren0 [MIFocalGuidingPathTracer]   79.04 seconds elapsed, passes this iteration: 1, total passes: 7
2025-05-18 22:46:17 INFO  ren0 [MIFocalGuidingPathTracer] Got 131669 non-zero samples
2025-05-18 22:46:17 INFO  ren0 [gaussian_mixture_model.h:808] Processing mega batch of size 131669
2025-05-18 22:46:17 INFO  ren0 [MIFocalGuidingPathTracer] GMM[
weight = 0.000718133 mean = [-1.3878 7.28666 6.43736] covariance = [[0.0186023 -0.00414456 0.0113593][-0.00414456 0.00093304 -0.00253347][0.0113593 -0.00253347 0.00694898]]
weight = 0.130072 mean = [-4.9698 2.97386 -3.78092] covariance = [[1.02521 -0.179702 -0.523673][-0.179702 1.42389 0.391559][-0.523673 0.391559 1.21945]]
weight = 0.00772757 mean = [4.57069 7.45121 8.30675] covariance = [[0.0152763 0.00398381 -0.00402115][0.00398381 0.260536 -0.0270981][-0.00402115 -0.0270981 0.171508]]
weight = 0.000133517 mean = [2.88294 6.33458 9.0468] covariance = [[1.89317 -0.422214 1.15658][-0.422214 0.0941878 -0.257945][1.15658 -0.257945 0.706622]]
weight = 0.0471585 mean = [3.9105 1.15087 8.0855] covariance = [[0.845865 -0.0848203 -0.144294][-0.0848203 0.855565 0.762131][-0.144294 0.762131 4.60892]]
weight = 0.000171077 mean = [2.37971 6.45738 8.74918] covariance = [[0.00111623 -0.000253914 0.000657464][-0.000253914 9.05739e-05 -0.000152508][0.000657464 -0.000152508 0.00042915]]
weight = 0.814019 mean = [-0.903214 3.66226 1.50747] covariance = [[10.8068 1.76728 1.98319][1.76728 6.30169 -0.42947][1.98319 -0.42947 22.8734]]
]
2025-05-18 22:46:17 INFO  ren0 [octree.h:535] root weight: 6.235e+03 (6235.458984)
2025-05-18 22:46:17 INFO  ren0 [octree.h:536] splitting threshold: 6.235e+00 (6.235459)
2025-05-18 22:46:17 INFO  ren0 [octree.h:535] root weight: 1.241e+03 (1240.753784)
2025-05-18 22:46:17 INFO  ren0 [octree.h:536] splitting threshold: 1.241e+00 (1.240754)
2025-05-18 22:46:17 INFO  ren0 [octree.h:551] node count: 610 -> 680 -> 559

2025-05-18 22:46:17 INFO  ren0 [octree.h:551] node count: 487 -> 513 -> 507

2025-05-18 22:46:17 INFO  ren0 [MIFocalGuidingPathTracer] ITERATION 4, until 50.0 seconds
2025-05-18 22:46:41 INFO  ren0 [MIFocalGuidingPathTracer]   103.78 seconds elapsed, passes this iteration: 1, total passes: 8
2025-05-18 22:46:41 INFO  ren0 [MIFocalGuidingPathTracer] Got 171624 non-zero samples
2025-05-18 22:46:41 INFO  ren0 [gaussian_mixture_model.h:808] Processing mega batch of size 171624
2025-05-18 22:46:42 INFO  ren0 [MIFocalGuidingPathTracer] GMM[
weight = 0.0267911 mean = [-3.68088 2.44559 -4.17837] covariance = [[1.01 -0.233171 -0.18531][-0.233171 0.984415 0.0112537][-0.18531 0.0112537 0.356128]]
weight = 0.0267911 mean = [-2.91383 3.39814 -4.47913] covariance = [[1.01 -0.233171 -0.18531][-0.233171 0.984415 0.0112537][-0.18531 0.0112537 0.356128]]
weight = 0.000556441 mean = [-1.3878 7.28666 6.43736] covariance = [[0.0186023 -0.00414456 0.0113593][-0.00414456 0.00093304 -0.00253347][0.0113593 -0.00253347 0.00694898]]
weight = 0.00388831 mean = [3.36883 0.694671 8.84483] covariance = [[0.746108 0.0681176 0.032489][0.0681176 0.980832 0.120081][0.032489 0.120081 0.818037]]
weight = 0.022541 mean = [-5.18809 2.26138 -2.99143] covariance = [[1.0527 -0.0422098 -0.419681][-0.0422098 1.35543 0.26001][-0.419681 0.26001 1.35139]]
weight = 0.00388831 mean = [3.50738 1.23444 7.74989] covariance = [[0.746108 0.0681176 0.032489][0.0681176 0.980832 0.120081][0.032489 0.120081 0.818037]]
weight = 0.022541 mean = [-4.47935 3.5943 -3.44832] covariance = [[1.0527 -0.0422098 -0.419681][-0.0422098 1.35543 0.26001][-0.419681 0.26001 1.35139]]
weight = 0.000171019 mean = [2.37971 6.45738 8.74918] covariance = [[0.00111623 -0.000253914 0.000657464][-0.000253914 9.05739e-05 -0.000152508][0.000657464 -0.000152508 0.00042915]]
weight = 0.892832 mean = [-0.831806 2.77223 0.51253] covariance = [[10.0732 0.71327 0.850465][0.71327 5.71132 -1.26057][0.850465 -1.26057 19.4332]]
]
2025-05-18 22:46:42 INFO  ren0 [octree.h:535] root weight: 4.856e+03 (4855.509277)
2025-05-18 22:46:42 INFO  ren0 [octree.h:536] splitting threshold: 4.856e+00 (4.855509)
2025-05-18 22:46:42 INFO  ren0 [octree.h:535] root weight: 1.165e+03 (1164.662842)
2025-05-18 22:46:42 INFO  ren0 [octree.h:536] splitting threshold: 1.165e+00 (1.164663)
2025-05-18 22:46:42 INFO  ren0 [octree.h:551] node count: 559 -> 651 -> 500

2025-05-18 22:46:42 INFO  ren0 [octree.h:551] node count: 507 -> 552 -> 531

2025-05-18 22:46:42 INFO  ren0 [MIFocalGuidingPathTracer] ITERATION 5, until 60.0 seconds
2025-05-18 22:47:10 INFO  ren0 [MIFocalGuidingPathTracer]   132.55 seconds elapsed, passes this iteration: 1, total passes: 9
2025-05-18 22:47:10 INFO  ren0 [MIFocalGuidingPathTracer] Got 163267 non-zero samples
2025-05-18 22:47:10 INFO  ren0 [gaussian_mixture_model.h:808] Processing mega batch of size 163267
2025-05-18 22:47:10 INFO  ren0 [MIFocalGuidingPathTracer] GMM[
weight = 0.000817344 mean = [-1.3878 7.28666 6.43736] covariance = [[0.0186023 -0.00414456 0.0113593][-0.00414456 0.00093304 -0.00253347][0.0113593 -0.00253347 0.00694898]]
weight = 0.0185602 mean = [-4.15154 2.24263 -4.41844] covariance = [[0.444816 -0.0190354 -0.00586906][-0.0190354 0.475052 -0.0114324][-0.00586906 -0.0114324 0.190039]]
weight = 0.00214516 mean = [3.42208 0.322184 8.74746] covariance = [[1.33605 -0.0491872 0.124749][-0.0491872 1.24923 -0.0107919][0.124749 -0.0107919 0.958497]]
weight = 0.00214516 mean = [3.91779 1.80173 8.91548] covariance = [[1.33605 -0.0491872 0.124749][-0.0491872 1.24923 -0.0107919][0.124749 -0.0107919 0.958497]]
weight = 0.0361813 mean = [-4.76868 2.65974 -3.26758] covariance = [[1.42063 0.378098 -0.330798][0.378098 1.86986 0.352633][-0.330798 0.352633 1.40136]]
weight = 0.0970653 mean = [-2.90738 2.88524 -4.52128] covariance = [[0.375486 0.0112613 -0.00177649][0.0112613 0.319556 0.00132893][-0.00177649 0.00132893 0.0942389]]
weight = 0.00017096 mean = [2.37971 6.45738 8.74918] covariance = [[0.00111623 -0.000253914 0.000657464][-0.000253914 9.05739e-05 -0.000152508][0.000657464 -0.000152508 0.00042915]]
weight = 0.842915 mean = [-0.518687 3.11364 -0.567909] covariance = [[8.78379 -0.968743 -2.19696][-0.968743 4.35562 0.679396][-2.19696 0.679396 15.6359]]
]
2025-05-18 22:47:10 INFO  ren0 [octree.h:535] root weight: 3.297e+03 (3297.451904)
2025-05-18 22:47:10 INFO  ren0 [octree.h:536] splitting threshold: 3.297e+00 (3.297452)
2025-05-18 22:47:10 INFO  ren0 [octree.h:535] root weight: 1.011e+03 (1010.542786)
2025-05-18 22:47:10 INFO  ren0 [octree.h:536] splitting threshold: 1.011e+00 (1.010543)
2025-05-18 22:47:10 INFO  ren0 [octree.h:551] node count: 500 -> 553 -> 473

2025-05-18 22:47:10 INFO  ren0 [octree.h:551] node count: 531 -> 562 -> 543

2025-05-18 22:47:10 INFO  ren0 [MIFocalGuidingPathTracer] ITERATION 6, until 70.0 seconds
2025-05-18 22:47:34 INFO  ren0 [MIFocalGuidingPathTracer]   156.69 seconds elapsed, passes this iteration: 1, total passes: 10
2025-05-18 22:47:34 INFO  ren0 [MIFocalGuidingPathTracer] Got 170340 non-zero samples
2025-05-18 22:47:34 INFO  ren0 [gaussian_mixture_model.h:808] Processing mega batch of size 170340
2025-05-18 22:47:34 INFO  ren0 [MIFocalGuidingPathTracer] GMM[
weight = 0.00277231 mean = [-3.80537 2.78067 -4.01496] covariance = [[0.484224 -0.0487858 0.0457527][-0.0487858 0.409231 -0.0234247][0.0457527 -0.0234247 0.12264]]
weight = 0.000641607 mean = [-1.3878 7.28666 6.43736] covariance = [[0.0186023 -0.00414456 0.0113593][-0.00414456 0.00093304 -0.00253347][0.0113593 -0.00253347 0.00694898]]
weight = 0.00924355 mean = [-4.07867 2.04914 -4.0416] covariance = [[0.795826 -0.178772 0.0899984][-0.178772 0.819925 -0.105838][0.0899984 -0.105838 0.211074]]
weight = 0.00587743 mean = [3.28123 -0.309589 8.69407] covariance = [[1.70197 -0.144414 0.0223293][-0.144414 1.12415 0.379532][0.0223293 0.379532 0.781538]]
weight = 0.0066874 mean = [3.66686 1.87857 9.5431] covariance = [[0.774252 -0.0904139 -0.0211211][-0.0904139 1.39563 0.245217][-0.0211211 0.245217 0.456866]]
weight = 0.00277231 mean = [-4.70769 3.2261 -4.14677] covariance = [[0.484224 -0.0487858 0.0457527][-0.0487858 0.409231 -0.0234247][0.0457527 -0.0234247 0.12264]]
weight = 0.0862538 mean = [-3.02407 3.08686 -4.54121] covariance = [[0.26572 -0.168186 -0.00328318][-0.168186 0.423853 -0.00322962][-0.00328318 -0.00322962 0.0335534]]
weight = 0.000170902 mean = [2.37971 6.45738 8.74918] covariance = [[0.00111623 -0.000253914 0.000657464][-0.000253914 9.05739e-05 -0.000152508][0.000657464 -0.000152508 0.00042915]]
weight = 0.885581 mean = [-1.5474 3.07015 0.192983] covariance = [[9.72938 0.156738 -1.90094][0.156738 5.175 -0.521327][-1.90094 -0.521327 18.8366]]
]
2025-05-18 22:47:34 INFO  ren0 [octree.h:535] root weight: 3.092e+03 (3092.244873)
2025-05-18 22:47:34 INFO  ren0 [octree.h:536] splitting threshold: 3.092e+00 (3.092245)
2025-05-18 22:47:34 INFO  ren0 [octree.h:535] root weight: 9.761e+02 (976.123291)
2025-05-18 22:47:34 INFO  ren0 [octree.h:536] splitting threshold: 9.761e-01 (0.976123)
2025-05-18 22:47:34 INFO  ren0 [octree.h:551] node count: 473 -> 558 -> 478

2025-05-18 22:47:34 INFO  ren0 [octree.h:551] node count: 543 -> 580 -> 535

2025-05-18 22:47:34 INFO  ren0 [MIFocalGuidingPathTracer] ITERATION 7, until 80.0 seconds
2025-05-18 22:48:04 INFO  ren0 [MIFocalGuidingPathTracer]   186.57 seconds elapsed, passes this iteration: 1, total passes: 11
2025-05-18 22:48:04 INFO  ren0 [MIFocalGuidingPathTracer] Got 192780 non-zero samples
2025-05-18 22:48:04 INFO  ren0 [gaussian_mixture_model.h:808] Processing mega batch of size 192780
2025-05-18 22:48:04 INFO  ren0 [MIFocalGuidingPathTracer] GMM[
weight = 0.00175132 mean = [-3.59226 2.8063 -3.92529] covariance = [[0.292184 -0.00832439 0.0512633][-0.00832439 0.364602 0.0480062][0.0512633 0.0480062 0.187984]]
weight = 0.000237094 mean = [-1.38787 7.28668 6.43732] covariance = [[0.0186409 -0.00415269 0.0113826][-0.00415269 0.000935704 -0.00253738][0.0113826 -0.00253738 0.00696408]]
weight = 0.00553904 mean = [3.40497 -0.0167086 9.04924] covariance = [[0.691815 -0.164926 -0.0153973][-0.164926 0.50011 -0.0139165][-0.0153973 -0.0139165 0.826043]]
weight = 0.00553904 mean = [4.47369 -0.643173 9.24115] covariance = [[0.691815 -0.164926 -0.0153973][-0.164926 0.50011 -0.0139165][-0.0153973 -0.0139165 0.826043]]
weight = 0.0140779 mean = [3.19592 2.0069 9.43276] covariance = [[1.18923 -0.0291965 -0.383534][-0.0291965 2.3587 -0.320698][-0.383534 -0.320698 0.393533]]
weight = 0.0643476 mean = [-3.87993 2.78651 -4.44775] covariance = [[1.35626 0.0187092 -0.0714981][0.0187092 0.57066 -0.0519784][-0.0714981 -0.0519784 0.101166]]
