2025-05-18 19:15:15 INFO  main [mitsuba.cpp:274] Mitsuba version 0.6.0 (Linux, 64 bit), Copyright (c) 2017 Wenzel Jakob
2025-05-18 19:15:15 INFO  main [mitsuba.cpp:377] Parsing scene description from "scene/modern-hall/modern-hall.xml" ..
2025-05-18 19:15:15 INFO  main [scenehandler.cpp:675] In file "/mitsuba/scene/modern-hall/modern-hall.xml" (near line 20): Parsing included file "pmm_focal_recursive.xml" ..
2025-05-18 19:15:15 INFO  main [PluginManager] Loading plugin "plugins/pmm_focal_recursive.so" ..
2025-05-18 19:15:15 INFO  main [octree.h:535] root weight: 8.000e-20 (0.000000)
2025-05-18 19:15:15 INFO  main [octree.h:536] splitting threshold: 8.000e-23 (0.000000)
2025-05-18 19:15:15 INFO  main [octree.h:551] node count: 1 -> 585 -> 585

2025-05-18 19:15:15 INFO  main [octree.h:535] root weight: 8.000e-20 (0.000000)
2025-05-18 19:15:15 INFO  main [octree.h:536] splitting threshold: 8.000e-23 (0.000000)
2025-05-18 19:15:15 INFO  main [octree.h:551] node count: 1 -> 585 -> 585

2025-05-18 19:15:15 INFO  main [MIFocalGuidingPathTracer] budget: 600
2025-05-18 19:15:15 INFO  main [MIFocalGuidingPathTracer] dumpPrimaryRays: false
2025-05-18 19:15:15 INFO  main [MIFocalGuidingPathTracer] dumpScene: false
2025-05-18 19:15:15 INFO  main [MIFocalGuidingPathTracer] gmm.alpha: 0.4
2025-05-18 19:15:15 INFO  main [MIFocalGuidingPathTracer] gmm.initMethod: Uniform
2025-05-18 19:15:15 INFO  main [MIFocalGuidingPathTracer] gmm.maxNumComp: 10
2025-05-18 19:15:15 INFO  main [MIFocalGuidingPathTracer] gmm.mergingThreshold: 0.65
2025-05-18 19:15:15 INFO  main [MIFocalGuidingPathTracer] gmm.minNumComp: 3
2025-05-18 19:15:15 INFO  main [MIFocalGuidingPathTracer] gmm.splittingThreshold: 100
2025-05-18 19:15:15 INFO  main [MIFocalGuidingPathTracer] iterationBudget: 10
2025-05-18 19:15:15 INFO  main [MIFocalGuidingPathTracer] iterationCount: 15
2025-05-18 19:15:15 INFO  main [MIFocalGuidingPathTracer] maxDepth: 40
2025-05-18 19:15:15 INFO  main [MIFocalGuidingPathTracer] minSamplesToStartFitting: 128
2025-05-18 19:15:15 INFO  main [MIFocalGuidingPathTracer] normalBinning: disabled
2025-05-18 19:15:15 INFO  main [MIFocalGuidingPathTracer] renderMaxSeconds: 36000
2025-05-18 19:15:15 INFO  main [MIFocalGuidingPathTracer] rrDepth: 14
2025-05-18 19:15:15 INFO  main [MIFocalGuidingPathTracer] samplingMode: 2
2025-05-18 19:15:15 INFO  main [MIFocalGuidingPathTracer] strictNormals: true
2025-05-18 19:15:15 INFO  main [MIFocalGuidingPathTracer] trainingSamples: 4
2025-05-18 19:15:15 INFO  main [MIFocalGuidingPathTracer] tree.threshold: 0.001
2025-05-18 19:15:15 INFO  main [MIFocalGuidingPathTracer] unboundedSplatting: true
2025-05-18 19:15:15 INFO  main [PluginManager] Loading plugin "plugins/independent.so" ..
2025-05-18 19:15:15 INFO  main [PluginManager] Loading plugin "plugins/box.so" ..
2025-05-18 19:15:15 INFO  main [PluginManager] Loading plugin "plugins/hdrfilm.so" ..
2025-05-18 19:15:15 INFO  main [PluginManager] Loading plugin "plugins/perspective.so" ..
2025-05-18 19:15:15 INFO  main [PluginManager] Loading plugin "plugins/dielectric.so" ..
2025-05-18 19:15:15 INFO  main [PluginManager] Loading plugin "plugins/bitmap.so" ..
2025-05-18 19:15:15 INFO  main [BitmapTexture] Loading texture "wood5.jpg"
2025-05-18 19:15:15 INFO  main [PluginManager] Loading plugin "plugins/lanczos.so" ..
2025-05-18 19:15:15 INFO  main [MIPMap] Generating MIP map cache file "/mitsuba/scene/modern-hall/textures/wood5.mip" ..
2025-05-18 19:15:16 INFO  main [PluginManager] Loading plugin "plugins/roughplastic.so" ..
2025-05-18 19:15:16 INFO  main [PluginManager] Loading plugin "plugins/twosided.so" ..
2025-05-18 19:15:16 INFO  main [BitmapTexture] Loading texture "Tiles.jpg"
2025-05-18 19:15:16 INFO  main [PluginManager] Loading plugin "plugins/diffuse.so" ..
2025-05-18 19:15:16 INFO  main [BitmapTexture] Loading texture "Wallpaper.jpg"
2025-05-18 19:15:16 INFO  main [PluginManager] Loading plugin "plugins/roughconductor.so" ..
2025-05-18 19:15:16 INFO  main [spectrum.cpp:599] "Cu.eta.spd": loaded a spectral power distribution with 55 entries (between 302.400421 and 885.601257 nm)
2025-05-18 19:15:16 INFO  main [spectrum.cpp:599] "Cu.k.spd": loaded a spectral power distribution with 55 entries (between 302.400421 and 885.601257 nm)
2025-05-18 19:15:16 INFO  main [spectrum.cpp:599] "Cu.eta.spd": loaded a spectral power distribution with 55 entries (between 302.400421 and 885.601257 nm)
2025-05-18 19:15:16 INFO  main [spectrum.cpp:599] "Cu.k.spd": loaded a spectral power distribution with 55 entries (between 302.400421 and 885.601257 nm)
2025-05-18 19:15:16 INFO  main [PluginManager] Loading plugin "plugins/difftrans.so" ..
2025-05-18 19:15:16 INFO  main [PluginManager] Loading plugin "plugins/area.so" ..
2025-05-18 19:15:16 INFO  main [PluginManager] Loading plugin "plugins/rectangle.so" ..
2025-05-18 19:15:16 INFO  main [PluginManager] Loading plugin "plugins/cube.so" ..
2025-05-18 19:15:16 INFO  main [PluginManager] Loading plugin "plugins/obj.so" ..
2025-05-18 19:15:16 INFO  main [WavefrontOBJ] Loading geometry from "Mesh008.obj" ..
2025-05-18 19:15:16 INFO  main [WavefrontOBJ] Mesh008: 5184 triangles, 2664 vertices (merged 12888 vertices).
2025-05-18 19:15:16 INFO  main [WavefrontOBJ] Done with "Mesh008.obj" (took 13 ms)
2025-05-18 19:15:16 INFO  main [WavefrontOBJ] Loading geometry from "Mesh004.obj" ..
2025-05-18 19:15:16 INFO  main [WavefrontOBJ] Mesh004: 5184 triangles, 2664 vertices (merged 12888 vertices).
2025-05-18 19:15:16 INFO  main [WavefrontOBJ] Done with "Mesh004.obj" (took 11 ms)
2025-05-18 19:15:16 INFO  main [WavefrontOBJ] Loading geometry from "Mesh003.obj" ..
2025-05-18 19:15:16 INFO  main [WavefrontOBJ] Mesh003: 5184 triangles, 2664 vertices (merged 12888 vertices).
2025-05-18 19:15:16 INFO  main [WavefrontOBJ] Done with "Mesh003.obj" (took 11 ms)
2025-05-18 19:15:16 INFO  main [WavefrontOBJ] Loading geometry from "Mesh006.obj" ..
2025-05-18 19:15:16 INFO  main [WavefrontOBJ] Mesh006: 5184 triangles, 2664 vertices (merged 12888 vertices).
2025-05-18 19:15:16 INFO  main [WavefrontOBJ] Done with "Mesh006.obj" (took 11 ms)
2025-05-18 19:15:16 INFO  main [WavefrontOBJ] Loading geometry from "Mesh012.obj" ..
2025-05-18 19:15:16 INFO  main [WavefrontOBJ] Mesh012: 444 triangles, 882 vertices (merged 450 vertices).
2025-05-18 19:15:16 INFO  main [WavefrontOBJ] Done with "Mesh012.obj" (took 2 ms)
2025-05-18 19:15:16 INFO  main [WavefrontOBJ] Loading geometry from "Mesh013.obj" ..
2025-05-18 19:15:16 INFO  main [WavefrontOBJ] Mesh013: 5184 triangles, 2664 vertices (merged 12888 vertices).
2025-05-18 19:15:16 INFO  main [WavefrontOBJ] Done with "Mesh013.obj" (took 11 ms)
2025-05-18 19:15:16 INFO  main [WavefrontOBJ] Loading geometry from "Mesh010.obj" ..
2025-05-18 19:15:16 INFO  main [WavefrontOBJ] Mesh010: 32 triangles, 60 vertices (merged 36 vertices).
2025-05-18 19:15:16 INFO  main [WavefrontOBJ] Done with "Mesh010.obj" (took 0 ms)
2025-05-18 19:15:16 INFO  main [WavefrontOBJ] Loading geometry from "Mesh015.obj" ..
2025-05-18 19:15:16 INFO  main [WavefrontOBJ] Mesh015: 32 triangles, 60 vertices (merged 36 vertices).
2025-05-18 19:15:16 INFO  main [WavefrontOBJ] Done with "Mesh015.obj" (took 0 ms)
2025-05-18 19:15:16 INFO  main [WavefrontOBJ] Loading geometry from "Mesh002.obj" ..
2025-05-18 19:15:16 INFO  main [WavefrontOBJ] Mesh002: 32 triangles, 60 vertices (merged 36 vertices).
2025-05-18 19:15:16 INFO  main [WavefrontOBJ] Done with "Mesh002.obj" (took 0 ms)
2025-05-18 19:15:16 INFO  main [WavefrontOBJ] Loading geometry from "Mesh007.obj" ..
2025-05-18 19:15:16 INFO  main [WavefrontOBJ] Mesh007: 32 triangles, 60 vertices (merged 36 vertices).
2025-05-18 19:15:16 INFO  main [WavefrontOBJ] Done with "Mesh007.obj" (took 0 ms)
2025-05-18 19:15:16 INFO  main [WavefrontOBJ] Loading geometry from "Mesh005.obj" ..
2025-05-18 19:15:16 INFO  main [WavefrontOBJ] Mesh005: 12 triangles, 20 vertices (merged 16 vertices).
2025-05-18 19:15:16 INFO  main [WavefrontOBJ] Done with "Mesh005.obj" (took 0 ms)
2025-05-18 19:15:16 INFO  main [WavefrontOBJ] Loading geometry from "Mesh016.obj" ..
2025-05-18 19:15:16 INFO  main [WavefrontOBJ] Mesh016: 120 triangles, 204 vertices (merged 156 vertices).
2025-05-18 19:15:16 INFO  main [WavefrontOBJ] Done with "Mesh016.obj" (took 0 ms)
2025-05-18 19:15:16 INFO  main [WavefrontOBJ] Loading geometry from "Mesh017.obj" ..
2025-05-18 19:15:16 INFO  main [WavefrontOBJ] Mesh017: 20 triangles, 40 vertices (merged 20 vertices).
2025-05-18 19:15:16 INFO  main [WavefrontOBJ] Done with "Mesh017.obj" (took 0 ms)
2025-05-18 19:15:16 INFO  main [WavefrontOBJ] Loading geometry from "Mesh018.obj" ..
2025-05-18 19:15:16 INFO  main [WavefrontOBJ] Mesh018: 2 triangles, 4 vertices (merged 2 vertices).
2025-05-18 19:15:16 INFO  main [WavefrontOBJ] Done with "Mesh018.obj" (took 0 ms)
2025-05-18 19:15:16 INFO  main [WavefrontOBJ] Loading geometry from "Mesh011.obj" ..
2025-05-18 19:15:16 INFO  main [WavefrontOBJ] Mesh011: 32 triangles, 30 vertices (merged 66 vertices).
2025-05-18 19:15:16 INFO  main [WavefrontOBJ] Done with "Mesh011.obj" (took 0 ms)
2025-05-18 19:15:16 INFO  main [PluginManager] Loading plugin "plugins/homogeneous.so" ..
2025-05-18 19:15:16 INFO  main [PluginManager] Loading plugin "plugins/isotropic.so" ..
2025-05-18 19:15:16 INFO  main [WavefrontOBJ] Loading geometry from "Mesh014.obj" ..
2025-05-18 19:15:16 INFO  main [WavefrontOBJ] Mesh014: 36 triangles, 72 vertices (merged 36 vertices).
2025-05-18 19:15:16 INFO  main [WavefrontOBJ] Done with "Mesh014.obj" (took 0 ms)
2025-05-18 19:15:16 INFO  main [WavefrontOBJ] Loading geometry from "Mesh001.obj" ..
2025-05-18 19:15:16 INFO  main [WavefrontOBJ] Mesh001: 924 triangles, 2016 vertices (merged 756 vertices).
2025-05-18 19:15:16 INFO  main [WavefrontOBJ] Done with "Mesh001.obj" (took 5 ms)
2025-05-18 19:15:16 INFO  main [WavefrontOBJ] Loading geometry from "Mesh000.obj" ..
2025-05-18 19:15:16 INFO  main [WavefrontOBJ] Mesh000: 3127 triangles, 2075 vertices (merged 7306 vertices).
2025-05-18 19:15:16 INFO  main [WavefrontOBJ] Done with "Mesh000.obj" (took 12 ms)
2025-05-18 19:15:16 INFO  main [WavefrontOBJ] Loading geometry from "Mesh009.obj" ..
2025-05-18 19:15:16 INFO  main [WavefrontOBJ] Mesh009: 146 triangles, 110 vertices (merged 328 vertices).
2025-05-18 19:15:16 INFO  main [WavefrontOBJ] Done with "Mesh009.obj" (took 0 ms)
2025-05-18 19:15:16 INFO  ren0 [KDTreeBase] Constructing a SAH kd-tree (30963 primitives) ..
2025-05-18 19:15:16 INFO  ren0 [KDTreeBase] Finished -- took 118 ms.
2025-05-18 19:15:16 INFO  ren0 [octree.h:535] root weight: 8.000e-20 (0.000000)
2025-05-18 19:15:16 INFO  ren0 [octree.h:536] splitting threshold: 8.000e-23 (0.000000)
2025-05-18 19:15:16 INFO  ren0 [octree.h:551] node count: 1 -> 585 -> 585

2025-05-18 19:15:16 INFO  ren0 [octree.h:535] root weight: 4.096e-17 (0.000000)
2025-05-18 19:15:16 INFO  ren0 [octree.h:536] splitting threshold: 4.096e-20 (0.000000)
2025-05-18 19:15:16 INFO  ren0 [octree.h:551] node count: 585 -> 585 -> 585

2025-05-18 19:15:16 INFO  ren0 [octree.h:535] root weight: 8.000e-20 (0.000000)
2025-05-18 19:15:16 INFO  ren0 [octree.h:536] splitting threshold: 8.000e-23 (0.000000)
2025-05-18 19:15:16 INFO  ren0 [octree.h:551] node count: 1 -> 585 -> 585

2025-05-18 19:15:16 INFO  ren0 [octree.h:535] root weight: 8.000e-20 (0.000000)
2025-05-18 19:15:16 INFO  ren0 [octree.h:536] splitting threshold: 8.000e-23 (0.000000)
2025-05-18 19:15:16 INFO  ren0 [octree.h:551] node count: 1 -> 585 -> 585

2025-05-18 19:15:16 INFO  ren0 [octree.h:535] root weight: 4.096e-17 (0.000000)
2025-05-18 19:15:16 INFO  ren0 [octree.h:536] splitting threshold: 4.096e-20 (0.000000)
2025-05-18 19:15:16 INFO  ren0 [octree.h:551] node count: 585 -> 585 -> 585

2025-05-18 19:15:16 INFO  ren0 [octree.h:535] root weight: 8.000e-20 (0.000000)
2025-05-18 19:15:16 INFO  ren0 [octree.h:536] splitting threshold: 8.000e-23 (0.000000)
2025-05-18 19:15:16 INFO  ren0 [octree.h:551] node count: 1 -> 585 -> 585

2025-05-18 19:15:16 INFO  ren0 [MIFocalGuidingPathTracer] AABB3[min=[-21.7494, -3.70393, -3.09172], max=[7.19249, 11.2965, 6.96201]]
2025-05-18 19:15:16 INFO  ren0 [MIFocalGuidingPathTracer] Starting render job (1280x720, 12 cores, SSE2 enabled) ..
2025-05-18 19:15:16 INFO  ren0 [MIFocalGuidingPathTracer] ITERATION 0, until 10.0 seconds
2025-05-18 19:15:27 INFO  ren0 [MIFocalGuidingPathTracer]   10.85 seconds elapsed, passes this iteration: 6, total passes: 6
2025-05-18 19:15:27 INFO  ren0 [MIFocalGuidingPathTracer] Got 126004 non-zero samples
2025-05-18 19:15:27 INFO  ren0 [gaussian_mixture_model.h:808] Processing mega batch of size 126004
2025-05-18 19:15:27 INFO  ren0 [gaussian_mixture_model.h:547] Uniform
2025-05-18 19:15:27 INFO  ren0 [gaussian_mixture_model.h:581] Increasing the number of max components to 12 to allow uniform distribution
2025-05-18 19:15:27 INFO  ren0 [MIFocalGuidingPathTracer] GMM[
weight = 0.00454974 mean = [-7.11098 1.55811 -1.55418] covariance = [[3.21655 -0.621722 0.126848][-0.621722 4.54202 -0.562219][0.126848 -0.562219 0.923732]]
weight = 0.00454974 mean = [-9.38808 0.690007 -1.45702] covariance = [[3.21655 -0.621722 0.126848][-0.621722 4.54202 -0.562219][0.126848 -0.562219 0.923732]]
weight = 0.00450278 mean = [-9.46264 0.764781 5.16312] covariance = [[10.7565 2.46703 -0.288236][2.46703 4.44694 0.142966][-0.288236 0.142966 1.10495]]
weight = 0.0121505 mean = [-9.03702 5.87139 -1.32335] covariance = [[9.73033 -4.40278 0.272353][-4.40278 7.61296 0.428766][0.272353 0.428766 0.93896]]
weight = 0.00979362 mean = [-8.62436 3.06586 1.89566] covariance = [[9.82119 -1.40041 -0.223799][-1.40041 9.96815 -1.23647][-0.223799 -1.23647 1.56331]]
weight = 0.00169717 mean = [-10.9989 7.6187 5.22641] covariance = [[13.0254 0.234006 -0.653124][0.234006 4.69634 0.589803][-0.653124 0.589803 1.27253]]
weight = 0.561512 mean = [1.89849 1.62173 -2.6417] covariance = [[4.0667 -1.00144 0.1926][-1.00144 1.1541 -0.0498889][0.1926 -0.0498889 0.503458]]
weight = 0.107796 mean = [2.6475 1.48812 1.67559] covariance = [[10.229 0.732506 0.408642][0.732506 2.88086 0.187988][0.408642 0.187988 1.21646]]
weight = 0.166463 mean = [-0.755658 4.68312 -2.19134] covariance = [[14.8572 -0.317652 2.21607][-0.317652 1.08814 0.106889][2.21607 0.106889 1.10651]]
weight = 0.0574155 mean = [2.25696 5.14747 1.6089] covariance = [[14.1091 0.154315 0.447293][0.154315 1.83693 0.0921283][0.447293 0.0921283 1.22568]]
weight = 0.0695701 mean = [4.49173 3.2537 5.28598] covariance = [[7.7263 -0.592105 0.463031][-0.592105 5.36231 0.0295105][0.463031 0.0295105 1.44238]]
]
2025-05-18 19:15:27 INFO  ren0 [octree.h:535] root weight: 2.494e+06 (2493830.250000)
2025-05-18 19:15:27 INFO  ren0 [octree.h:536] splitting threshold: 2.494e+03 (2493.830322)
2025-05-18 19:15:27 INFO  ren0 [octree.h:535] root weight: 2.884e+05 (288392.968750)
2025-05-18 19:15:27 INFO  ren0 [octree.h:536] splitting threshold: 2.884e+02 (288.392975)
2025-05-18 19:15:27 INFO  ren0 [octree.h:551] node count: 585 -> 892 -> 704

2025-05-18 19:15:27 INFO  ren0 [octree.h:551] node count: 585 -> 605 -> 413

2025-05-18 19:15:27 INFO  ren0 [MIFocalGuidingPathTracer] ITERATION 1, until 20.0 seconds
2025-05-18 19:15:49 INFO  ren0 [MIFocalGuidingPathTracer]   33.05 seconds elapsed, passes this iteration: 1, total passes: 7
2025-05-18 19:15:49 INFO  ren0 [MIFocalGuidingPathTracer] Got 48463 non-zero samples
2025-05-18 19:15:49 INFO  ren0 [gaussian_mixture_model.h:808] Processing mega batch of size 48463
2025-05-18 19:15:49 INFO  ren0 [MIFocalGuidingPathTracer] GMM[
weight = 0.00194844 mean = [-9.43864 0.619244 4.9273] covariance = [[14.6427 3.60717 0.174362][3.60717 5.42273 0.295904][0.174362 0.295904 1.38927]]
weight = 0.012843 mean = [-7.88276 4.29968 1.85786] covariance = [[8.24494 -0.674093 -0.109925][-0.674093 8.30194 -0.202513][-0.109925 -0.202513 1.19107]]
weight = 0.00108312 mean = [-11.1615 7.73673 5.02889] covariance = [[15.1505 -1.09378 -2.44623][-1.09378 4.48609 0.732188][-2.44623 0.732188 1.77195]]
weight = 0.564444 mean = [2.05634 1.56144 -2.67754] covariance = [[3.26603 -0.987619 0.22342][-0.987619 0.942004 -0.0374425][0.22342 -0.0374425 0.378577]]
weight = 0.135678 mean = [2.37297 1.35338 1.55877] covariance = [[7.72117 0.129607 0.0402534][0.129607 3.19183 0.182921][0.0402534 0.182921 1.39145]]
weight = 0.0178944 mean = [-8.02944 3.14199 -1.21786] covariance = [[6.89273 -1.68584 0.506749][-1.68584 10.0974 0.220736][0.506749 0.220736 1.09398]]
weight = 0.151006 mean = [-0.64524 4.63106 -2.07685] covariance = [[16.098 -1.10713 2.46227][-1.10713 0.991806 -0.0690103][2.46227 -0.0690103 1.08482]]
weight = 0.0729041 mean = [0.760002 4.87329 1.58221] covariance = [[12.8835 -0.12489 0.30433][-0.12489 1.22915 0.162454][0.30433 0.162454 1.15572]]
weight = 0.0421986 mean = [3.8256 3.24677 5.09686] covariance = [[5.56099 -0.0104937 0.128297][-0.0104937 5.60287 0.00770979][0.128297 0.00770979 1.55186]]
]
2025-05-18 19:15:49 INFO  ren0 [octree.h:535] root weight: 2.002e+06 (2002091.500000)
2025-05-18 19:15:49 INFO  ren0 [octree.h:536] splitting threshold: 2.002e+03 (2002.091553)
2025-05-18 19:15:49 INFO  ren0 [octree.h:535] root weight: 2.349e+05 (234931.156250)
2025-05-18 19:15:49 INFO  ren0 [octree.h:536] splitting threshold: 2.349e+02 (234.931168)
2025-05-18 19:15:49 INFO  ren0 [octree.h:551] node count: 704 -> 812 -> 776

2025-05-18 19:15:49 INFO  ren0 [octree.h:551] node count: 413 -> 427 -> 418

2025-05-18 19:15:49 INFO  ren0 [MIFocalGuidingPathTracer] ITERATION 2, until 30.0 seconds
2025-05-18 19:16:09 INFO  ren0 [MIFocalGuidingPathTracer]   53.12 seconds elapsed, passes this iteration: 1, total passes: 8
2025-05-18 19:16:09 INFO  ren0 [MIFocalGuidingPathTracer] Got 72438 non-zero samples
2025-05-18 19:16:09 INFO  ren0 [gaussian_mixture_model.h:808] Processing mega batch of size 72438
2025-05-18 19:16:09 INFO  ren0 [MIFocalGuidingPathTracer] GMM[
weight = 0.00106456 mean = [-10.9134 0.448621 5.04699] covariance = [[5.60984 0.112342 0.151821][0.112342 5.01489 0.414397][0.151821 0.414397 0.988242]]
weight = 0.00622227 mean = [-8.85526 6.25724 1.94379] covariance = [[6.75587 1.61253 -0.380933][1.61253 7.35333 -0.250333][-0.380933 -0.250333 1.39646]]
weight = 0.00106456 mean = [-7.63249 1.1487 5.21638] covariance = [[5.60984 0.112342 0.151821][0.112342 5.01489 0.414397][0.151821 0.414397 0.988242]]
weight = 0.000848737 mean = [-10.5843 7.0783 5.15776] covariance = [[5.93512 0.575398 -0.302975][0.575398 3.16279 -0.211526][-0.302975 -0.211526 1.27889]]
weight = 0.00622227 mean = [-6.33472 4.14222 1.83672] covariance = [[6.75587 1.61253 -0.380933][1.61253 7.35333 -0.250333][-0.380933 -0.250333 1.39646]]
weight = 0.000848737 mean = [-7.17707 7.76966 4.91196] covariance = [[5.93512 0.575398 -0.302975][0.575398 3.16279 -0.211526][-0.302975 -0.211526 1.27889]]
weight = 0.511602 mean = [2.02392 1.66742 -2.6735] covariance = [[3.70252 -1.09703 0.194449][-1.09703 0.921417 -0.0493089][0.194449 -0.0493089 0.312415]]
weight = 0.0125533 mean = [-6.53339 3.70969 -1.08338] covariance = [[5.91373 0.636052 0.214676][0.636052 6.55472 0.471538][0.214676 0.471538 0.817471]]
weight = 0.17545 mean = [0.467672 4.34438 -2.03754] covariance = [[19.1539 -1.75776 1.84139][-1.75776 1.13281 -0.108943][1.84139 -0.108943 0.981561]]
weight = 0.229265 mean = [2.00588 2.63157 1.36973] covariance = [[9.50639 -1.0572 0.1635][-1.0572 4.33624 0.359577][0.1635 0.359577 1.59595]]
weight = 0.0548589 mean = [4.71639 2.78046 5.13712] covariance = [[3.66351 0.0778139 0.300408][0.0778139 3.88731 -0.169513][0.300408 -0.169513 1.35692]]
]
2025-05-18 19:16:09 INFO  ren0 [octree.h:535] root weight: 1.437e+06 (1437150.500000)
2025-05-18 19:16:09 INFO  ren0 [octree.h:536] splitting threshold: 1.437e+03 (1437.150513)
2025-05-18 19:16:09 INFO  ren0 [octree.h:535] root weight: 1.691e+05 (169072.203125)
2025-05-18 19:16:09 INFO  ren0 [octree.h:536] splitting threshold: 1.691e+02 (169.072205)
2025-05-18 19:16:09 INFO  ren0 [octree.h:551] node count: 776 -> 846 -> 761

2025-05-18 19:16:09 INFO  ren0 [octree.h:551] node count: 418 -> 427 -> 416

2025-05-18 19:16:09 INFO  ren0 [MIFocalGuidingPathTracer] ITERATION 3, until 40.0 seconds
2025-05-18 19:16:34 INFO  ren0 [MIFocalGuidingPathTracer]   78.13 seconds elapsed, passes this iteration: 1, total passes: 9
2025-05-18 19:16:34 INFO  ren0 [MIFocalGuidingPathTracer] Got 70318 non-zero samples
2025-05-18 19:16:34 INFO  ren0 [gaussian_mixture_model.h:808] Processing mega batch of size 70318
2025-05-18 19:16:34 INFO  ren0 [MIFocalGuidingPathTracer] GMM[
weight = 6.13007e-05 mean = [-6.98408 -0.0503697 4.35728] covariance = [[5.65367 -0.165247 0.0351945][-0.165247 5.39653 0.683274][0.0351945 0.683274 0.85966]]
weight = 0.00101461 mean = [-8.20961 0.561855 4.78359] covariance = [[9.03446 0.0447331 -0.426649][0.0447331 4.42692 0.419819][-0.426649 0.419819 1.00391]]
weight = 0.00038123 mean = [-10.5444 6.64908 5.91874] covariance = [[1.17925 0.714224 0.0379261][0.714224 1.15991 0.275352][0.0379261 0.275352 0.431192]]
weight = 0.00786939 mean = [-7.53591 4.22811 1.80018] covariance = [[8.88232 -0.40493 -0.00602458][-0.40493 9.4865 0.106831][-0.00602458 0.106831 1.51933]]
weight = 0.000691393 mean = [-8.86155 7.4081 5.1726] covariance = [[10.0778 1.62815 -0.98424][1.62815 3.01247 -0.251486][-0.98424 -0.251486 1.29287]]
weight = 0.651204 mean = [2.19688 1.42356 -2.79999] covariance = [[2.05715 -0.817228 0.115523][-0.817228 0.641897 -0.0111013][0.115523 -0.0111013 0.179923]]
weight = 6.13007e-05 mean = [-9.8666 1.72296 4.58419] covariance = [[5.65367 -0.165247 0.0351945][-0.165247 5.39653 0.683274][0.0351945 0.683274 0.85966]]
weight = 0.00915899 mean = [-6.31815 2.73817 -1.02063] covariance = [[5.57757 -0.131274 -0.374153][-0.131274 5.45165 0.304599][-0.374153 0.304599 0.930729]]
weight = 0.128845 mean = [0.988048 4.1773 -1.82791] covariance = [[15.0885 -1.24949 1.91409][-1.24949 0.998665 -0.0733061][1.91409 -0.0733061 1.00713]]
weight = 0.160494 mean = [2.68556 2.99791 1.22213] covariance = [[8.87939 0.121737 0.405855][0.121737 4.0032 0.518246][0.405855 0.518246 1.65382]]
weight = 0.0402181 mean = [5.14287 3.11766 4.91918] covariance = [[2.82633 0.273806 0.163258][0.273806 4.11288 -0.112042][0.163258 -0.112042 1.5593]]
]
2025-05-18 19:16:34 INFO  ren0 [octree.h:535] root weight: 1.377e+06 (1377202.500000)
2025-05-18 19:16:34 INFO  ren0 [octree.h:536] splitting threshold: 1.377e+03 (1377.202515)
2025-05-18 19:16:34 INFO  ren0 [octree.h:535] root weight: 1.552e+05 (155236.000000)
2025-05-18 19:16:34 INFO  ren0 [octree.h:536] splitting threshold: 1.552e+02 (155.236008)
2025-05-18 19:16:34 INFO  ren0 [octree.h:551] node count: 761 -> 881 -> 769

2025-05-18 19:16:34 INFO  ren0 [octree.h:551] node count: 416 -> 428 -> 412

2025-05-18 19:16:34 INFO  ren0 [MIFocalGuidingPathTracer] ITERATION 4, until 50.0 seconds
2025-05-18 19:17:00 INFO  ren0 [MIFocalGuidingPathTracer]   104.01 seconds elapsed, passes this iteration: 1, total passes: 10
2025-05-18 19:17:00 INFO  ren0 [MIFocalGuidingPathTracer] Got 142225 non-zero samples
2025-05-18 19:17:00 INFO  ren0 [gaussian_mixture_model.h:808] Processing mega batch of size 142225
2025-05-18 19:17:00 INFO  ren0 [MIFocalGuidingPathTracer] GMM[
weight = 1.37561e-05 mean = [-11.457 5.6962 5.7766] covariance = [[1.26443 0.939101 0.0317972][0.939101 1.46528 0.169028][0.0317972 0.169028 0.320413]]
weight = 0.0121642 mean = [-6.2867 5.52473 1.7383] covariance = [[4.13571 -0.7118 0.312244][-0.7118 4.54316 -1.53498][0.312244 -1.53498 2.31446]]
weight = 0.111696 mean = [1.44174 1.79622 -2.83817] covariance = [[0.858324 -0.354515 0.0298518][-0.354515 0.380304 0.0180995][0.0298518 0.0180995 0.124839]]
weight = 1.37561e-05 mean = [-10.0265 7.29897 5.93482] covariance = [[1.26443 0.939101 0.0317972][0.939101 1.46528 0.169028][0.0317972 0.169028 0.320413]]
weight = 0.0121642 mean = [-3.83019 6.58238 1.14319] covariance = [[4.13571 -0.7118 0.312244][-0.7118 4.54316 -1.53498][0.312244 -1.53498 2.31446]]
weight = 0.00045514 mean = [-7.92842 6.5118 5.64607] covariance = [[2.40572 -1.56516 -0.516618][-1.56516 6.60177 0.120519][-0.516618 0.120519 0.736947]]
weight = 0.111696 mean = [2.7197 1.11765 -2.81012] covariance = [[0.858324 -0.354515 0.0298518][-0.354515 0.380304 0.0180995][0.0298518 0.0180995 0.124839]]
weight = 0.00045514 mean = [-6.72625 2.93488 5.48158] covariance = [[2.40572 -1.56516 -0.516618][-1.56516 6.60177 0.120519][-0.516618 0.120519 0.736947]]
weight = 0.462094 mean = [-0.729362 5.38438 -2.4401] covariance = [[14.9653 -2.4428 1.88255][-2.4428 3.341 -0.54445][1.88255 -0.54445 0.6612]]
weight = 0.241105 mean = [2.9078 1.75308 0.514998] covariance = [[5.77934 0.571295 0.129376][0.571295 5.70815 1.22144][0.129376 1.22144 2.70029]]
weight = 0.0481431 mean = [4.03453 3.56388 4.75316] covariance = [[1.96788 0.0860761 0.128649][0.0860761 3.81222 0.864633][0.128649 0.864633 1.52061]]
]
2025-05-18 19:17:00 INFO  ren0 [octree.h:535] root weight: 1.798e+06 (1798185.375000)
2025-05-18 19:17:00 INFO  ren0 [octree.h:536] splitting threshold: 1.798e+03 (1798.185425)
2025-05-18 19:17:00 INFO  ren0 [octree.h:535] root weight: 2.948e+05 (294788.406250)
2025-05-18 19:17:00 INFO  ren0 [octree.h:536] splitting threshold: 2.948e+02 (294.788422)
2025-05-18 19:17:00 INFO  ren0 [octree.h:551] node count: 769 -> 920 -> 759

2025-05-18 19:17:00 INFO  ren0 [octree.h:551] node count: 412 -> 447 -> 436

2025-05-18 19:17:00 INFO  ren0 [MIFocalGuidingPathTracer] ITERATION 5, until 60.0 seconds
2025-05-18 19:17:21 INFO  ren0 [MIFocalGuidingPathTracer]   125.15 seconds elapsed, passes this iteration: 1, total passes: 11
2025-05-18 19:17:21 INFO  ren0 [MIFocalGuidingPathTracer] Got 53543 non-zero samples
2025-05-18 19:17:21 INFO  ren0 [gaussian_mixture_model.h:808] Processing mega batch of size 53543
2025-05-18 19:17:21 INFO  ren0 [MIFocalGuidingPathTracer] GMM[
weight = 1.08128e-05 mean = [-10.7493 6.54212 5.87928] covariance = [[2.22006 2.028 0.14101][2.028 2.75337 0.322627][0.14101 0.322627 0.33655]]
weight = 0.0287552 mean = [-5.18804 5.18312 1.42608] covariance = [[11.0322 1.71443 0.518632][1.71443 3.67995 -0.670269][0.518632 -0.670269 1.79583]]
weight = 0.363358 mean = [2.12318 1.38605 -2.88955] covariance = [[1.20909 -0.597633 0.028269][-0.597633 0.405791 -0.00351763][0.028269 -0.00351763 0.0633213]]
weight = 0.000441793 mean = [-7.35328 4.43068 5.55318] covariance = [[4.42007 -4.0002 -0.38322][-4.0002 13.5096 0.453612][-0.38322 0.453612 0.746192]]
weight = 0.339158 mean = [-0.221488 4.56391 -2.42444] covariance = [[13.8495 -1.60954 1.73928][-1.60954 2.59378 -0.292286][1.73928 -0.292286 0.587174]]
weight = 0.22466 mean = [2.84076 2.14405 0.60832] covariance = [[6.32824 -0.269991 -0.147126][-0.269991 5.01744 0.807325][-0.147126 0.807325 2.85424]]
weight = 0.0436151 mean = [4.5519 2.79062 4.57504] covariance = [[2.61753 0.0003387 0.355002][0.0003387 4.25017 0.71553][0.355002 0.71553 1.67759]]
]
2025-05-18 19:17:21 INFO  ren0 [octree.h:535] root weight: 1.424e+06 (1423677.500000)
2025-05-18 19:17:21 INFO  ren0 [octree.h:536] splitting threshold: 1.424e+03 (1423.677612)
2025-05-18 19:17:21 INFO  ren0 [octree.h:535] root weight: 2.196e+05 (219615.375000)
2025-05-18 19:17:21 INFO  ren0 [octree.h:536] splitting threshold: 2.196e+02 (219.615387)
2025-05-18 19:17:21 INFO  ren0 [octree.h:551] node count: 759 -> 874 -> 806

2025-05-18 19:17:21 INFO  ren0 [octree.h:551] node count: 436 -> 458 -> 450

2025-05-18 19:17:21 INFO  ren0 [MIFocalGuidingPathTracer] ITERATION 6, until 70.0 seconds
2025-05-18 19:17:38 INFO  ren0 [MIFocalGuidingPathTracer]   141.92 seconds elapsed, passes this iteration: 1, total passes: 12
2025-05-18 19:17:38 INFO  ren0 [MIFocalGuidingPathTracer] Got 135769 non-zero samples
2025-05-18 19:17:38 INFO  ren0 [gaussian_mixture_model.h:808] Processing mega batch of size 135769
2025-05-18 19:17:38 INFO  ren0 [MIFocalGuidingPathTracer] GMM[
weight = 0.00547706 mean = [-5.34272 3.77569 1.61093] covariance = [[7.12987 0.211274 -0.111099][0.211274 7.18249 -0.762273][-0.111099 -0.762273 3.21228]]
weight = 0.00153098 mean = [-8.67715 5.60586 5.52632] covariance = [[25.6998 -2.66338 1.60183][-2.66338 9.59448 1.13693][1.60183 1.13693 0.457764]]
weight = 0.00547706 mean = [-8.45633 5.81588 1.28998] covariance = [[7.12987 0.211274 -0.111099][0.211274 7.18249 -0.762273][-0.111099 -0.762273 3.21228]]
weight = 0.0304762 mean = [-4.54456 5.10866 1.57173] covariance = [[11.6322 1.5227 0.735794][1.5227 6.06107 -0.845266][0.735794 -0.845266 3.26519]]
weight = 0.294922 mean = [1.99575 1.41993 -2.90719] covariance = [[1.19402 -0.672072 0.02274][-0.672072 0.435213 -0.0179018][0.02274 -0.0179018 0.0328966]]
weight = 0.00282212 mean = [-5.28971 -0.470053 4.78032] covariance = [[6.94179 -5.2012 -0.507377][-5.2012 14.6004 1.68254][-0.507377 1.68254 0.968167]]
weight = 0.22405 mean = [0.62948 3.79619 -2.23779] covariance = [[16.2702 -1.97087 2.04443][-1.97087 3.08835 -0.184532][2.04443 -0.184532 0.670169]]
weight = 0.339646 mean = [3.10634 2.36232 0.789235] covariance = [[5.65555 -0.233414 -0.674387][-0.233414 5.7809 1.51245][-0.674387 1.51245 3.78728]]
weight = 0.0955984 mean = [4.99527 2.24182 4.94044] covariance = [[2.42112 -0.615328 0.341199][-0.615328 3.79166 0.0719666][0.341199 0.0719666 1.78183]]
]
2025-05-18 19:17:38 INFO  ren0 [octree.h:535] root weight: 1.279e+06 (1279034.500000)
2025-05-18 19:17:38 INFO  ren0 [octree.h:536] splitting threshold: 1.279e+03 (1279.034546)
2025-05-18 19:17:38 INFO  ren0 [octree.h:535] root weight: 1.830e+05 (183010.062500)
2025-05-18 19:17:38 INFO  ren0 [octree.h:536] splitting threshold: 1.830e+02 (183.010071)
2025-05-18 19:17:38 INFO  ren0 [octree.h:551] node count: 806 -> 910 -> 798

2025-05-18 19:17:38 INFO  ren0 [octree.h:551] node count: 450 -> 461 -> 433

2025-05-18 19:17:38 INFO  ren0 [MIFocalGuidingPathTracer] ITERATION 7, until 80.0 seconds
2025-05-18 19:18:01 INFO  ren0 [MIFocalGuidingPathTracer]   164.80 seconds elapsed, passes this iteration: 1, total passes: 13
2025-05-18 19:18:01 INFO  ren0 [MIFocalGuidingPathTracer] Got 177254 non-zero samples
2025-05-18 19:18:01 INFO  ren0 [gaussian_mixture_model.h:808] Processing mega batch of size 177254
2025-05-18 19:18:01 INFO  ren0 [MIFocalGuidingPathTracer] GMM[
weight = 0.00449664 mean = [-10.3818 3.01326 5.66219] covariance = [[26.8624 9.29739 2.00438][9.29739 6.93041 0.763377][2.00438 0.763377 0.27537]]
weight = 0.00373022 mean = [-17.7516 -0.384082 5.23934] covariance = [[16.5511 6.59259 0.597305][6.59259 3.63299 0.276049][0.597305 0.276049 0.29249]]
weight = 0.354375 mean = [2.04987 1.36359 -2.95585] covariance = [[1.3516 -0.774329 -0.000122644][-0.774329 0.467987 -0.00217716][-0.000122644 -0.00217716 0.0102531]]
weight = 0.00865479 mean = [-7.17138 1.04714 5.09189] covariance = [[4.49604 -2.71704 -1.3899][-2.71704 4.22447 1.31873][-1.3899 1.31873 1.60298]]
weight = 0.0101517 mean = [-13.6702 8.16902 -1.40858] covariance = [[5.51229 -1.45721 0.882942][-1.45721 12.5828 -5.15982][0.882942 -5.15982 4.04211]]
weight = 0.063474 mean = [-6.79404 2.97543 1.179] covariance = [[13.4959 1.3354 0.0266038][1.3354 7.9493 -0.351537][0.0266038 -0.351537 4.40672]]
weight = 0.499579 mean = [2.35605 2.62251 -0.332608] covariance = [[9.41018 -0.583693 1.24743][-0.583693 4.32743 0.108142][1.24743 0.108142 3.71402]]
weight = 0.0555379 mean = [4.78704 2.45223 4.83052] covariance = [[2.57036 -0.876189 0.705644][-0.876189 5.09307 0.359144][0.705644 0.359144 2.14595]]
]
2025-05-18 19:18:01 INFO  ren0 [octree.h:535] root weight: 1.183e+06 (1182947.625000)
2025-05-18 19:18:01 INFO  ren0 [octree.h:536] splitting threshold: 1.183e+03 (1182.947632)
2025-05-18 19:18:01 INFO  ren0 [octree.h:535] root weight: 1.813e+05 (181342.406250)
2025-05-18 19:18:01 INFO  ren0 [octree.h:536] splitting threshold: 1.813e+02 (181.342422)
2025-05-18 19:18:01 INFO  ren0 [octree.h:551] node count: 798 -> 886 -> 792

2025-05-18 19:18:01 INFO  ren0 [octree.h:551] node count: 433 -> 451 -> 434

2025-05-18 19:18:01 INFO  ren0 [MIFocalGuidingPathTracer] ITERATION 8, until 90.0 seconds
2025-05-18 19:18:21 INFO  ren0 [MIFocalGuidingPathTracer]   185.11 seconds elapsed, passes this iteration: 1, total passes: 14
2025-05-18 19:18:21 INFO  ren0 [MIFocalGuidingPathTracer] Got 332558 non-zero samples
2025-05-18 19:18:21 INFO  ren0 [gaussian_mixture_model.h:808] Processing mega batch of size 332558
2025-05-18 19:18:21 INFO  ren0 [MIFocalGuidingPathTracer] GMM[
weight = 7.61053e-05 mean = [1.43403 3.32407 6.33297] covariance = [[11.1661 -1.00004 0.562825][-1.00004 1.75607 -0.0506185][0.562825 -0.0506185 0.0331293]]
weight = 0.000809435 mean = [2.56806 5.98929 6.4606] covariance = [[26.9521 2.35646 1.59026][2.35646 5.38895 0.31244][1.59026 0.31244 0.138897]]
weight = 0.000809435 mean = [-4.7655 5.19443 6.02213] covariance = [[26.9521 2.35646 1.59026][2.35646 5.38895 0.31244][1.59026 0.31244 0.138897]]
weight = 0.000213115 mean = [-5.535 6.09218 5.95653] covariance = [[13.1453 -0.411101 0.716064][-0.411101 11.0981 0.0443164][0.716064 0.0443164 0.0563966]]
weight = 0.0022806 mean = [-16.5741 -1.98045 4.9001] covariance = [[1.79778 1.10764 -0.590404][1.10764 1.05858 -0.352952][-0.590404 -0.352952 0.48976]]
weight = 0.314086 mean = [1.47576 1.70712 -2.97906] covariance = [[2.37867 -1.40375 -0.00316877][-1.40375 0.842573 0.001875][-0.00316877 0.001875 0.00212347]]
weight = 0.00499769 mean = [-5.99346 -0.767313 1.68289] covariance = [[1.90745 -1.26154 -0.539142][-1.26154 4.65224 2.5884][-0.539142 2.5884 2.72562]]
weight = 0.0118129 mean = [-11.0538 3.08445 1.07972] covariance = [[11.2594 -1.85619 -2.86437][-1.85619 7.77142 0.778821][-2.86437 0.778821 3.16903]]
weight = 0.000213115 mean = [-10.5885 7.04699 5.6857] covariance = [[13.1453 -0.411101 0.716064][-0.411101 11.0981 0.0443164][0.716064 0.0443164 0.0563966]]
weight = 0.594739 mean = [2.6473 2.69268 -0.605741] covariance = [[8.04395 -1.11427 0.519086][-1.11427 3.86792 0.132665][0.519086 0.132665 3.88791]]
weight = 0.0699633 mean = [4.20587 2.22613 4.67851] covariance = [[4.13966 -1.37548 1.4946][-1.37548 5.55686 0.1798][1.4946 0.1798 2.64556]]
]
2025-05-18 19:18:21 INFO  ren0 [octree.h:535] root weight: 1.106e+06 (1106481.375000)
2025-05-18 19:18:21 INFO  ren0 [octree.h:536] splitting threshold: 1.106e+03 (1106.481445)
2025-05-18 19:18:21 INFO  ren0 [octree.h:535] root weight: 1.516e+05 (151601.109375)
2025-05-18 19:18:21 INFO  ren0 [octree.h:536] splitting threshold: 1.516e+02 (151.601120)
2025-05-18 19:18:21 INFO  ren0 [octree.h:551] node count: 792 -> 877 -> 793

2025-05-18 19:18:21 INFO  ren0 [octree.h:551] node count: 434 -> 449 -> 431

2025-05-18 19:18:21 INFO  ren0 [MIFocalGuidingPathTracer] ITERATION 9, until 100.0 seconds
2025-05-18 19:18:50 INFO  ren0 [MIFocalGuidingPathTracer]   214.31 seconds elapsed, passes this iteration: 1, total passes: 15
2025-05-18 19:18:50 INFO  ren0 [pmm_focal_guiding_recursive.cpp:214] starting iterative narrowing
2025-05-18 19:18:50 INFO  ren0 [MIFocalGuidingPathTracer] Got 542832 non-zero samples
2025-05-18 19:18:50 INFO  ren0 [gaussian_mixture_model.h:808] Processing mega batch of size 542832
2025-05-18 19:18:51 INFO  ren0 [MIFocalGuidingPathTracer] GMM[
weight = 0.000628748 mean = [5.14364 1.38383 6.59845] covariance = [[0.21595 0.0101858 0.00603104][0.0101858 0.0565558 0.00245519][0.00603104 0.00245519 0.00165633]]
weight = 0.00540508 mean = [1.5435 3.50235 6.32767] covariance = [[16.8896 -3.46063 1.54876][-3.46063 6.16627 -0.230154][1.54876 -0.230154 0.156949]]
weight = 0.000793467 mean = [-16.2872 -3.23502 3.0599] covariance = [[0.147993 0.00843591 -0.0545974][0.00843591 0.072657 0.0623472][-0.0545974 0.0623472 0.0965224]]
weight = 0.00990144 mean = [-5.00344 0.0922489 1.61376] covariance = [[4.62557 -2.24994 -2.16445][-2.24994 2.60167 1.71423][-2.16445 1.71423 3.85544]]
weight = 0.298699 mean = [1.40448 1.77866 -2.98319] covariance = [[3.34515 -1.9526 0.0017554][-1.9526 1.14792 -0.00125986][0.0017554 -0.00125986 0.000244708]]
weight = 0.000163283 mean = [-4.20489 -1.18186 5.70385] covariance = [[2.09512 -0.368712 0.00266365][-0.368712 3.48644 0.00184326][0.00266365 0.00184326 0.000152776]]
weight = 0.0458112 mean = [-4.10136 5.05362 -2.9877] covariance = [[2.17959 -1.31438 0.00231886][-1.31438 0.793121 -0.00131499][0.00231886 -0.00131499 1.74706e-05]]
weight = 0.638598 mean = [2.46705 2.77651 -0.173155] covariance = [[10.3676 -1.74345 2.16239][-1.74345 4.79121 0.199714][2.16239 0.199714 6.03915]]
]
2025-05-18 19:18:51 INFO  ren0 [octree.h:535] root weight: 1.029e+06 (1028938.000000)
2025-05-18 19:18:51 INFO  ren0 [octree.h:536] splitting threshold: 1.029e+03 (1028.937988)
2025-05-18 19:18:51 INFO  ren0 [octree.h:535] root weight: 1.383e+05 (138348.578125)
2025-05-18 19:18:51 INFO  ren0 [octree.h:536] splitting threshold: 1.383e+02 (138.348587)
2025-05-18 19:18:51 INFO  ren0 [octree.h:551] node count: 793 -> 885 -> 812

2025-05-18 19:18:51 INFO  ren0 [octree.h:551] node count: 431 -> 442 -> 429

2025-05-18 19:18:51 INFO  ren0 [MIFocalGuidingPathTracer] ITERATION 10, until 110.0 seconds
2025-05-18 19:19:12 INFO  ren0 [MIFocalGuidingPathTracer]   236.15 seconds elapsed, passes this iteration: 1, total passes: 16
2025-05-18 19:19:12 INFO  ren0 [MIFocalGuidingPathTracer] Got 990304 non-zero samples
2025-05-18 19:19:12 INFO  ren0 [gaussian_mixture_model.h:808] Processing mega batch of size 990304
2025-05-18 19:19:13 INFO  ren0 [MIFocalGuidingPathTracer] GMM[
weight = 0.356673 mean = [-4.87377 5.54096 -2.95173] covariance = [[0.000176304 -2.47049e-05 3.73893e-05][-2.47049e-05 0.00020694 -2.13564e-05][3.73893e-05 -2.13564e-05 5.67143e-05]]
weight = 0.143081 mean = [-5.03894 5.6197 -2.95681] covariance = [[2.09887 -1.24493 -0.00562999][-1.24493 0.739174 0.00367072][-0.00562999 0.00367072 0.000770736]]
weight = 0.000493096 mean = [0.834233 2.22365 -1.63199] covariance = [[3.36544 -0.479591 -0.491647][-0.479591 2.29891 0.335664][-0.491647 0.335664 2.19318]]
weight = 0.356673 mean = [-4.86253 5.52391 -2.94718] covariance = [[0.000176304 -2.47049e-05 3.73893e-05][-2.47049e-05 0.00020694 -2.13564e-05][3.73893e-05 -2.13564e-05 5.67143e-05]]
weight = 0.143081 mean = [-2.99017 4.40417 -2.96244] covariance = [[2.09887 -1.24493 -0.00562999][-1.24493 0.739174 0.00367072][-0.00562999 0.00367072 0.000770736]]
]
2025-05-18 19:19:13 INFO  ren0 [octree.h:535] root weight: 1.539e+07 (15390991.000000)
2025-05-18 19:19:13 INFO  ren0 [octree.h:536] splitting threshold: 1.539e+04 (15390.992188)
2025-05-18 19:19:13 INFO  ren0 [octree.h:535] root weight: 4.003e+04 (40034.171875)
2025-05-18 19:19:13 INFO  ren0 [octree.h:536] splitting threshold: 4.003e+01 (40.034172)
2025-05-18 19:19:13 INFO  ren0 [octree.h:551] node count: 812 -> 1283 -> 1095

2025-05-18 19:19:13 INFO  ren0 [octree.h:551] node count: 429 -> 429 -> 414

2025-05-18 19:19:13 INFO  ren0 [MIFocalGuidingPathTracer] ITERATION 11, until 120.0 seconds
2025-05-18 19:19:23 INFO  ren0 [MIFocalGuidingPathTracer]   247.23 seconds elapsed, passes this iteration: 1, total passes: 17
2025-05-18 19:19:23 INFO  ren0 [MIFocalGuidingPathTracer] Got 5057707 non-zero samples
2025-05-18 19:19:23 INFO  ren0 [gaussian_mixture_model.h:808] Processing mega batch of size 5057707
2025-05-18 19:19:27 INFO  ren0 [MIFocalGuidingPathTracer] GMM[
weight = 1 mean = [2.54422 1.14141 -2.96681] covariance = [[1.1368e-05 -2.27391e-06 -6.56796e-07][-2.27391e-06 1.5052e-05 6.83886e-07][-6.56796e-07 6.83886e-07 1.27481e-05]]
]
2025-05-18 19:19:27 INFO  ren0 [octree.h:535] root weight: 1.485e+08 (148521920.000000)
2025-05-18 19:19:27 INFO  ren0 [octree.h:536] splitting threshold: 1.485e+05 (148521.921875)
2025-05-18 19:19:27 INFO  ren0 [octree.h:535] root weight: 6.746e+03 (6745.880371)
2025-05-18 19:19:27 INFO  ren0 [octree.h:536] splitting threshold: 6.746e+00 (6.745881)
2025-05-18 19:19:28 INFO  ren0 [octree.h:551] node count: 1095 -> 1412 -> 1316

2025-05-18 19:19:28 INFO  ren0 [octree.h:551] node count: 414 -> 414 -> 413

2025-05-18 19:19:28 INFO  ren0 [MIFocalGuidingPathTracer] ITERATION 12, until 130.0 seconds
