2025-05-17 09:46:39 INFO  main [mitsuba.cpp:274] Mitsuba version 0.6.0 (Linux, 64 bit), Copyright (c) 2017 Wenzel Jakob
2025-05-17 09:46:39 INFO  main [mitsuba.cpp:377] Parsing scene description from "scene/modern-hall/modern-hall.xml" ..
2025-05-17 09:46:39 INFO  main [scenehandler.cpp:675] In file "/mitsuba/scene/modern-hall/modern-hall.xml" (near line 20): Parsing included file "pmm_focal_recursive.xml" ..
2025-05-17 09:46:39 INFO  main [PluginManager] Loading plugin "plugins/pmm_focal_recursive.so" ..
2025-05-17 09:46:39 INFO  main [octree.h:535] root weight: 8.000e-20 (0.000000)
2025-05-17 09:46:39 INFO  main [octree.h:536] splitting threshold: 8.000e-23 (0.000000)
2025-05-17 09:46:39 INFO  main [octree.h:551] node count: 1 -> 585 -> 585

2025-05-17 09:46:39 INFO  main [octree.h:535] root weight: 8.000e-20 (0.000000)
2025-05-17 09:46:39 INFO  main [octree.h:536] splitting threshold: 8.000e-23 (0.000000)
2025-05-17 09:46:39 INFO  main [octree.h:551] node count: 1 -> 585 -> 585

2025-05-17 09:46:39 INFO  main [MIFocalGuidingPathTracer] budget: 600
2025-05-17 09:46:39 INFO  main [MIFocalGuidingPathTracer] dumpPrimaryRays: false
2025-05-17 09:46:39 INFO  main [MIFocalGuidingPathTracer] dumpScene: false
2025-05-17 09:46:39 INFO  main [MIFocalGuidingPathTracer] gmm.alpha: 0.4
2025-05-17 09:46:39 INFO  main [MIFocalGuidingPathTracer] gmm.initMethod: KMeans
2025-05-17 09:46:39 INFO  main [MIFocalGuidingPathTracer] gmm.maxNumComp: 10
2025-05-17 09:46:39 INFO  main [MIFocalGuidingPathTracer] gmm.mergingThreshold: 0.65
2025-05-17 09:46:39 INFO  main [MIFocalGuidingPathTracer] gmm.minNumComp: 3
2025-05-17 09:46:39 INFO  main [MIFocalGuidingPathTracer] gmm.splittingThreshold: 1000
2025-05-17 09:46:39 INFO  main [MIFocalGuidingPathTracer] iterationBudget: 10
2025-05-17 09:46:39 INFO  main [MIFocalGuidingPathTracer] iterationCount: 15
2025-05-17 09:46:39 INFO  main [MIFocalGuidingPathTracer] maxDepth: 40
2025-05-17 09:46:39 INFO  main [MIFocalGuidingPathTracer] minSamplesToStartFitting: 128
2025-05-17 09:46:39 INFO  main [MIFocalGuidingPathTracer] normalBinning: disabled
2025-05-17 09:46:39 INFO  main [MIFocalGuidingPathTracer] renderMaxSeconds: 36000
2025-05-17 09:46:39 INFO  main [MIFocalGuidingPathTracer] rrDepth: 14
2025-05-17 09:46:39 INFO  main [MIFocalGuidingPathTracer] samplingMode: 2
2025-05-17 09:46:39 INFO  main [MIFocalGuidingPathTracer] strictNormals: true
2025-05-17 09:46:39 INFO  main [MIFocalGuidingPathTracer] trainingSamples: 4
2025-05-17 09:46:39 INFO  main [MIFocalGuidingPathTracer] tree.threshold: 0.001
2025-05-17 09:46:39 INFO  main [MIFocalGuidingPathTracer] unboundedSplatting: true
2025-05-17 09:46:39 INFO  main [PluginManager] Loading plugin "plugins/independent.so" ..
2025-05-17 09:46:39 INFO  main [PluginManager] Loading plugin "plugins/box.so" ..
2025-05-17 09:46:39 INFO  main [PluginManager] Loading plugin "plugins/hdrfilm.so" ..
2025-05-17 09:46:39 INFO  main [PluginManager] Loading plugin "plugins/perspective.so" ..
2025-05-17 09:46:39 INFO  main [PluginManager] Loading plugin "plugins/dielectric.so" ..
2025-05-17 09:46:39 INFO  main [PluginManager] Loading plugin "plugins/bitmap.so" ..
2025-05-17 09:46:39 INFO  main [BitmapTexture] Loading texture "wood5.jpg"
2025-05-17 09:46:39 INFO  main [PluginManager] Loading plugin "plugins/lanczos.so" ..
2025-05-17 09:46:39 INFO  main [MIPMap] Generating MIP map cache file "/mitsuba/scene/modern-hall/textures/wood5.mip" ..
2025-05-17 09:46:39 INFO  main [PluginManager] Loading plugin "plugins/roughplastic.so" ..
2025-05-17 09:46:39 INFO  main [PluginManager] Loading plugin "plugins/twosided.so" ..
2025-05-17 09:46:39 INFO  main [BitmapTexture] Loading texture "Tiles.jpg"
2025-05-17 09:46:39 INFO  main [PluginManager] Loading plugin "plugins/diffuse.so" ..
2025-05-17 09:46:39 INFO  main [BitmapTexture] Loading texture "Wallpaper.jpg"
2025-05-17 09:46:39 INFO  main [PluginManager] Loading plugin "plugins/roughconductor.so" ..
2025-05-17 09:46:39 INFO  main [spectrum.cpp:599] "Cu.eta.spd": loaded a spectral power distribution with 55 entries (between 302.400421 and 885.601257 nm)
2025-05-17 09:46:39 INFO  main [spectrum.cpp:599] "Cu.k.spd": loaded a spectral power distribution with 55 entries (between 302.400421 and 885.601257 nm)
2025-05-17 09:46:39 INFO  main [spectrum.cpp:599] "Cu.eta.spd": loaded a spectral power distribution with 55 entries (between 302.400421 and 885.601257 nm)
2025-05-17 09:46:39 INFO  main [spectrum.cpp:599] "Cu.k.spd": loaded a spectral power distribution with 55 entries (between 302.400421 and 885.601257 nm)
2025-05-17 09:46:39 INFO  main [PluginManager] Loading plugin "plugins/difftrans.so" ..
2025-05-17 09:46:39 INFO  main [PluginManager] Loading plugin "plugins/area.so" ..
2025-05-17 09:46:39 INFO  main [PluginManager] Loading plugin "plugins/rectangle.so" ..
2025-05-17 09:46:39 INFO  main [PluginManager] Loading plugin "plugins/cube.so" ..
2025-05-17 09:46:39 INFO  main [PluginManager] Loading plugin "plugins/obj.so" ..
2025-05-17 09:46:39 INFO  main [WavefrontOBJ] Loading geometry from "Mesh008.obj" ..
2025-05-17 09:46:39 INFO  main [WavefrontOBJ] Mesh008: 5184 triangles, 2664 vertices (merged 12888 vertices).
2025-05-17 09:46:39 INFO  main [WavefrontOBJ] Done with "Mesh008.obj" (took 11 ms)
2025-05-17 09:46:39 INFO  main [WavefrontOBJ] Loading geometry from "Mesh004.obj" ..
2025-05-17 09:46:39 INFO  main [WavefrontOBJ] Mesh004: 5184 triangles, 2664 vertices (merged 12888 vertices).
2025-05-17 09:46:39 INFO  main [WavefrontOBJ] Done with "Mesh004.obj" (took 10 ms)
2025-05-17 09:46:39 INFO  main [WavefrontOBJ] Loading geometry from "Mesh003.obj" ..
2025-05-17 09:46:39 INFO  main [WavefrontOBJ] Mesh003: 5184 triangles, 2664 vertices (merged 12888 vertices).
2025-05-17 09:46:39 INFO  main [WavefrontOBJ] Done with "Mesh003.obj" (took 10 ms)
2025-05-17 09:46:39 INFO  main [WavefrontOBJ] Loading geometry from "Mesh006.obj" ..
2025-05-17 09:46:39 INFO  main [WavefrontOBJ] Mesh006: 5184 triangles, 2664 vertices (merged 12888 vertices).
2025-05-17 09:46:39 INFO  main [WavefrontOBJ] Done with "Mesh006.obj" (took 10 ms)
2025-05-17 09:46:39 INFO  main [WavefrontOBJ] Loading geometry from "Mesh012.obj" ..
2025-05-17 09:46:39 INFO  main [WavefrontOBJ] Mesh012: 444 triangles, 882 vertices (merged 450 vertices).
2025-05-17 09:46:39 INFO  main [WavefrontOBJ] Done with "Mesh012.obj" (took 2 ms)
2025-05-17 09:46:39 INFO  main [WavefrontOBJ] Loading geometry from "Mesh013.obj" ..
2025-05-17 09:46:39 INFO  main [WavefrontOBJ] Mesh013: 5184 triangles, 2664 vertices (merged 12888 vertices).
2025-05-17 09:46:39 INFO  main [WavefrontOBJ] Done with "Mesh013.obj" (took 10 ms)
2025-05-17 09:46:39 INFO  main [WavefrontOBJ] Loading geometry from "Mesh010.obj" ..
2025-05-17 09:46:39 INFO  main [WavefrontOBJ] Mesh010: 32 triangles, 60 vertices (merged 36 vertices).
2025-05-17 09:46:39 INFO  main [WavefrontOBJ] Done with "Mesh010.obj" (took 0 ms)
2025-05-17 09:46:39 INFO  main [WavefrontOBJ] Loading geometry from "Mesh015.obj" ..
2025-05-17 09:46:39 INFO  main [WavefrontOBJ] Mesh015: 32 triangles, 60 vertices (merged 36 vertices).
2025-05-17 09:46:39 INFO  main [WavefrontOBJ] Done with "Mesh015.obj" (took 0 ms)
2025-05-17 09:46:39 INFO  main [WavefrontOBJ] Loading geometry from "Mesh002.obj" ..
2025-05-17 09:46:39 INFO  main [WavefrontOBJ] Mesh002: 32 triangles, 60 vertices (merged 36 vertices).
2025-05-17 09:46:39 INFO  main [WavefrontOBJ] Done with "Mesh002.obj" (took 0 ms)
2025-05-17 09:46:39 INFO  main [WavefrontOBJ] Loading geometry from "Mesh007.obj" ..
2025-05-17 09:46:39 INFO  main [WavefrontOBJ] Mesh007: 32 triangles, 60 vertices (merged 36 vertices).
2025-05-17 09:46:39 INFO  main [WavefrontOBJ] Done with "Mesh007.obj" (took 0 ms)
2025-05-17 09:46:39 INFO  main [WavefrontOBJ] Loading geometry from "Mesh005.obj" ..
2025-05-17 09:46:39 INFO  main [WavefrontOBJ] Mesh005: 12 triangles, 20 vertices (merged 16 vertices).
2025-05-17 09:46:39 INFO  main [WavefrontOBJ] Done with "Mesh005.obj" (took 0 ms)
2025-05-17 09:46:39 INFO  main [WavefrontOBJ] Loading geometry from "Mesh016.obj" ..
2025-05-17 09:46:39 INFO  main [WavefrontOBJ] Mesh016: 120 triangles, 204 vertices (merged 156 vertices).
2025-05-17 09:46:39 INFO  main [WavefrontOBJ] Done with "Mesh016.obj" (took 0 ms)
2025-05-17 09:46:39 INFO  main [WavefrontOBJ] Loading geometry from "Mesh017.obj" ..
2025-05-17 09:46:39 INFO  main [WavefrontOBJ] Mesh017: 20 triangles, 40 vertices (merged 20 vertices).
2025-05-17 09:46:39 INFO  main [WavefrontOBJ] Done with "Mesh017.obj" (took 0 ms)
2025-05-17 09:46:39 INFO  main [WavefrontOBJ] Loading geometry from "Mesh018.obj" ..
2025-05-17 09:46:39 INFO  main [WavefrontOBJ] Mesh018: 2 triangles, 4 vertices (merged 2 vertices).
2025-05-17 09:46:39 INFO  main [WavefrontOBJ] Done with "Mesh018.obj" (took 0 ms)
2025-05-17 09:46:39 INFO  main [WavefrontOBJ] Loading geometry from "Mesh011.obj" ..
2025-05-17 09:46:39 INFO  main [WavefrontOBJ] Mesh011: 32 triangles, 30 vertices (merged 66 vertices).
2025-05-17 09:46:39 INFO  main [WavefrontOBJ] Done with "Mesh011.obj" (took 0 ms)
2025-05-17 09:46:39 INFO  main [PluginManager] Loading plugin "plugins/homogeneous.so" ..
2025-05-17 09:46:39 INFO  main [PluginManager] Loading plugin "plugins/isotropic.so" ..
2025-05-17 09:46:39 INFO  main [WavefrontOBJ] Loading geometry from "Mesh014.obj" ..
2025-05-17 09:46:39 INFO  main [WavefrontOBJ] Mesh014: 36 triangles, 72 vertices (merged 36 vertices).
2025-05-17 09:46:39 INFO  main [WavefrontOBJ] Done with "Mesh014.obj" (took 0 ms)
2025-05-17 09:46:39 INFO  main [WavefrontOBJ] Loading geometry from "Mesh001.obj" ..
2025-05-17 09:46:39 INFO  main [WavefrontOBJ] Mesh001: 924 triangles, 2016 vertices (merged 756 vertices).
2025-05-17 09:46:39 INFO  main [WavefrontOBJ] Done with "Mesh001.obj" (took 5 ms)
2025-05-17 09:46:39 INFO  main [WavefrontOBJ] Loading geometry from "Mesh000.obj" ..
2025-05-17 09:46:39 INFO  main [WavefrontOBJ] Mesh000: 3127 triangles, 2075 vertices (merged 7306 vertices).
2025-05-17 09:46:39 INFO  main [WavefrontOBJ] Done with "Mesh000.obj" (took 11 ms)
2025-05-17 09:46:39 INFO  main [WavefrontOBJ] Loading geometry from "Mesh009.obj" ..
2025-05-17 09:46:39 INFO  main [WavefrontOBJ] Mesh009: 146 triangles, 110 vertices (merged 328 vertices).
2025-05-17 09:46:39 INFO  main [WavefrontOBJ] Done with "Mesh009.obj" (took 0 ms)
2025-05-17 09:46:39 INFO  ren0 [KDTreeBase] Constructing a SAH kd-tree (30963 primitives) ..
2025-05-17 09:46:39 INFO  ren0 [KDTreeBase] Finished -- took 105 ms.
2025-05-17 09:46:39 INFO  ren0 [octree.h:535] root weight: 8.000e-20 (0.000000)
2025-05-17 09:46:39 INFO  ren0 [octree.h:536] splitting threshold: 8.000e-23 (0.000000)
2025-05-17 09:46:39 INFO  ren0 [octree.h:551] node count: 1 -> 585 -> 585

2025-05-17 09:46:39 INFO  ren0 [octree.h:535] root weight: 4.096e-17 (0.000000)
2025-05-17 09:46:39 INFO  ren0 [octree.h:536] splitting threshold: 4.096e-20 (0.000000)
2025-05-17 09:46:39 INFO  ren0 [octree.h:551] node count: 585 -> 585 -> 585

2025-05-17 09:46:39 INFO  ren0 [octree.h:535] root weight: 8.000e-20 (0.000000)
2025-05-17 09:46:39 INFO  ren0 [octree.h:536] splitting threshold: 8.000e-23 (0.000000)
2025-05-17 09:46:39 INFO  ren0 [octree.h:551] node count: 1 -> 585 -> 585

2025-05-17 09:46:39 INFO  ren0 [octree.h:535] root weight: 8.000e-20 (0.000000)
2025-05-17 09:46:39 INFO  ren0 [octree.h:536] splitting threshold: 8.000e-23 (0.000000)
2025-05-17 09:46:39 INFO  ren0 [octree.h:551] node count: 1 -> 585 -> 585

2025-05-17 09:46:39 INFO  ren0 [octree.h:535] root weight: 4.096e-17 (0.000000)
2025-05-17 09:46:39 INFO  ren0 [octree.h:536] splitting threshold: 4.096e-20 (0.000000)
2025-05-17 09:46:39 INFO  ren0 [octree.h:551] node count: 585 -> 585 -> 585

2025-05-17 09:46:39 INFO  ren0 [octree.h:535] root weight: 8.000e-20 (0.000000)
2025-05-17 09:46:39 INFO  ren0 [octree.h:536] splitting threshold: 8.000e-23 (0.000000)
2025-05-17 09:46:39 INFO  ren0 [octree.h:551] node count: 1 -> 585 -> 585

2025-05-17 09:46:39 INFO  ren0 [MIFocalGuidingPathTracer] AABB3[min=[-21.7494, -3.70393, -3.09172], max=[7.19249, 11.2965, 6.96201]]
2025-05-17 09:46:39 INFO  ren0 [MIFocalGuidingPathTracer] Starting render job (1280x720, 12 cores, SSE2 enabled) ..
2025-05-17 09:46:39 INFO  ren0 [MIFocalGuidingPathTracer] ITERATION 0, until 10.0 seconds
2025-05-17 09:46:50 INFO  ren0 [MIFocalGuidingPathTracer]   11.31 seconds elapsed, passes this iteration: 7, total passes: 7
2025-05-17 09:46:50 INFO  ren0 [MIFocalGuidingPathTracer] Got 146539 non-zero samples
2025-05-17 09:46:50 INFO  ren0 [gaussian_mixture_model.h:808] Processing mega batch of size 146539
2025-05-17 09:46:50 INFO  ren0 [gaussian_mixture_model.h:547] KMeans
2025-05-17 09:46:50 INFO  ren0 [MIFocalGuidingPathTracer] GMM[
weight = 0.0196023 mean = [-5.1616 2.67578 2.5636] covariance = [[8.32161 -0.0594183 0.486128][-0.0594183 7.75688 -0.477139][0.486128 -0.477139 2.95082]]
weight = 0.361138 mean = [2.53921 1.16204 -2.61739] covariance = [[0.60296 -0.241061 0.100115][-0.241061 0.402906 0.0155121][0.100115 0.0155121 0.757771]]
weight = 0.0942331 mean = [1.629 4.26828 1.37356] covariance = [[5.20528 -0.231516 0.129796][-0.231516 3.30875 0.058503][0.129796 0.058503 3.1085]]
weight = 0.0196023 mean = [-9.17372 3.37713 2.14295] covariance = [[8.32161 -0.0594183 0.486128][-0.0594183 7.75688 -0.477139][0.486128 -0.477139 2.95082]]
weight = 0.00473878 mean = [-4.57384 8.97877 2.84516] covariance = [[16.8631 -1.42566 1.71785][-1.42566 2.91456 -2.03912][1.71785 -2.03912 8.93419]]
weight = 0.32075 mean = [-1.25948 3.26085 -2.59207] covariance = [[5.01777 -1.72603 -0.297655][-1.72603 1.93787 -0.0254571][-0.297655 -0.0254571 0.716844]]
weight = 0.0436132 mean = [5.48451 3.12575 5.2109] covariance = [[1.47562 0.330063 -0.0254921][0.330063 3.20873 -0.190621][-0.0254921 -0.190621 1.45547]]
weight = 0.0600567 mean = [4.00853 0.665405 1.94585] covariance = [[7.44524 2.127 0.190064][2.127 3.72047 0.401471][0.190064 0.401471 2.30752]]
weight = 0.0762659 mean = [5.27825 3.15817 -1.305] covariance = [[1.76169 -0.207761 0.267371][-0.207761 2.41969 0.243038][0.267371 0.243038 1.54108]]
]
2025-05-17 09:46:50 INFO  ren0 [octree.h:535] root weight: 2.900e+06 (2899555.750000)
2025-05-17 09:46:50 INFO  ren0 [octree.h:536] splitting threshold: 2.900e+03 (2899.555908)
2025-05-17 09:46:50 INFO  ren0 [octree.h:535] root weight: 3.591e+05 (359085.000000)
2025-05-17 09:46:50 INFO  ren0 [octree.h:536] splitting threshold: 3.591e+02 (359.085022)
2025-05-17 09:46:50 INFO  ren0 [octree.h:551] node count: 585 -> 964 -> 777

2025-05-17 09:46:50 INFO  ren0 [octree.h:551] node count: 585 -> 612 -> 450

2025-05-17 09:46:50 INFO  ren0 [MIFocalGuidingPathTracer] ITERATION 1, until 20.0 seconds
2025-05-17 09:47:09 INFO  ren0 [MIFocalGuidingPathTracer]   29.73 seconds elapsed, passes this iteration: 1, total passes: 8
2025-05-17 09:47:09 INFO  ren0 [MIFocalGuidingPathTracer] Got 70923 non-zero samples
2025-05-17 09:47:09 INFO  ren0 [gaussian_mixture_model.h:808] Processing mega batch of size 70923
2025-05-17 09:47:09 INFO  ren0 [MIFocalGuidingPathTracer] GMM[
weight = 0.0177288 mean = [-3.98183 2.09609 2.02238] covariance = [[5.50033 -0.11833 0.315975][-0.11833 5.31977 0.369153][0.315975 0.369153 3.36812]]
weight = 0.321243 mean = [2.57307 1.14491 -2.68255] covariance = [[0.446294 -0.192559 0.0846109][-0.192559 0.26436 0.00717178][0.0846109 0.00717178 0.450876]]
weight = 0.0254427 mean = [-9.97244 3.96204 1.39381] covariance = [[17.4542 -3.79966 1.00585][-3.79966 5.77233 -0.0182549][1.00585 -0.0182549 6.07219]]
weight = 0.00425984 mean = [-5.8591 8.8117 1.72347] covariance = [[58.9496 1.91365 3.43093][1.91365 2.16969 -1.80557][3.43093 -1.80557 10.4641]]
weight = 0.29085 mean = [-0.79219 3.09498 -2.67148] covariance = [[4.747 -1.79765 -0.274011][-1.79765 1.56505 0.0517297][-0.274011 0.0517297 0.464498]]
weight = 0.0177288 mean = [-7.12201 3.19391 1.75563] covariance = [[5.50033 -0.11833 0.315975][-0.11833 5.31977 0.369153][0.315975 0.369153 3.36812]]
weight = 0.0387951 mean = [5.4269 2.75809 4.98748] covariance = [[1.73569 0.176717 -0.387898][0.176717 4.26693 -0.457634][-0.387898 -0.457634 1.67]]
weight = 0.186684 mean = [2.70119 2.78825 1.48779] covariance = [[7.27504 -0.375033 0.607641][-0.375033 5.77523 -0.226141][0.607641 -0.226141 2.72579]]
weight = 0.0972686 mean = [5.12956 3.02861 -1.22253] covariance = [[1.77928 -0.653795 0.313075][-0.653795 2.5383 0.27016][0.313075 0.27016 1.55125]]
]
2025-05-17 09:47:09 INFO  ren0 [octree.h:535] root weight: 2.204e+06 (2204158.750000)
2025-05-17 09:47:09 INFO  ren0 [octree.h:536] splitting threshold: 2.204e+03 (2204.158936)
2025-05-17 09:47:09 INFO  ren0 [octree.h:535] root weight: 2.256e+05 (225583.921875)
2025-05-17 09:47:09 INFO  ren0 [octree.h:536] splitting threshold: 2.256e+02 (225.583939)
2025-05-17 09:47:09 INFO  ren0 [octree.h:551] node count: 777 -> 863 -> 776

2025-05-17 09:47:09 INFO  ren0 [octree.h:551] node count: 450 -> 457 -> 444

2025-05-17 09:47:09 INFO  ren0 [MIFocalGuidingPathTracer] ITERATION 2, until 30.0 seconds
2025-05-17 09:47:28 INFO  ren0 [MIFocalGuidingPathTracer]   49.44 seconds elapsed, passes this iteration: 1, total passes: 9
2025-05-17 09:47:28 INFO  ren0 [MIFocalGuidingPathTracer] Got 110170 non-zero samples
2025-05-17 09:47:28 INFO  ren0 [gaussian_mixture_model.h:808] Processing mega batch of size 110170
2025-05-17 09:47:29 INFO  ren0 [MIFocalGuidingPathTracer] GMM[
weight = 0.0109762 mean = [-3.80566 1.21598 1.74106] covariance = [[4.75887 1.03891 0.291936][1.03891 5.12927 0.363082][0.291936 0.363082 3.25194]]
weight = 0.140915 mean = [2.35743 1.22489 -2.91039] covariance = [[0.140122 -0.0418694 -0.00815442][-0.0418694 0.108684 0.0267095][-0.00815442 0.0267095 0.201285]]
weight = 0.0109762 mean = [-5.94854 3.00053 1.77616] covariance = [[4.75887 1.03891 0.291936][1.03891 5.12927 0.363082][0.291936 0.363082 3.25194]]
weight = 0.140915 mean = [2.80421 0.979297 -2.67047] covariance = [[0.140122 -0.0418694 -0.00815442][-0.0418694 0.108684 0.0267095][-0.00815442 0.0267095 0.201285]]
weight = 0.00374589 mean = [-4.72638 8.97429 1.55705] covariance = [[42.8386 3.37772 0.566735][3.37772 1.81432 -1.19335][0.566735 -1.19335 9.43608]]
weight = 0.346057 mean = [-0.646876 3.01187 -2.80985] covariance = [[5.05532 -2.24075 -0.185058][-2.24075 1.42945 0.0544055][-0.185058 0.0544055 0.212306]]
weight = 0.038185 mean = [-9.03699 2.92199 1.42499] covariance = [[12.4264 -1.19774 0.148892][-1.19774 5.50816 -1.49557][0.148892 -1.49557 4.18577]]
weight = 0.0434889 mean = [5.616 3.03812 5.15486] covariance = [[1.61368 0.532829 -0.0398364][0.532829 3.5786 -0.278966][-0.0398364 -0.278966 1.63913]]
weight = 0.26474 mean = [3.95307 2.64527 0.0493149] covariance = [[5.44114 0.221057 -0.787826][0.221057 4.24678 -0.243532][-0.787826 -0.243532 3.9304]]
]
2025-05-17 09:47:29 INFO  ren0 [octree.h:535] root weight: 1.909e+06 (1908514.375000)
2025-05-17 09:47:29 INFO  ren0 [octree.h:536] splitting threshold: 1.909e+03 (1908.514526)
2025-05-17 09:47:29 INFO  ren0 [octree.h:535] root weight: 1.935e+05 (193470.140625)
2025-05-17 09:47:29 INFO  ren0 [octree.h:536] splitting threshold: 1.935e+02 (193.470154)
2025-05-17 09:47:29 INFO  ren0 [octree.h:551] node count: 776 -> 889 -> 769

2025-05-17 09:47:29 INFO  ren0 [octree.h:551] node count: 444 -> 455 -> 441

2025-05-17 09:47:29 INFO  ren0 [MIFocalGuidingPathTracer] ITERATION 3, until 40.0 seconds
2025-05-17 09:47:48 INFO  ren0 [MIFocalGuidingPathTracer]   68.71 seconds elapsed, passes this iteration: 1, total passes: 10
2025-05-17 09:47:48 INFO  ren0 [MIFocalGuidingPathTracer] Got 180229 non-zero samples
2025-05-17 09:47:48 INFO  ren0 [gaussian_mixture_model.h:808] Processing mega batch of size 180229
2025-05-17 09:47:48 INFO  ren0 [MIFocalGuidingPathTracer] GMM[
weight = 0.00227987 mean = [-2.60167 9.50712 1.55426] covariance = [[6.51913 0.575421 -0.243148][0.575421 0.720387 -0.970701][-0.243148 -0.970701 5.83406]]
weight = 0.0710747 mean = [-1.52088 3.54287 -2.76777] covariance = [[2.7988 -1.17905 0.0485857][-1.17905 0.828673 -0.0105282][0.0485857 -0.0105282 0.148101]]
weight = 0.047902 mean = [5.77304 2.95457 5.65265] covariance = [[0.555451 -0.293356 0.0203253][-0.293356 0.831129 -0.0187767][0.0203253 -0.0187767 1.09424]]
weight = 0.00227987 mean = [0.696525 10.0662 0.0494165] covariance = [[6.51913 0.575421 -0.243148][0.575421 0.720387 -0.970701][-0.243148 -0.970701 5.83406]]
weight = 0.0710747 mean = [0.823957 2.44656 -2.72859] covariance = [[2.7988 -1.17905 0.0485857][-1.17905 0.828673 -0.0105282][0.0485857 -0.0105282 0.148101]]
weight = 0.00597381 mean = [-5.17555 3.06088 0.0386391] covariance = [[4.23013 -0.0889897 -0.00853639][-0.0889897 4.05661 1.03313][-0.00853639 1.03313 3.15996]]
weight = 0.047902 mean = [6.49569 1.80778 5.22759] covariance = [[0.555451 -0.293356 0.0203253][-0.293356 0.831129 -0.0187767][0.0203253 -0.0187767 1.09424]]
weight = 0.00597381 mean = [-2.30514 3.39128 0.337817] covariance = [[4.23013 -0.0889897 -0.00853639][-0.0889897 4.05661 1.03313][-0.00853639 1.03313 3.15996]]
weight = 0.745539 mean = [4.25511 2.77052 -1.48519] covariance = [[3.62596 1.19739 0.68773][1.19739 3.01434 0.232367][0.68773 0.232367 2.67887]]
]
2025-05-17 09:47:48 INFO  ren0 [octree.h:535] root weight: 2.125e+06 (2125006.500000)
2025-05-17 09:47:48 INFO  ren0 [octree.h:536] splitting threshold: 2.125e+03 (2125.006592)
2025-05-17 09:47:48 INFO  ren0 [octree.h:535] root weight: 1.733e+05 (173294.703125)
2025-05-17 09:47:48 INFO  ren0 [octree.h:536] splitting threshold: 1.733e+02 (173.294708)
2025-05-17 09:47:48 INFO  ren0 [octree.h:551] node count: 769 -> 910 -> 750

2025-05-17 09:47:48 INFO  ren0 [octree.h:551] node count: 441 -> 447 -> 432

2025-05-17 09:47:48 INFO  ren0 [MIFocalGuidingPathTracer] ITERATION 4, until 50.0 seconds
2025-05-17 09:48:13 INFO  ren0 [MIFocalGuidingPathTracer]   93.66 seconds elapsed, passes this iteration: 1, total passes: 11
2025-05-17 09:48:13 INFO  ren0 [MIFocalGuidingPathTracer] Got 71409 non-zero samples
2025-05-17 09:48:13 INFO  ren0 [gaussian_mixture_model.h:808] Processing mega batch of size 71409
2025-05-17 09:48:13 INFO  ren0 [MIFocalGuidingPathTracer] GMM[
weight = 0.000513801 mean = [-0.761021 9.90135 -0.397834] covariance = [[14.2296 1.40181 0.165528][1.40181 0.831433 -0.593921][0.165528 -0.593921 3.68381]]
weight = 0.0286777 mean = [4.80931 3.5971 5.4132] covariance = [[0.914873 -0.60266 0.0781303][-0.60266 2.05806 -0.352889][0.0781303 -0.352889 0.883705]]
weight = 0.000513801 mean = [-6.09455 9.35162 -0.449869] covariance = [[14.2296 1.40181 0.165528][1.40181 0.831433 -0.593921][0.165528 -0.593921 3.68381]]
weight = 0.00268924 mean = [0.845215 10.1193 0.261928] covariance = [[8.0185 0.750728 0.772496][0.750728 0.663865 -0.783555][0.772496 -0.783555 4.55432]]
weight = 0.318097 mean = [0.427882 2.39997 -2.9061] covariance = [[4.51538 -2.53984 -0.057419][-2.53984 1.53991 0.0496989][-0.057419 0.0496989 0.0524532]]
weight = 0.0395508 mean = [6.21915 1.67763 4.78304] covariance = [[0.902462 -0.420482 -0.509055][-0.420482 1.49878 0.602334][-0.509055 0.602334 1.81461]]
weight = 0.0711303 mean = [-4.98244 3.59964 0.422114] covariance = [[11.4196 3.27369 1.67975][3.27369 3.92449 0.755533][1.67975 0.755533 3.7569]]
weight = 0.538827 mean = [3.89052 2.19326 -1.34207] covariance = [[3.38591 0.72549 0.668234][0.72549 3.05834 0.242181][0.668234 0.242181 3.07105]]
]
2025-05-17 09:48:13 INFO  ren0 [octree.h:535] root weight: 1.754e+06 (1753923.000000)
2025-05-17 09:48:13 INFO  ren0 [octree.h:536] splitting threshold: 1.754e+03 (1753.923096)
2025-05-17 09:48:13 INFO  ren0 [octree.h:535] root weight: 1.401e+05 (140114.015625)
2025-05-17 09:48:13 INFO  ren0 [octree.h:536] splitting threshold: 1.401e+02 (140.114029)
2025-05-17 09:48:13 INFO  ren0 [octree.h:551] node count: 750 -> 854 -> 791

2025-05-17 09:48:13 INFO  ren0 [octree.h:551] node count: 432 -> 441 -> 433

2025-05-17 09:48:13 INFO  ren0 [MIFocalGuidingPathTracer] ITERATION 5, until 60.0 seconds
2025-05-17 09:48:32 INFO  ren0 [MIFocalGuidingPathTracer]   112.72 seconds elapsed, passes this iteration: 1, total passes: 12
2025-05-17 09:48:32 INFO  ren0 [MIFocalGuidingPathTracer] Got 166678 non-zero samples
2025-05-17 09:48:32 INFO  ren0 [gaussian_mixture_model.h:808] Processing mega batch of size 166678
2025-05-17 09:48:32 INFO  ren0 [MIFocalGuidingPathTracer] GMM[
weight = 0.00042634 mean = [1.55657 9.72435 0.00447888] covariance = [[12.3606 0.200409 -0.311696][0.200409 0.739976 -0.432931][-0.311696 -0.432931 2.93779]]
weight = 0.00396679 mean = [-9.98255 8.22826 0.830319] covariance = [[13.6813 0.163547 -0.365289][0.163547 2.90643 0.292912][-0.365289 0.292912 2.62252]]
weight = 0.00385644 mean = [0.244087 9.84413 0.899979] covariance = [[9.23689 -0.144028 -1.07962][-0.144028 0.51915 -0.826548][-1.07962 -0.826548 4.50636]]
weight = 0.478546 mean = [0.8324 2.10037 -2.95825] covariance = [[3.11229 -1.86869 0.000155639][-1.86869 1.1466 0.000780871][0.000155639 0.000780871 0.00841711]]
weight = 0.0561554 mean = [5.50208 4.16383 5.57662] covariance = [[1.55329 0.936704 -0.363048][0.936704 1.49736 -0.359336][-0.363048 -0.359336 0.625595]]
weight = 0.0380928 mean = [6.13209 2.53954 4.64179] covariance = [[0.9346 0.172432 -0.482447][0.172432 3.03705 0.541829][-0.482447 0.541829 1.76748]]
weight = 0.00042634 mean = [-3.41464 9.63245 0.172888] covariance = [[12.3606 0.200409 -0.311696][0.200409 0.739976 -0.432931][-0.311696 -0.432931 2.93779]]
weight = 0.41853 mean = [3.03072 2.45084 -0.498354] covariance = [[8.355 0.0402122 -0.293416][0.0402122 3.29259 0.188931][-0.293416 0.188931 4.00138]]
]
2025-05-17 09:48:32 INFO  ren0 [octree.h:535] root weight: 1.460e+06 (1459982.625000)
2025-05-17 09:48:32 INFO  ren0 [octree.h:536] splitting threshold: 1.460e+03 (1459.982666)
2025-05-17 09:48:32 INFO  ren0 [octree.h:535] root weight: 1.079e+05 (107932.742188)
2025-05-17 09:48:32 INFO  ren0 [octree.h:536] splitting threshold: 1.079e+02 (107.932747)
2025-05-17 09:48:32 INFO  ren0 [octree.h:551] node count: 791 -> 917 -> 804

2025-05-17 09:48:32 INFO  ren0 [octree.h:551] node count: 433 -> 438 -> 431

2025-05-17 09:48:32 INFO  ren0 [MIFocalGuidingPathTracer] ITERATION 6, until 70.0 seconds
2025-05-17 09:48:50 INFO  ren0 [MIFocalGuidingPathTracer]   131.01 seconds elapsed, passes this iteration: 1, total passes: 13
2025-05-17 09:48:50 INFO  ren0 [MIFocalGuidingPathTracer] Got 621116 non-zero samples
2025-05-17 09:48:50 INFO  ren0 [gaussian_mixture_model.h:808] Processing mega batch of size 621116
2025-05-17 09:48:50 INFO  ren0 [MIFocalGuidingPathTracer] GMM[
weight = 0.00447416 mean = [-6.39085 4.24847 0.346257] covariance = [[8.35562 1.47671 0.439843][1.47671 4.44993 0.106098][0.439843 0.106098 4.36439]]
weight = 0.00689696 mean = [5.64638 2.62444 4.5468] covariance = [[1.15391 0.114047 -0.28373][0.114047 1.08102 -0.212273][-0.28373 -0.212273 1.51453]]
weight = 0.0442265 mean = [-5.64919 5.01318 1.3979] covariance = [[2.49187 0.303917 -0.286599][0.303917 2.31151 0.275616][-0.286599 0.275616 5.02673]]
weight = 0.00447416 mean = [-10.3712 2.91646 -0.0712738] covariance = [[8.35562 1.47671 0.439843][1.47671 4.44993 0.106098][0.439843 0.106098 4.36439]]
weight = 0.515357 mean = [1.84063 1.50753 -2.98477] covariance = [[1.70677 -0.986029 -0.00415006][-0.986029 0.573075 0.00245107][-0.00415006 0.00245107 0.000151654]]
weight = 0.00689696 mean = [6.012 3.80403 5.22707] covariance = [[1.15391 0.114047 -0.28373][0.114047 1.08102 -0.212273][-0.28373 -0.212273 1.51453]]
weight = 0.0118095 mean = [5.30535 1.33342 4.28097] covariance = [[1.27045 0.320645 0.167419][0.320645 1.92386 0.103061][0.167419 0.103061 2.33085]]
weight = 0.00135538 mean = [-0.278323 9.59532 2.07992] covariance = [[8.16986 -0.640397 3.50847][-0.640397 0.302142 0.357218][3.50847 0.357218 5.66949]]
weight = 0.404509 mean = [2.66784 2.68124 -1.26372] covariance = [[8.97027 -0.543398 0.28317][-0.543398 2.53649 -0.0934259][0.28317 -0.0934259 3.99976]]
]
2025-05-17 09:48:50 INFO  ren0 [octree.h:535] root weight: 1.365e+06 (1365032.000000)
2025-05-17 09:48:50 INFO  ren0 [octree.h:536] splitting threshold: 1.365e+03 (1365.032104)
2025-05-17 09:48:50 INFO  ren0 [octree.h:535] root weight: 1.264e+05 (126361.804688)
2025-05-17 09:48:50 INFO  ren0 [octree.h:536] splitting threshold: 1.264e+02 (126.361809)
2025-05-17 09:48:50 INFO  ren0 [octree.h:551] node count: 804 -> 922 -> 809

2025-05-17 09:48:50 INFO  ren0 [octree.h:551] node count: 431 -> 448 -> 443

2025-05-17 09:48:50 INFO  ren0 [MIFocalGuidingPathTracer] ITERATION 7, until 80.0 seconds
2025-05-17 09:49:13 INFO  ren0 [MIFocalGuidingPathTracer]   153.62 seconds elapsed, passes this iteration: 1, total passes: 14
2025-05-17 09:49:13 INFO  ren0 [MIFocalGuidingPathTracer] Got 2173816 non-zero samples
2025-05-17 09:49:13 INFO  ren0 [gaussian_mixture_model.h:808] Processing mega batch of size 2173816
2025-05-17 09:49:14 INFO  ren0 [MIFocalGuidingPathTracer] GMM[
weight = 0.0001032 mean = [0.0687438 2.49039 -2.9323] covariance = [[0.000126209 -0.000105766 0.000117181][-0.000105766 0.000263199 -8.44913e-05][0.000117181 -8.44913e-05 0.000771852]]
weight = 0.0001032 mean = [0.0610018 2.49782 -2.97088] covariance = [[0.000126209 -0.000105766 0.000117181][-0.000105766 0.000263199 -8.44913e-05][0.000117181 -8.44913e-05 0.000771852]]
weight = 0.00297015 mean = [0.0933783 2.48312 -2.97858] covariance = [[0.00347028 0.000118573 0.000606169][0.000118573 0.000182771 0.000127943][0.000606169 0.000127943 0.000319915]]
weight = 0.00227449 mean = [0.0496526 2.5176 -2.98574] covariance = [[4.36078e-05 4.86477e-06 -1.78058e-05][4.86477e-06 0.00019904 -0.000156326][-1.78058e-05 -0.000156326 0.000266581]]
weight = 0.00547525 mean = [2.23297 1.29827 -2.98272] covariance = [[0.666694 -0.362605 0.00211238][-0.362605 0.197734 -0.000917315][0.00211238 -0.000917315 0.000111368]]
weight = 0.0740092 mean = [2.34971 1.28743 -2.97543] covariance = [[0.602833 -0.324153 0.000894225][-0.324153 0.177644 -9.04104e-05][0.000894225 -9.04104e-05 4.79549e-05]]
weight = 0.00422587 mean = [0.816336 -2.3037 3.81111] covariance = [[23.6155 0.908521 0.631664][0.908521 0.517937 0.543539][0.631664 0.543539 3.42693]]
weight = 0.00210307 mean = [-1.7709 9.72325 -1.13501] covariance = [[39.7865 -2.48238 -4.51503][-2.48238 0.765605 -0.0133686][-4.51503 -0.0133686 2.08908]]
weight = 0.908736 mean = [2.24877 2.38527 -0.61331] covariance = [[12.2669 -0.667869 1.62085][-0.667869 3.28193 1.49449][1.62085 1.49449 7.63698]]
]
2025-05-17 09:49:14 INFO  ren0 [octree.h:535] root weight: 1.114e+06 (1113718.125000)
2025-05-17 09:49:14 INFO  ren0 [octree.h:536] splitting threshold: 1.114e+03 (1113.718140)
2025-05-17 09:49:14 INFO  ren0 [octree.h:535] root weight: 1.044e+05 (104364.851562)
2025-05-17 09:49:14 INFO  ren0 [octree.h:536] splitting threshold: 1.044e+02 (104.364853)
2025-05-17 09:49:14 INFO  ren0 [octree.h:551] node count: 809 -> 880 -> 800

2025-05-17 09:49:14 INFO  ren0 [octree.h:551] node count: 443 -> 448 -> 439

2025-05-17 09:49:14 INFO  ren0 [MIFocalGuidingPathTracer] ITERATION 8, until 90.0 seconds
2025-05-17 09:49:33 INFO  ren0 [MIFocalGuidingPathTracer]   174.50 seconds elapsed, passes this iteration: 1, total passes: 15
2025-05-17 09:49:34 INFO  ren0 [MIFocalGuidingPathTracer] Got 321069 non-zero samples
2025-05-17 09:49:34 INFO  ren0 [gaussian_mixture_model.h:808] Processing mega batch of size 321069
2025-05-17 09:49:34 INFO  ren0 [MIFocalGuidingPathTracer] GMM[
weight = 8.88305e-05 mean = [0.0860292 2.46871 -2.89515] covariance = [[0.000223598 2.08018e-05 4.41563e-05][2.08018e-05 0.000227259 -1.66921e-05][4.41563e-05 -1.66921e-05 0.000141525]]
weight = 8.88305e-05 mean = [0.0771917 2.48559 -2.90326] covariance = [[0.000223598 2.08018e-05 4.41563e-05][2.08018e-05 0.000227259 -1.66921e-05][4.41563e-05 -1.66921e-05 0.000141525]]
weight = 0.000912544 mean = [0.0746804 2.45606 -2.89535] covariance = [[2.93051e-05 -1.31879e-05 -4.88798e-08][-1.31879e-05 4.29875e-05 6.46921e-07][-4.88798e-08 6.46921e-07 9.84944e-06]]
weight = 0.0270246 mean = [0.0786799 2.52821 -2.98354] covariance = [[0.00179945 0.000746893 1.15671e-05][0.000746893 0.00278466 -0.000115588][1.15671e-05 -0.000115588 0.000182007]]
weight = 5.25135e-05 mean = [0.0969041 2.48178 -2.89656] covariance = [[2.1553e-05 -9.44228e-06 1.53777e-05][-9.44228e-06 3.45657e-05 -3.32767e-05][1.53777e-05 -3.32767e-05 6.49412e-05]]
weight = 0.0936397 mean = [2.51981 1.12711 -2.98515] covariance = [[0.010787 -0.00639023 0.000249634][-0.00639023 0.00653396 -5.41098e-05][0.000249634 -5.41098e-05 6.81522e-05]]
weight = 0.00494696 mean = [-7.01773 -1.43315 2.15576] covariance = [[33.7085 -4.54094 -3.6912][-4.54094 2.4064 0.397117][-3.6912 0.397117 5.03952]]
weight = 0.0318548 mean = [-4.26074 10.0616 -0.753341] covariance = [[7.14054 -0.217308 0.552955][-0.217308 0.428943 0.0382778][0.552955 0.0382778 0.669093]]
weight = 0.841391 mean = [1.8591 2.84011 -0.401174] covariance = [[13.791 -3.25879 0.7455][-3.25879 4.9029 0.161107][0.7455 0.161107 6.23943]]
]
2025-05-17 09:49:34 INFO  ren0 [octree.h:535] root weight: 1.631e+06 (1630678.750000)
2025-05-17 09:49:34 INFO  ren0 [octree.h:536] splitting threshold: 1.631e+03 (1630.678833)
2025-05-17 09:49:34 INFO  ren0 [octree.h:535] root weight: 1.924e+05 (192438.203125)
2025-05-17 09:49:34 INFO  ren0 [octree.h:536] splitting threshold: 1.924e+02 (192.438217)
2025-05-17 09:49:34 INFO  ren0 [octree.h:551] node count: 800 -> 929 -> 795

2025-05-17 09:49:34 INFO  ren0 [octree.h:551] node count: 439 -> 459 -> 451

2025-05-17 09:49:34 INFO  ren0 [MIFocalGuidingPathTracer] ITERATION 9, until 100.0 seconds
2025-05-17 09:49:53 INFO  ren0 [MIFocalGuidingPathTracer]   193.86 seconds elapsed, passes this iteration: 1, total passes: 16
2025-05-17 09:49:53 INFO  ren0 [pmm_focal_guiding_recursive.cpp:214] starting iterative narrowing
2025-05-17 09:49:53 INFO  ren0 [MIFocalGuidingPathTracer] Got 1401275 non-zero samples
2025-05-17 09:49:53 INFO  ren0 [gaussian_mixture_model.h:808] Processing mega batch of size 1401275
2025-05-17 09:49:54 INFO  ren0 [MIFocalGuidingPathTracer] GMM[
weight = 0.0430773 mean = [2.12164 1.79959 -2.76085] covariance = [[1.13122 -0.41074 0.0874906][-0.41074 0.63367 0.0924386][0.0874906 0.0924386 0.172062]]
weight = 0.0463821 mean = [2.18492 2.08282 -2.5549] covariance = [[2.12352 -0.137401 0.304954][-0.137401 1.00256 0.418563][0.304954 0.418563 1.3984]]
weight = 0.0463821 mean = [1.66565 3.13751 -1.20103] covariance = [[2.12352 -0.137401 0.304954][-0.137401 1.00256 0.418563][0.304954 0.418563 1.3984]]
weight = 0.0253366 mean = [-0.174327 2.80525 -2.81192] covariance = [[1.82661 -0.98207 0.0482202][-0.98207 0.709445 0.109876][0.0482202 0.109876 0.28548]]
weight = 0.0246478 mean = [2.5453 1.13581 -2.99001] covariance = [[0.00115835 -0.000454015 4.59513e-05][-0.000454015 0.00158053 2.60642e-05][4.59513e-05 2.60642e-05 4.21157e-06]]
weight = 0.000174746 mean = [0.0741035 2.52132 -2.89501] covariance = [[0.000184113 1.18155e-05 -4.31202e-06][1.18155e-05 5.50565e-05 -7.07454e-06][-4.31202e-06 -7.07454e-06 1.28178e-05]]
weight = 0.00834729 mean = [2.39302 2.03507 -2.72646] covariance = [[0.181891 -0.109468 -0.0298707][-0.109468 0.475659 0.116488][-0.0298707 0.116488 0.0427041]]
weight = 0.453717 mean = [2.52609 1.10849 -2.98819] covariance = [[0.00249479 -0.000287778 0.000135904][-0.000287778 0.0020356 -0.000121741][0.000135904 -0.000121741 1.40266e-05]]
weight = 0.351935 mean = [3.49908 2.22382 0.330715] covariance = [[9.59045 -0.578079 2.54945][-0.578079 5.07378 1.00665][2.54945 1.00665 7.41853]]
]
2025-05-17 09:49:54 INFO  ren0 [octree.h:535] root weight: 1.522e+06 (1522456.750000)
2025-05-17 09:49:54 INFO  ren0 [octree.h:536] splitting threshold: 1.522e+03 (1522.456787)
2025-05-17 09:49:54 INFO  ren0 [octree.h:535] root weight: 1.689e+05 (168874.312500)
2025-05-17 09:49:54 INFO  ren0 [octree.h:536] splitting threshold: 1.689e+02 (168.874313)
2025-05-17 09:49:54 INFO  ren0 [octree.h:551] node count: 795 -> 900 -> 810

2025-05-17 09:49:54 INFO  ren0 [octree.h:551] node count: 451 -> 461 -> 447

2025-05-17 09:49:54 INFO  ren0 [MIFocalGuidingPathTracer] ITERATION 10, until 110.0 seconds
2025-05-17 09:50:19 INFO  ren0 [MIFocalGuidingPathTracer]   220.33 seconds elapsed, passes this iteration: 1, total passes: 17
2025-05-17 09:50:19 INFO  ren0 [MIFocalGuidingPathTracer] Got 8828540 non-zero samples
2025-05-17 09:50:20 INFO  ren0 [gaussian_mixture_model.h:808] Processing mega batch of size 8828540
2025-05-17 09:50:27 INFO  ren0 [MIFocalGuidingPathTracer] GMM[
weight = 0.584599 mean = [2.55955 1.15387 -2.99356] covariance = [[0.000948105 0.000122156 -8.62785e-05][0.000122156 0.000271755 -4.67461e-05][-8.62785e-05 -4.67461e-05 0.00098132]]
weight = 0.00168684 mean = [1.69904 1.57373 -2.62942] covariance = [[0.58819 -0.309168 0.138947][-0.309168 0.208171 -0.0483722][0.138947 -0.0483722 0.124051]]
weight = 0.0051117 mean = [0.769407 2.41858 -2.47388] covariance = [[3.27564 -0.509902 1.3766][-0.509902 1.32103 0.117188][1.3766 0.117188 2.90978]]
weight = 0.196233 mean = [2.48903 1.1255 -2.9674] covariance = [[0.00157091 -0.000993664 2.14628e-05][-0.000993664 0.00126993 0.000220506][2.14628e-05 0.000220506 0.000260553]]
weight = 0.00168684 mean = [2.77726 0.981151 -2.36242] covariance = [[0.58819 -0.309168 0.138947][-0.309168 0.208171 -0.0483722][0.138947 -0.0483722 0.124051]]
weight = 0.0051117 mean = [3.04713 2.12567 -0.537638] covariance = [[3.27564 -0.509902 1.3766][-0.509902 1.32103 0.117188][1.3766 0.117188 2.90978]]
weight = 0.00933803 mean = [-2.29017 3.98934 -2.9462] covariance = [[1.6208e-05 -4.73532e-06 5.78624e-06][-4.73532e-06 3.45098e-05 9.01835e-06][5.78624e-06 9.01835e-06 2.40646e-05]]
weight = 0.196233 mean = [2.54148 1.07991 -2.9715] covariance = [[0.00157091 -0.000993664 2.14628e-05][-0.000993664 0.00126993 0.000220506][2.14628e-05 0.000220506 0.000260553]]
]
2025-05-17 09:50:27 INFO  ren0 [octree.h:535] root weight: 7.175e+07 (71752528.000000)
2025-05-17 09:50:27 INFO  ren0 [octree.h:536] splitting threshold: 7.175e+04 (71752.531250)
2025-05-17 09:50:27 INFO  ren0 [octree.h:535] root weight: 4.562e+04 (45615.296875)
2025-05-17 09:50:27 INFO  ren0 [octree.h:536] splitting threshold: 4.562e+01 (45.615299)
2025-05-17 09:50:27 INFO  ren0 [octree.h:551] node count: 810 -> 1277 -> 1138

2025-05-17 09:50:27 INFO  ren0 [octree.h:551] node count: 447 -> 447 -> 441

2025-05-17 09:50:27 INFO  ren0 [MIFocalGuidingPathTracer] ITERATION 11, until 120.0 seconds
2025-05-17 09:50:40 INFO  ren0 [MIFocalGuidingPathTracer]   241.44 seconds elapsed, passes this iteration: 1, total passes: 18
2025-05-17 09:50:40 INFO  ren0 [MIFocalGuidingPathTracer] Got 6360086 non-zero samples
2025-05-17 09:50:41 INFO  ren0 [gaussian_mixture_model.h:808] Processing mega batch of size 6360086
2025-05-17 09:50:44 INFO  ren0 [MIFocalGuidingPathTracer] GMM[
weight = 1 mean = [-2.28963 3.97068 -2.95076] covariance = [[0.00278574 0.000998419 9.96819e-05][0.000998419 0.000795105 5.47973e-05][9.96819e-05 5.47973e-05 4.76587e-05]]
]
2025-05-17 09:50:44 INFO  ren0 [octree.h:535] root weight: 8.964e+08 (896421376.000000)
2025-05-17 09:50:44 INFO  ren0 [octree.h:536] splitting threshold: 8.964e+05 (896421.437500)
2025-05-17 09:50:44 INFO  ren0 [octree.h:535] root weight: 7.774e+03 (7774.440918)
2025-05-17 09:50:44 INFO  ren0 [octree.h:536] splitting threshold: 7.774e+00 (7.774441)
2025-05-17 09:50:45 INFO  ren0 [octree.h:551] node count: 1138 -> 1435 -> 1344

2025-05-17 09:50:45 INFO  ren0 [octree.h:551] node count: 441 -> 441 -> 441

2025-05-17 09:50:45 INFO  ren0 [MIFocalGuidingPathTracer] ITERATION 12, until 130.0 seconds
2025-05-17 09:50:48 INFO  ren0 [MIFocalGuidingPathTracer]   248.78 seconds elapsed, passes this iteration: 1, total passes: 19
2025-05-17 09:50:48 INFO  ren0 [MIFocalGuidingPathTracer] Got 5325471 non-zero samples
2025-05-17 09:50:48 INFO  ren0 [gaussian_mixture_model.h:808] Processing mega batch of size 5325471
2025-05-17 09:50:50 INFO  ren0 [MIFocalGuidingPathTracer] GMM[
