2025-05-18 16:25:02 INFO  main [mitsuba.cpp:274] Mitsuba version 0.6.0 (Linux, 64 bit), Copyright (c) 2017 Wenzel Jakob
2025-05-18 16:25:02 INFO  main [mitsuba.cpp:377] Parsing scene description from "scene/modern-hall/modern-hall.xml" ..
2025-05-18 16:25:02 INFO  main [scenehandler.cpp:675] In file "/mitsuba/scene/modern-hall/modern-hall.xml" (near line 20): Parsing included file "pmm_focal_recursive.xml" ..
2025-05-18 16:25:02 INFO  main [PluginManager] Loading plugin "plugins/pmm_focal_recursive.so" ..
2025-05-18 16:25:02 INFO  main [octree.h:535] root weight: 8.000e-20 (0.000000)
2025-05-18 16:25:02 INFO  main [octree.h:536] splitting threshold: 8.000e-23 (0.000000)
2025-05-18 16:25:02 INFO  main [octree.h:551] node count: 1 -> 585 -> 585

2025-05-18 16:25:02 INFO  main [octree.h:535] root weight: 8.000e-20 (0.000000)
2025-05-18 16:25:02 INFO  main [octree.h:536] splitting threshold: 8.000e-23 (0.000000)
2025-05-18 16:25:02 INFO  main [octree.h:551] node count: 1 -> 585 -> 585

2025-05-18 16:25:02 INFO  main [MIFocalGuidingPathTracer] budget: 600
2025-05-18 16:25:02 INFO  main [MIFocalGuidingPathTracer] dumpPrimaryRays: false
2025-05-18 16:25:02 INFO  main [MIFocalGuidingPathTracer] dumpScene: false
2025-05-18 16:25:02 INFO  main [MIFocalGuidingPathTracer] gmm.alpha: 0.4
2025-05-18 16:25:02 INFO  main [MIFocalGuidingPathTracer] gmm.initMethod: KMeans
2025-05-18 16:25:02 INFO  main [MIFocalGuidingPathTracer] gmm.maxNumComp: 10
2025-05-18 16:25:02 INFO  main [MIFocalGuidingPathTracer] gmm.mergingThreshold: 0.65
2025-05-18 16:25:02 INFO  main [MIFocalGuidingPathTracer] gmm.minNumComp: 3
2025-05-18 16:25:02 INFO  main [MIFocalGuidingPathTracer] gmm.splittingThreshold: 10000
2025-05-18 16:25:02 INFO  main [MIFocalGuidingPathTracer] iterationBudget: 10
2025-05-18 16:25:02 INFO  main [MIFocalGuidingPathTracer] iterationCount: 15
2025-05-18 16:25:02 INFO  main [MIFocalGuidingPathTracer] maxDepth: 40
2025-05-18 16:25:02 INFO  main [MIFocalGuidingPathTracer] minSamplesToStartFitting: 128
2025-05-18 16:25:02 INFO  main [MIFocalGuidingPathTracer] normalBinning: disabled
2025-05-18 16:25:02 INFO  main [MIFocalGuidingPathTracer] renderMaxSeconds: 36000
2025-05-18 16:25:02 INFO  main [MIFocalGuidingPathTracer] rrDepth: 14
2025-05-18 16:25:02 INFO  main [MIFocalGuidingPathTracer] samplingMode: 2
2025-05-18 16:25:02 INFO  main [MIFocalGuidingPathTracer] strictNormals: true
2025-05-18 16:25:02 INFO  main [MIFocalGuidingPathTracer] trainingSamples: 4
2025-05-18 16:25:02 INFO  main [MIFocalGuidingPathTracer] tree.threshold: 0.001
2025-05-18 16:25:02 INFO  main [MIFocalGuidingPathTracer] unboundedSplatting: true
2025-05-18 16:25:02 INFO  main [PluginManager] Loading plugin "plugins/independent.so" ..
2025-05-18 16:25:02 INFO  main [PluginManager] Loading plugin "plugins/box.so" ..
2025-05-18 16:25:02 INFO  main [PluginManager] Loading plugin "plugins/hdrfilm.so" ..
2025-05-18 16:25:02 INFO  main [PluginManager] Loading plugin "plugins/perspective.so" ..
2025-05-18 16:25:02 INFO  main [PluginManager] Loading plugin "plugins/dielectric.so" ..
2025-05-18 16:25:02 INFO  main [PluginManager] Loading plugin "plugins/bitmap.so" ..
2025-05-18 16:25:02 INFO  main [BitmapTexture] Loading texture "wood5.jpg"
2025-05-18 16:25:02 INFO  main [PluginManager] Loading plugin "plugins/lanczos.so" ..
2025-05-18 16:25:02 INFO  main [MIPMap] Generating MIP map cache file "/mitsuba/scene/modern-hall/textures/wood5.mip" ..
2025-05-18 16:25:02 INFO  main [PluginManager] Loading plugin "plugins/roughplastic.so" ..
2025-05-18 16:25:02 INFO  main [PluginManager] Loading plugin "plugins/twosided.so" ..
2025-05-18 16:25:02 INFO  main [BitmapTexture] Loading texture "Tiles.jpg"
2025-05-18 16:25:02 INFO  main [PluginManager] Loading plugin "plugins/diffuse.so" ..
2025-05-18 16:25:02 INFO  main [BitmapTexture] Loading texture "Wallpaper.jpg"
2025-05-18 16:25:02 INFO  main [PluginManager] Loading plugin "plugins/roughconductor.so" ..
2025-05-18 16:25:02 INFO  main [spectrum.cpp:599] "Cu.eta.spd": loaded a spectral power distribution with 55 entries (between 302.400421 and 885.601257 nm)
2025-05-18 16:25:02 INFO  main [spectrum.cpp:599] "Cu.k.spd": loaded a spectral power distribution with 55 entries (between 302.400421 and 885.601257 nm)
2025-05-18 16:25:02 INFO  main [spectrum.cpp:599] "Cu.eta.spd": loaded a spectral power distribution with 55 entries (between 302.400421 and 885.601257 nm)
2025-05-18 16:25:02 INFO  main [spectrum.cpp:599] "Cu.k.spd": loaded a spectral power distribution with 55 entries (between 302.400421 and 885.601257 nm)
2025-05-18 16:25:02 INFO  main [PluginManager] Loading plugin "plugins/difftrans.so" ..
2025-05-18 16:25:02 INFO  main [PluginManager] Loading plugin "plugins/area.so" ..
2025-05-18 16:25:02 INFO  main [PluginManager] Loading plugin "plugins/rectangle.so" ..
2025-05-18 16:25:02 INFO  main [PluginManager] Loading plugin "plugins/cube.so" ..
2025-05-18 16:25:02 INFO  main [PluginManager] Loading plugin "plugins/obj.so" ..
2025-05-18 16:25:02 INFO  main [WavefrontOBJ] Loading geometry from "Mesh008.obj" ..
2025-05-18 16:25:02 INFO  main [WavefrontOBJ] Mesh008: 5184 triangles, 2664 vertices (merged 12888 vertices).
2025-05-18 16:25:02 INFO  main [WavefrontOBJ] Done with "Mesh008.obj" (took 12 ms)
2025-05-18 16:25:02 INFO  main [WavefrontOBJ] Loading geometry from "Mesh004.obj" ..
2025-05-18 16:25:02 INFO  main [WavefrontOBJ] Mesh004: 5184 triangles, 2664 vertices (merged 12888 vertices).
2025-05-18 16:25:02 INFO  main [WavefrontOBJ] Done with "Mesh004.obj" (took 10 ms)
2025-05-18 16:25:02 INFO  main [WavefrontOBJ] Loading geometry from "Mesh003.obj" ..
2025-05-18 16:25:02 INFO  main [WavefrontOBJ] Mesh003: 5184 triangles, 2664 vertices (merged 12888 vertices).
2025-05-18 16:25:02 INFO  main [WavefrontOBJ] Done with "Mesh003.obj" (took 10 ms)
2025-05-18 16:25:02 INFO  main [WavefrontOBJ] Loading geometry from "Mesh006.obj" ..
2025-05-18 16:25:02 INFO  main [WavefrontOBJ] Mesh006: 5184 triangles, 2664 vertices (merged 12888 vertices).
2025-05-18 16:25:02 INFO  main [WavefrontOBJ] Done with "Mesh006.obj" (took 10 ms)
2025-05-18 16:25:02 INFO  main [WavefrontOBJ] Loading geometry from "Mesh012.obj" ..
2025-05-18 16:25:02 INFO  main [WavefrontOBJ] Mesh012: 444 triangles, 882 vertices (merged 450 vertices).
2025-05-18 16:25:02 INFO  main [WavefrontOBJ] Done with "Mesh012.obj" (took 2 ms)
2025-05-18 16:25:02 INFO  main [WavefrontOBJ] Loading geometry from "Mesh013.obj" ..
2025-05-18 16:25:02 INFO  main [WavefrontOBJ] Mesh013: 5184 triangles, 2664 vertices (merged 12888 vertices).
2025-05-18 16:25:02 INFO  main [WavefrontOBJ] Done with "Mesh013.obj" (took 10 ms)
2025-05-18 16:25:02 INFO  main [WavefrontOBJ] Loading geometry from "Mesh010.obj" ..
2025-05-18 16:25:02 INFO  main [WavefrontOBJ] Mesh010: 32 triangles, 60 vertices (merged 36 vertices).
2025-05-18 16:25:02 INFO  main [WavefrontOBJ] Done with "Mesh010.obj" (took 0 ms)
2025-05-18 16:25:02 INFO  main [WavefrontOBJ] Loading geometry from "Mesh015.obj" ..
2025-05-18 16:25:02 INFO  main [WavefrontOBJ] Mesh015: 32 triangles, 60 vertices (merged 36 vertices).
2025-05-18 16:25:02 INFO  main [WavefrontOBJ] Done with "Mesh015.obj" (took 0 ms)
2025-05-18 16:25:02 INFO  main [WavefrontOBJ] Loading geometry from "Mesh002.obj" ..
2025-05-18 16:25:02 INFO  main [WavefrontOBJ] Mesh002: 32 triangles, 60 vertices (merged 36 vertices).
2025-05-18 16:25:02 INFO  main [WavefrontOBJ] Done with "Mesh002.obj" (took 0 ms)
2025-05-18 16:25:02 INFO  main [WavefrontOBJ] Loading geometry from "Mesh007.obj" ..
2025-05-18 16:25:02 INFO  main [WavefrontOBJ] Mesh007: 32 triangles, 60 vertices (merged 36 vertices).
2025-05-18 16:25:02 INFO  main [WavefrontOBJ] Done with "Mesh007.obj" (took 0 ms)
2025-05-18 16:25:02 INFO  main [WavefrontOBJ] Loading geometry from "Mesh005.obj" ..
2025-05-18 16:25:02 INFO  main [WavefrontOBJ] Mesh005: 12 triangles, 20 vertices (merged 16 vertices).
2025-05-18 16:25:02 INFO  main [WavefrontOBJ] Done with "Mesh005.obj" (took 0 ms)
2025-05-18 16:25:02 INFO  main [WavefrontOBJ] Loading geometry from "Mesh016.obj" ..
2025-05-18 16:25:02 INFO  main [WavefrontOBJ] Mesh016: 120 triangles, 204 vertices (merged 156 vertices).
2025-05-18 16:25:02 INFO  main [WavefrontOBJ] Done with "Mesh016.obj" (took 0 ms)
2025-05-18 16:25:02 INFO  main [WavefrontOBJ] Loading geometry from "Mesh017.obj" ..
2025-05-18 16:25:02 INFO  main [WavefrontOBJ] Mesh017: 20 triangles, 40 vertices (merged 20 vertices).
2025-05-18 16:25:02 INFO  main [WavefrontOBJ] Done with "Mesh017.obj" (took 0 ms)
2025-05-18 16:25:02 INFO  main [WavefrontOBJ] Loading geometry from "Mesh018.obj" ..
2025-05-18 16:25:02 INFO  main [WavefrontOBJ] Mesh018: 2 triangles, 4 vertices (merged 2 vertices).
2025-05-18 16:25:02 INFO  main [WavefrontOBJ] Done with "Mesh018.obj" (took 0 ms)
2025-05-18 16:25:02 INFO  main [WavefrontOBJ] Loading geometry from "Mesh011.obj" ..
2025-05-18 16:25:02 INFO  main [WavefrontOBJ] Mesh011: 32 triangles, 30 vertices (merged 66 vertices).
2025-05-18 16:25:02 INFO  main [WavefrontOBJ] Done with "Mesh011.obj" (took 0 ms)
2025-05-18 16:25:02 INFO  main [PluginManager] Loading plugin "plugins/homogeneous.so" ..
2025-05-18 16:25:02 INFO  main [PluginManager] Loading plugin "plugins/isotropic.so" ..
2025-05-18 16:25:02 INFO  main [WavefrontOBJ] Loading geometry from "Mesh014.obj" ..
2025-05-18 16:25:02 INFO  main [WavefrontOBJ] Mesh014: 36 triangles, 72 vertices (merged 36 vertices).
2025-05-18 16:25:02 INFO  main [WavefrontOBJ] Done with "Mesh014.obj" (took 0 ms)
2025-05-18 16:25:02 INFO  main [WavefrontOBJ] Loading geometry from "Mesh001.obj" ..
2025-05-18 16:25:02 INFO  main [WavefrontOBJ] Mesh001: 924 triangles, 2016 vertices (merged 756 vertices).
2025-05-18 16:25:02 INFO  main [WavefrontOBJ] Done with "Mesh001.obj" (took 5 ms)
2025-05-18 16:25:02 INFO  main [WavefrontOBJ] Loading geometry from "Mesh000.obj" ..
2025-05-18 16:25:02 INFO  main [WavefrontOBJ] Mesh000: 3127 triangles, 2075 vertices (merged 7306 vertices).
2025-05-18 16:25:02 INFO  main [WavefrontOBJ] Done with "Mesh000.obj" (took 12 ms)
2025-05-18 16:25:02 INFO  main [WavefrontOBJ] Loading geometry from "Mesh009.obj" ..
2025-05-18 16:25:02 INFO  main [WavefrontOBJ] Mesh009: 146 triangles, 110 vertices (merged 328 vertices).
2025-05-18 16:25:02 INFO  main [WavefrontOBJ] Done with "Mesh009.obj" (took 0 ms)
2025-05-18 16:25:02 INFO  ren0 [KDTreeBase] Constructing a SAH kd-tree (30963 primitives) ..
2025-05-18 16:25:02 INFO  ren0 [KDTreeBase] Finished -- took 108 ms.
2025-05-18 16:25:02 INFO  ren0 [octree.h:535] root weight: 8.000e-20 (0.000000)
2025-05-18 16:25:02 INFO  ren0 [octree.h:536] splitting threshold: 8.000e-23 (0.000000)
2025-05-18 16:25:02 INFO  ren0 [octree.h:551] node count: 1 -> 585 -> 585

2025-05-18 16:25:02 INFO  ren0 [octree.h:535] root weight: 4.096e-17 (0.000000)
2025-05-18 16:25:02 INFO  ren0 [octree.h:536] splitting threshold: 4.096e-20 (0.000000)
2025-05-18 16:25:02 INFO  ren0 [octree.h:551] node count: 585 -> 585 -> 585

2025-05-18 16:25:02 INFO  ren0 [octree.h:535] root weight: 8.000e-20 (0.000000)
2025-05-18 16:25:02 INFO  ren0 [octree.h:536] splitting threshold: 8.000e-23 (0.000000)
2025-05-18 16:25:02 INFO  ren0 [octree.h:551] node count: 1 -> 585 -> 585

2025-05-18 16:25:02 INFO  ren0 [octree.h:535] root weight: 8.000e-20 (0.000000)
2025-05-18 16:25:02 INFO  ren0 [octree.h:536] splitting threshold: 8.000e-23 (0.000000)
2025-05-18 16:25:02 INFO  ren0 [octree.h:551] node count: 1 -> 585 -> 585

2025-05-18 16:25:02 INFO  ren0 [octree.h:535] root weight: 4.096e-17 (0.000000)
2025-05-18 16:25:02 INFO  ren0 [octree.h:536] splitting threshold: 4.096e-20 (0.000000)
2025-05-18 16:25:02 INFO  ren0 [octree.h:551] node count: 585 -> 585 -> 585

2025-05-18 16:25:02 INFO  ren0 [octree.h:535] root weight: 8.000e-20 (0.000000)
2025-05-18 16:25:02 INFO  ren0 [octree.h:536] splitting threshold: 8.000e-23 (0.000000)
2025-05-18 16:25:02 INFO  ren0 [octree.h:551] node count: 1 -> 585 -> 585

2025-05-18 16:25:02 INFO  ren0 [MIFocalGuidingPathTracer] AABB3[min=[-21.7494, -3.70393, -3.09172], max=[7.19249, 11.2965, 6.96201]]
2025-05-18 16:25:02 INFO  ren0 [MIFocalGuidingPathTracer] Starting render job (1280x720, 12 cores, SSE2 enabled) ..
2025-05-18 16:25:02 INFO  ren0 [MIFocalGuidingPathTracer] ITERATION 0, until 10.0 seconds
2025-05-18 16:25:14 INFO  ren0 [MIFocalGuidingPathTracer]   11.63 seconds elapsed, passes this iteration: 7, total passes: 7
2025-05-18 16:25:14 INFO  ren0 [MIFocalGuidingPathTracer] Got 138575 non-zero samples
2025-05-18 16:25:14 INFO  ren0 [gaussian_mixture_model.h:808] Processing mega batch of size 138575
2025-05-18 16:25:14 INFO  ren0 [gaussian_mixture_model.h:547] KMeans
2025-05-18 16:25:14 INFO  ren0 [MIFocalGuidingPathTracer] GMM[
weight = 0.413913 mean = [2.37256 1.25688 -2.81142] covariance = [[0.863832 -0.262764 0.00167282][-0.262764 0.546349 -0.0498566][0.00167282 -0.0498566 0.205162]]
weight = 0.140486 mean = [-0.454705 2.96525 -2.58923] covariance = [[1.79228 -0.713469 0.0771292][-0.713469 1.01612 0.222657][0.0771292 0.222657 1.16984]]
weight = 0.0541858 mean = [5.53002 4.78504 -0.157194] covariance = [[2.01053 -0.843119 0.366272][-0.843119 2.68762 0.962839][0.366272 0.962839 4.48859]]
weight = 0.0261508 mean = [5.23363 2.19076 3.06491] covariance = [[1.39924 0.592057 0.176938][0.592057 1.78911 0.740266][0.176938 0.740266 1.70376]]
weight = 0.140486 mean = [-2.25628 4.05238 -2.49092] covariance = [[1.79228 -0.713469 0.0771292][-0.713469 1.01612 0.222657][0.0771292 0.222657 1.16984]]
weight = 0.0282168 mean = [5.18231 2.64499 6.04403] covariance = [[2.23631 0.444476 0.0863507][0.444476 3.69171 0.097497][0.0863507 0.097497 0.543441]]
weight = 0.0564208 mean = [-7.26508 4.05552 0.36956] covariance = [[17.6107 -0.183345 -1.41527][-0.183345 7.31271 0.320898][-1.41527 0.320898 6.65981]]
weight = 0.123301 mean = [2.7833 2.55498 0.696181] covariance = [[3.00235 -0.797086 -1.36235][-0.797086 3.54962 0.684241][-1.36235 0.684241 3.71489]]
weight = 0.0168389 mean = [6.38505 0.175132 0.855922] covariance = [[0.395905 0.273785 -0.209382][0.273785 2.08996 -0.554363][-0.209382 -0.554363 4.04301]]
]
2025-05-18 16:25:14 INFO  ren0 [octree.h:535] root weight: 3.428e+06 (3428471.750000)
2025-05-18 16:25:14 INFO  ren0 [octree.h:536] splitting threshold: 3.428e+03 (3428.471924)
2025-05-18 16:25:14 INFO  ren0 [octree.h:535] root weight: 3.690e+05 (368972.593750)
2025-05-18 16:25:14 INFO  ren0 [octree.h:536] splitting threshold: 3.690e+02 (368.972626)
2025-05-18 16:25:14 INFO  ren0 [octree.h:551] node count: 585 -> 941 -> 755

2025-05-18 16:25:14 INFO  ren0 [octree.h:551] node count: 585 -> 602 -> 430

2025-05-18 16:25:14 INFO  ren0 [MIFocalGuidingPathTracer] ITERATION 1, until 20.0 seconds
2025-05-18 16:25:33 INFO  ren0 [MIFocalGuidingPathTracer]   30.85 seconds elapsed, passes this iteration: 1, total passes: 8
2025-05-18 16:25:33 INFO  ren0 [MIFocalGuidingPathTracer] Got 85434 non-zero samples
2025-05-18 16:25:33 INFO  ren0 [gaussian_mixture_model.h:808] Processing mega batch of size 85434
2025-05-18 16:25:33 INFO  ren0 [MIFocalGuidingPathTracer] GMM[
weight = 0.179228 mean = [2.78108 1.02402 -2.83507] covariance = [[0.553262 -0.170916 0.0108016][-0.170916 0.335835 -0.0217706][0.0108016 -0.0217706 0.112513]]
weight = 0.179228 mean = [1.78471 1.57277 -2.87749] covariance = [[0.553262 -0.170916 0.0108016][-0.170916 0.335835 -0.0217706][0.0108016 -0.0217706 0.112513]]
weight = 0.0546399 mean = [5.30723 4.82327 -0.487404] covariance = [[1.6402 -0.748942 0.274439][-0.748942 3.23361 0.65053][0.274439 0.65053 5.03889]]
weight = 0.0244887 mean = [5.15384 2.28317 3.24599] covariance = [[1.44994 0.726418 0.18695][0.726418 2.06012 0.828861][0.18695 0.828861 1.77186]]
weight = 0.267846 mean = [-1.12542 3.3098 -2.57428] covariance = [[3.18572 -1.63597 -0.00868812][-1.63597 1.29274 0.205009][-0.00868812 0.205009 0.786856]]
weight = 0.0340754 mean = [4.73628 3.06023 5.97884] covariance = [[2.38604 -0.210729 0.0366676][-0.210729 4.20097 0.296441][0.0366676 0.296441 0.46851]]
weight = 0.0823936 mean = [-6.08705 3.39938 0.545972] covariance = [[18.9522 1.55278 -1.07134][1.55278 9.38662 0.234971][-1.07134 0.234971 6.91309]]
weight = 0.159766 mean = [2.50856 3.03207 1.08734] covariance = [[2.57676 -1.22852 -1.56756][-1.22852 5.34038 2.06146][-1.56756 2.06146 4.25911]]
weight = 0.0183347 mean = [6.36282 0.10522 0.759284] covariance = [[0.350132 0.267316 -0.183077][0.267316 2.2323 -0.806641][-0.183077 -0.806641 4.47731]]
]
2025-05-18 16:25:33 INFO  ren0 [octree.h:535] root weight: 2.524e+06 (2523837.500000)
2025-05-18 16:25:33 INFO  ren0 [octree.h:536] splitting threshold: 2.524e+03 (2523.837646)
2025-05-18 16:25:33 INFO  ren0 [octree.h:535] root weight: 2.571e+05 (257137.421875)
2025-05-18 16:25:33 INFO  ren0 [octree.h:536] splitting threshold: 2.571e+02 (257.137421)
2025-05-18 16:25:33 INFO  ren0 [octree.h:551] node count: 755 -> 841 -> 760

2025-05-18 16:25:33 INFO  ren0 [octree.h:551] node count: 430 -> 440 -> 434

2025-05-18 16:25:33 INFO  ren0 [MIFocalGuidingPathTracer] ITERATION 2, until 30.0 seconds
2025-05-18 16:25:53 INFO  ren0 [MIFocalGuidingPathTracer]   50.34 seconds elapsed, passes this iteration: 1, total passes: 9
2025-05-18 16:25:53 INFO  ren0 [MIFocalGuidingPathTracer] Got 106498 non-zero samples
2025-05-18 16:25:53 INFO  ren0 [gaussian_mixture_model.h:808] Processing mega batch of size 106498
2025-05-18 16:25:53 INFO  ren0 [MIFocalGuidingPathTracer] GMM[
weight = 0.294052 mean = [2.38684 1.26432 -2.86748] covariance = [[0.894485 -0.410376 0.0481636][-0.410376 0.385117 -0.0222249][0.0481636 -0.0222249 0.0709517]]
weight = 0.118178 mean = [6.10152 4.25805 -0.925929] covariance = [[1.06577 -0.110645 -0.135869][-0.110645 2.1966 -0.0136614][-0.135869 -0.0136614 3.77074]]
weight = 0.0642115 mean = [-1.95697 3.91012 -2.47422] covariance = [[2.18639 -1.03734 0.197202][-1.03734 0.821824 0.0927618][0.197202 0.0927618 0.688376]]
weight = 0.0642115 mean = [0.109557 2.80768 -2.32644] covariance = [[2.18639 -1.03734 0.197202][-1.03734 0.821824 0.0927618][0.197202 0.0927618 0.688376]]
weight = 0.0634738 mean = [4.97722 3.77001 5.65956] covariance = [[1.35943 0.28063 0.164009][0.28063 8.22308 0.973817][0.164009 0.973817 1.14589]]
weight = 0.097884 mean = [-5.39149 3.80629 0.841393] covariance = [[17.4211 -4.15541 -1.49084][-4.15541 9.06426 0.967385][-1.49084 0.967385 3.98765]]
weight = 0.21901 mean = [2.76577 2.45133 0.536499] covariance = [[3.10316 -1.17635 -1.34226][-1.17635 4.95064 1.55726][-1.34226 1.55726 3.56392]]
weight = 0.0789788 mean = [6.58078 0.576213 -0.0655606] covariance = [[0.230746 0.14445 -0.103395][0.14445 1.34371 -0.393956][-0.103395 -0.393956 2.15292]]
]
2025-05-18 16:25:53 INFO  ren0 [octree.h:535] root weight: 2.043e+06 (2043467.375000)
2025-05-18 16:25:53 INFO  ren0 [octree.h:536] splitting threshold: 2.043e+03 (2043.467529)
2025-05-18 16:25:53 INFO  ren0 [octree.h:535] root weight: 2.329e+05 (232933.421875)
2025-05-18 16:25:53 INFO  ren0 [octree.h:536] splitting threshold: 2.329e+02 (232.933426)
2025-05-18 16:25:53 INFO  ren0 [octree.h:551] node count: 760 -> 858 -> 764

2025-05-18 16:25:53 INFO  ren0 [octree.h:551] node count: 434 -> 449 -> 435

2025-05-18 16:25:53 INFO  ren0 [MIFocalGuidingPathTracer] ITERATION 3, until 40.0 seconds
2025-05-18 16:26:13 INFO  ren0 [MIFocalGuidingPathTracer]   70.91 seconds elapsed, passes this iteration: 1, total passes: 10
2025-05-18 16:26:13 INFO  ren0 [MIFocalGuidingPathTracer] Got 132502 non-zero samples
2025-05-18 16:26:13 INFO  ren0 [gaussian_mixture_model.h:808] Processing mega batch of size 132502
2025-05-18 16:26:13 INFO  ren0 [MIFocalGuidingPathTracer] GMM[
weight = 0.00528789 mean = [5.48826 3.00022 -1.69387] covariance = [[0.876162 0.034319 0.00822417][0.034319 1.17422 -0.00925286][0.00822417 -0.00925286 1.38665]]
weight = 0.399006 mean = [2.27325 1.33912 -2.94089] covariance = [[0.916993 -0.480806 0.0146203][-0.480806 0.340983 -0.0121737][0.0146203 -0.0121737 0.0194646]]
weight = 0.0673914 mean = [5.76508 4.1313 -0.271976] covariance = [[1.02623 0.0262358 0.0313668][0.0262358 2.06737 0.0711035][0.0313668 0.0711035 4.20576]]
weight = 0.186246 mean = [-1.42392 3.57591 -2.59657] covariance = [[3.56371 -1.85839 0.387274][-1.85839 1.19888 -0.111401][0.387274 -0.111401 0.403175]]
weight = 0.0720167 mean = [5.39913 3.02719 5.55077] covariance = [[1.23898 -0.162372 0.36101][-0.162372 4.03307 0.497638][0.36101 0.497638 1.21835]]
weight = 0.00528789 mean = [5.66326 4.52379 -1.63327] covariance = [[0.876162 0.034319 0.00822417][0.034319 1.17422 -0.00925286][0.00822417 -0.00925286 1.38665]]
weight = 0.234399 mean = [2.32008 2.79342 0.310143] covariance = [[6.22565 -1.24505 -0.676494][-1.24505 6.13168 1.10282][-0.676494 1.10282 3.96141]]
weight = 0.030365 mean = [6.44418 0.584163 0.163013] covariance = [[0.279168 0.11708 0.0132831][0.11708 1.67111 -0.000491001][0.0132831 -0.000491001 3.42364]]
]
2025-05-18 16:26:13 INFO  ren0 [octree.h:535] root weight: 1.795e+06 (1795062.375000)
2025-05-18 16:26:13 INFO  ren0 [octree.h:536] splitting threshold: 1.795e+03 (1795.062500)
2025-05-18 16:26:13 INFO  ren0 [octree.h:535] root weight: 2.371e+05 (237083.640625)
2025-05-18 16:26:13 INFO  ren0 [octree.h:536] splitting threshold: 2.371e+02 (237.083649)
2025-05-18 16:26:13 INFO  ren0 [octree.h:551] node count: 764 -> 862 -> 758

2025-05-18 16:26:13 INFO  ren0 [octree.h:551] node count: 435 -> 456 -> 444

2025-05-18 16:26:13 INFO  ren0 [MIFocalGuidingPathTracer] ITERATION 4, until 50.0 seconds
2025-05-18 16:26:33 INFO  ren0 [MIFocalGuidingPathTracer]   90.28 seconds elapsed, passes this iteration: 1, total passes: 11
2025-05-18 16:26:33 INFO  ren0 [MIFocalGuidingPathTracer] Got 305431 non-zero samples
2025-05-18 16:26:33 INFO  ren0 [gaussian_mixture_model.h:808] Processing mega batch of size 305431
2025-05-18 16:26:33 INFO  ren0 [MIFocalGuidingPathTracer] GMM[
weight = 0.00724507 mean = [4.91065 2.32275 -2.27145] covariance = [[1.19554 0.00200629 0.065097][0.00200629 0.857077 -0.0040176][0.065097 -0.0040176 0.536937]]
weight = 0.300078 mean = [1.85701 1.51405 -2.96982] covariance = [[1.52702 -0.879494 0.00606936][-0.879494 0.537919 -0.00619741][0.00606936 -0.00619741 0.00403933]]
weight = 0.0455499 mean = [-2.47845 3.99 -2.88954] covariance = [[0.413233 -0.199858 -0.0382183][-0.199858 0.188318 0.02753][-0.0382183 0.02753 0.0399328]]
weight = 0.146128 mean = [-1.11269 3.29026 -2.68991] covariance = [[3.99494 -2.11704 0.582317][-2.11704 1.25091 -0.286999][0.582317 -0.286999 0.208278]]
weight = 0.0890977 mean = [6.1297 3.9365 5.12818] covariance = [[1.14291 0.826711 0.429728][0.826711 2.03573 0.667639][0.429728 0.667639 0.858539]]
weight = 0.19168 mean = [-0.757937 2.81956 0.385842] covariance = [[7.24602 -0.173123 -0.0957107][-0.173123 5.76099 0.318946][-0.0957107 0.318946 4.7868]]
weight = 0.19168 mean = [3.02052 2.34339 0.179303] covariance = [[7.24602 -0.173123 -0.0957107][-0.173123 5.76099 0.318946][-0.0957107 0.318946 4.7868]]
weight = 0.0285421 mean = [6.60001 1.40187 0.744833] covariance = [[0.288621 0.212612 0.0317556][0.212612 1.2801 0.647863][0.0317556 0.647863 4.82745]]
]
2025-05-18 16:26:33 INFO  ren0 [octree.h:535] root weight: 1.456e+06 (1455935.250000)
2025-05-18 16:26:33 INFO  ren0 [octree.h:536] splitting threshold: 1.456e+03 (1455.935303)
2025-05-18 16:26:33 INFO  ren0 [octree.h:535] root weight: 1.773e+05 (177322.937500)
2025-05-18 16:26:33 INFO  ren0 [octree.h:536] splitting threshold: 1.773e+02 (177.322952)
2025-05-18 16:26:33 INFO  ren0 [octree.h:551] node count: 758 -> 843 -> 790

2025-05-18 16:26:33 INFO  ren0 [octree.h:551] node count: 444 -> 455 -> 443

2025-05-18 16:26:33 INFO  ren0 [MIFocalGuidingPathTracer] ITERATION 5, until 60.0 seconds
2025-05-18 16:26:51 INFO  ren0 [MIFocalGuidingPathTracer]   108.76 seconds elapsed, passes this iteration: 1, total passes: 12
2025-05-18 16:26:51 INFO  ren0 [MIFocalGuidingPathTracer] Got 424551 non-zero samples
2025-05-18 16:26:51 INFO  ren0 [gaussian_mixture_model.h:808] Processing mega batch of size 424551
2025-05-18 16:26:51 INFO  ren0 [MIFocalGuidingPathTracer] GMM[
weight = 0.0470368 mean = [0.31933 2.35492 -2.62912] covariance = [[2.2286 -1.28672 0.0530672][-1.28672 0.902681 -0.0349618][0.0530672 -0.0349618 0.119963]]
weight = 0.372591 mean = [1.81893 1.52319 -2.98166] covariance = [[1.30785 -0.752952 -0.00025971][-0.752952 0.438776 0.000317159][-0.00025971 0.000317159 0.000116079]]
weight = 0.0159484 mean = [-2.31031 3.93543 -2.95482] covariance = [[0.0158418 -0.000299154 -0.00644044][-0.000299154 0.00357733 -0.00182025][-0.00644044 -0.00182025 0.00546894]]
weight = 0.0186702 mean = [3.42813 2.24332 -2.41139] covariance = [[0.84669 -0.155891 0.139995][-0.155891 0.969756 -0.13527][0.139995 -0.13527 0.323603]]
weight = 0.0470368 mean = [2.41527 1.07699 -2.57526] covariance = [[2.2286 -1.28672 0.0530672][-1.28672 0.902681 -0.0349618][0.0530672 -0.0349618 0.119963]]
weight = 0.0528639 mean = [4.87561 4.08415 5.31613] covariance = [[1.06579 -0.435738 -0.722414][-0.435738 1.63366 0.163532][-0.722414 0.163532 2.22313]]
weight = 0.00264398 mean = [-4.07028 5.09706 -2.72517] covariance = [[1.39042 -0.828809 0.108105][-0.828809 0.509372 -0.0579186][0.108105 -0.0579186 0.100801]]
weight = 0.394249 mean = [0.915499 2.45295 -0.0505727] covariance = [[21.4135 -0.516886 -0.145997][-0.516886 5.54586 0.733655][-0.145997 0.733655 3.95933]]
weight = 0.0489601 mean = [6.72969 2.49583 3.41452] covariance = [[0.0908539 -0.0396623 0.0635848][-0.0396623 2.27434 -2.12336][0.0635848 -2.12336 10.3691]]
]
2025-05-18 16:26:51 INFO  ren0 [octree.h:535] root weight: 1.349e+06 (1349289.750000)
2025-05-18 16:26:51 INFO  ren0 [octree.h:536] splitting threshold: 1.349e+03 (1349.289795)
2025-05-18 16:26:51 INFO  ren0 [octree.h:535] root weight: 1.604e+05 (160359.234375)
2025-05-18 16:26:51 INFO  ren0 [octree.h:536] splitting threshold: 1.604e+02 (160.359238)
2025-05-18 16:26:51 INFO  ren0 [octree.h:551] node count: 790 -> 885 -> 799

2025-05-18 16:26:51 INFO  ren0 [octree.h:551] node count: 443 -> 461 -> 447

2025-05-18 16:26:51 INFO  ren0 [MIFocalGuidingPathTracer] ITERATION 6, until 70.0 seconds
2025-05-18 16:27:15 INFO  ren0 [MIFocalGuidingPathTracer]   132.89 seconds elapsed, passes this iteration: 1, total passes: 13
2025-05-18 16:27:15 INFO  ren0 [MIFocalGuidingPathTracer] Got 1654858 non-zero samples
2025-05-18 16:27:15 INFO  ren0 [gaussian_mixture_model.h:808] Processing mega batch of size 1654858
2025-05-18 16:27:17 INFO  ren0 [MIFocalGuidingPathTracer] GMM[
weight = 0.0163991 mean = [6.10603 3.17144 4.24652] covariance = [[1.27541 0.497347 0.138979][0.497347 1.49275 0.0862708][0.138979 0.0862708 1.64797]]
weight = 0.141835 mean = [6.4827 3.98836 4.48835] covariance = [[0.984175 0.556608 0.362915][0.556608 1.27324 0.484609][0.362915 0.484609 1.32561]]
weight = 0.0139324 mean = [-11.3071 1.67218 1.05035] covariance = [[4.82664 0.108667 -1.22963][0.108667 2.47698 0.787555][-1.22963 0.787555 1.04835]]
weight = 0.0573295 mean = [-5.94974 2.90725 -0.450859] covariance = [[8.71806 1.18707 -1.05081][1.18707 3.43566 -1.03577][-1.05081 -1.03577 3.98386]]
weight = 0.0163991 mean = [4.95383 1.80879 3.37935] covariance = [[1.27541 0.497347 0.138979][0.497347 1.49275 0.0862708][0.138979 0.0862708 1.64797]]
weight = 4.27736e-05 mean = [-4.98498 5.587 -2.95467] covariance = [[0.00012911 -5.16013e-05 -1.86151e-05][-5.16013e-05 4.67125e-05 2.82496e-06][-1.86151e-05 2.82496e-06 1.78781e-05]]
weight = 0.419004 mean = [1.82759 1.50631 -2.96416] covariance = [[1.40068 -0.747585 0.0052578][-0.747585 0.416498 -0.00269531][0.0052578 -0.00269531 0.00998123]]
weight = 0.335058 mean = [2.82794 2.70218 -0.398953] covariance = [[5.69095 0.255944 0.827373][0.255944 3.5873 0.231887][0.827373 0.231887 4.15039]]
]
2025-05-18 16:27:17 INFO  ren0 [octree.h:535] root weight: 1.400e+06 (1399919.000000)
2025-05-18 16:27:17 INFO  ren0 [octree.h:536] splitting threshold: 1.400e+03 (1399.919067)
2025-05-18 16:27:17 INFO  ren0 [octree.h:535] root weight: 1.648e+05 (164838.796875)
2025-05-18 16:27:17 INFO  ren0 [octree.h:536] splitting threshold: 1.648e+02 (164.838806)
2025-05-18 16:27:17 INFO  ren0 [octree.h:551] node count: 799 -> 901 -> 814

2025-05-18 16:27:17 INFO  ren0 [octree.h:551] node count: 447 -> 459 -> 443

2025-05-18 16:27:17 INFO  ren0 [MIFocalGuidingPathTracer] ITERATION 7, until 80.0 seconds
2025-05-18 16:27:38 INFO  ren0 [MIFocalGuidingPathTracer]   155.94 seconds elapsed, passes this iteration: 1, total passes: 14
2025-05-18 16:27:38 INFO  ren0 [MIFocalGuidingPathTracer] Got 520612 non-zero samples
2025-05-18 16:27:38 INFO  ren0 [gaussian_mixture_model.h:808] Processing mega batch of size 520612
2025-05-18 16:27:39 INFO  ren0 [MIFocalGuidingPathTracer] GMM[
weight = 0.00106859 mean = [5.75029 0.305533 2.43345] covariance = [[1.1398 -0.0741313 -0.103289][-0.0741313 1.26247 -0.205811][-0.103289 -0.205811 1.42791]]
weight = 0.108069 mean = [-3.64324 5.0184 0.0523656] covariance = [[6.06754 0.248265 1.65118][0.248265 8.23446 -1.58177][1.65118 -1.58177 7.21081]]
weight = 0.00905762 mean = [5.9561 4.3016 5.31088] covariance = [[0.808264 0.241311 -0.139323][0.241311 1.4304 0.949364][-0.139323 0.949364 1.8128]]
weight = 0.00460746 mean = [4.0767 1.33656 3.1513] covariance = [[0.939454 0.0325762 -0.00884346][0.0325762 0.786167 -0.121167][-0.00884346 -0.121167 1.28459]]
weight = 0.503897 mean = [2.03 1.40598 -2.98345] covariance = [[1.27175 -0.763281 -0.00156922][-0.763281 0.465295 0.000738276][-0.00156922 0.000738276 0.000327593]]
weight = 0.3733 mean = [2.7684 2.44354 -0.536424] covariance = [[5.45847 -0.0234522 -0.368717][-0.0234522 2.70445 0.138428][-0.368717 0.138428 4.76683]]
]
2025-05-18 16:27:39 INFO  ren0 [octree.h:535] root weight: 1.257e+06 (1257209.625000)
2025-05-18 16:27:39 INFO  ren0 [octree.h:536] splitting threshold: 1.257e+03 (1257.209717)
2025-05-18 16:27:39 INFO  ren0 [octree.h:535] root weight: 1.356e+05 (135630.312500)
2025-05-18 16:27:39 INFO  ren0 [octree.h:536] splitting threshold: 1.356e+02 (135.630325)
2025-05-18 16:27:39 INFO  ren0 [octree.h:551] node count: 814 -> 898 -> 824

2025-05-18 16:27:39 INFO  ren0 [octree.h:551] node count: 443 -> 452 -> 437

2025-05-18 16:27:39 INFO  ren0 [MIFocalGuidingPathTracer] ITERATION 8, until 90.0 seconds
2025-05-18 16:27:55 INFO  ren0 [MIFocalGuidingPathTracer]   172.51 seconds elapsed, passes this iteration: 1, total passes: 15
2025-05-18 16:27:55 INFO  ren0 [MIFocalGuidingPathTracer] Got 1572727 non-zero samples
2025-05-18 16:27:55 INFO  ren0 [gaussian_mixture_model.h:808] Processing mega batch of size 1572727
2025-05-18 16:27:56 INFO  ren0 [MIFocalGuidingPathTracer] GMM[
weight = 0.017643 mean = [-3.93782 3.95999 0.68606] covariance = [[7.02648 0.426419 -0.0874575][0.426419 6.55046 1.00606][-0.0874575 1.00606 2.43504]]
weight = 0.017643 mean = [-7.02298 1.73176 0.282637] covariance = [[7.02648 0.426419 -0.0874575][0.426419 6.55046 1.00606][-0.0874575 1.00606 2.43504]]
weight = 0.0720809 mean = [-2.73385 3.93906 0.524143] covariance = [[4.29119 0.299358 -0.640871][0.299358 3.15177 1.16837][-0.640871 1.16837 3.00743]]
weight = 0.0113858 mean = [4.80412 -0.530839 -0.388316] covariance = [[2.65021 0.784604 1.43985][0.784604 1.36393 0.449322][1.43985 0.449322 1.55623]]
weight = 0.0276883 mean = [-6.07325 3.07987 -1.68498] covariance = [[1.52877 1.36997 -0.158997][1.36997 1.76317 0.122281][-0.158997 0.122281 0.215957]]
weight = 0.110908 mean = [1.80906 3.1196 1.0432] covariance = [[1.08182 -0.691399 0.153187][-0.691399 3.08261 -0.370578][0.153187 -0.370578 2.05443]]
weight = 0.166395 mean = [5.5027 3.52646 0.571288] covariance = [[1.81174 -0.149685 0.0390027][-0.149685 2.56251 -0.540228][0.0390027 -0.540228 8.32694]]
weight = 0.576256 mean = [1.02682 2.0453 -2.82323] covariance = [[4.04661 -2.00551 0.0695923][-2.00551 1.2444 0.0325598][0.0695923 0.0325598 0.158502]]
]
2025-05-18 16:27:56 INFO  ren0 [octree.h:535] root weight: 1.185e+06 (1185441.000000)
2025-05-18 16:27:56 INFO  ren0 [octree.h:536] splitting threshold: 1.185e+03 (1185.441040)
2025-05-18 16:27:56 INFO  ren0 [octree.h:535] root weight: 1.180e+05 (118008.125000)
2025-05-18 16:27:56 INFO  ren0 [octree.h:536] splitting threshold: 1.180e+02 (118.008133)
2025-05-18 16:27:56 INFO  ren0 [octree.h:551] node count: 824 -> 929 -> 839

2025-05-18 16:27:56 INFO  ren0 [octree.h:551] node count: 437 -> 446 -> 437

2025-05-18 16:27:56 INFO  ren0 [MIFocalGuidingPathTracer] ITERATION 9, until 100.0 seconds
2025-05-18 16:28:15 INFO  ren0 [MIFocalGuidingPathTracer]   192.30 seconds elapsed, passes this iteration: 1, total passes: 16
2025-05-18 16:28:15 INFO  ren0 [pmm_focal_guiding_recursive.cpp:214] starting iterative narrowing
2025-05-18 16:28:15 INFO  ren0 [MIFocalGuidingPathTracer] Got 138178 non-zero samples
2025-05-18 16:28:15 INFO  ren0 [gaussian_mixture_model.h:808] Processing mega batch of size 138178
2025-05-18 16:28:15 INFO  ren0 [MIFocalGuidingPathTracer] GMM[
weight = 0.0163418 mean = [4.45109 -0.480766 -0.656804] covariance = [[3.76443 0.783666 1.96669][0.783666 2.0162 0.291519][1.96669 0.291519 2.31664]]
weight = 0.00492097 mean = [-6.68795 2.18254 -1.88486] covariance = [[3.24299 1.94484 -0.802342][1.94484 1.98196 -0.0456158][-0.802342 -0.0456158 0.567717]]
weight = 0.156041 mean = [-3.91776 3.21927 0.635972] covariance = [[13.081 1.40381 -1.55587][1.40381 6.91093 -0.147032][-1.55587 -0.147032 4.52095]]
weight = 0.352861 mean = [4.09596 3.34737 1.17699] covariance = [[4.1493 0.025084 1.70053][0.025084 3.60922 0.288741][1.70053 0.288741 7.44718]]
weight = 0.469835 mean = [0.782888 2.17556 -2.87235] covariance = [[4.76465 -2.6875 0.0645977][-2.6875 1.63375 -0.0266461][0.0645977 -0.0266461 0.0643227]]
]
2025-05-18 16:28:15 INFO  ren0 [octree.h:535] root weight: 1.124e+06 (1124426.625000)
2025-05-18 16:28:15 INFO  ren0 [octree.h:536] splitting threshold: 1.124e+03 (1124.426636)
2025-05-18 16:28:15 INFO  ren0 [octree.h:535] root weight: 1.077e+05 (107663.164062)
2025-05-18 16:28:15 INFO  ren0 [octree.h:536] splitting threshold: 1.077e+02 (107.663170)
2025-05-18 16:28:15 INFO  ren0 [octree.h:551] node count: 839 -> 921 -> 818

2025-05-18 16:28:15 INFO  ren0 [octree.h:551] node count: 437 -> 448 -> 431

2025-05-18 16:28:15 INFO  ren0 [MIFocalGuidingPathTracer] ITERATION 10, until 110.0 seconds
2025-05-18 16:28:27 INFO  ren0 [MIFocalGuidingPathTracer]   205.18 seconds elapsed, passes this iteration: 1, total passes: 17
2025-05-18 16:28:27 INFO  ren0 [MIFocalGuidingPathTracer] Got 196083 non-zero samples
2025-05-18 16:28:27 INFO  ren0 [gaussian_mixture_model.h:808] Processing mega batch of size 196083
2025-05-18 16:28:28 INFO  ren0 [MIFocalGuidingPathTracer] GMM[
weight = 8.54299e-05 mean = [-2.22178 3.99681 -1.17982] covariance = [[2.38079 -0.366432 0.0310784][-0.366432 1.34228 0.429408][0.0310784 0.429408 3.38436]]
weight = 8.54299e-05 mean = [-4.35832 4.59999 -1.39454] covariance = [[2.38079 -0.366432 0.0310784][-0.366432 1.34228 0.429408][0.0310784 0.429408 3.38436]]
weight = 0.000740224 mean = [3.96456 2.59507 -1.25918] covariance = [[1.98064 -0.0961909 -0.0899744][-0.0961909 2.1356 0.385467][-0.0899744 0.385467 2.20248]]
weight = 0.000740224 mean = [2.03682 2.39548 -1.64552] covariance = [[1.98064 -0.0961909 -0.0899744][-0.0961909 2.1356 0.385467][-0.0899744 0.385467 2.20248]]
weight = 0.000285289 mean = [3.69851 0.800928 -1.88486] covariance = [[2.12757 0.0832536 1.17294][0.0832536 0.965285 -0.24854][1.17294 -0.24854 1.25698]]
weight = 3.32632e-05 mean = [-5.2176 3.02386 -2.15842] covariance = [[4.17506 2.11507 -0.987739][2.11507 1.78747 -0.155467][-0.987739 -0.155467 0.464399]]
weight = 0.000433824 mean = [-1.4219 3.62205 -1.08316] covariance = [[8.52051 -1.98111 -0.824634][-1.98111 2.4271 0.784789][-0.824634 0.784789 3.77983]]
weight = 0.0026906 mean = [3.94887 3.00798 0.563601] covariance = [[3.68619 0.392073 1.37773][0.392073 2.91476 0.980664][1.37773 0.980664 6.88413]]
weight = 0.994906 mean = [1.85756 1.52979 -2.97601] covariance = [[2.75096 -1.62319 -0.00183939][-1.62319 0.958857 0.00118815][-0.00183939 0.00118815 0.000270081]]
]
2025-05-18 16:28:28 INFO  ren0 [octree.h:535] root weight: 8.302e+06 (8301830.500000)
2025-05-18 16:28:28 INFO  ren0 [octree.h:536] splitting threshold: 8.302e+03 (8301.831055)
2025-05-18 16:28:28 INFO  ren0 [octree.h:535] root weight: 2.789e+04 (27886.767578)
2025-05-18 16:28:28 INFO  ren0 [octree.h:536] splitting threshold: 2.789e+01 (27.886768)
2025-05-18 16:28:28 INFO  ren0 [octree.h:551] node count: 818 -> 1250 -> 1079

2025-05-18 16:28:28 INFO  ren0 [octree.h:551] node count: 431 -> 431 -> 417

2025-05-18 16:28:28 INFO  ren0 [MIFocalGuidingPathTracer] ITERATION 11, until 120.0 seconds
2025-05-18 16:28:42 INFO  ren0 [MIFocalGuidingPathTracer]   220.07 seconds elapsed, passes this iteration: 1, total passes: 18
2025-05-18 16:28:42 INFO  ren0 [MIFocalGuidingPathTracer] Got 3959660 non-zero samples
2025-05-18 16:28:43 INFO  ren0 [gaussian_mixture_model.h:808] Processing mega batch of size 3959660
2025-05-18 16:28:46 INFO  ren0 [MIFocalGuidingPathTracer] GMM[
weight = 0.000730868 mean = [-10.8746 3.2398 -2.86464] covariance = [[0.00835909 -0.00303147 -0.000132714][-0.00303147 0.00114792 4.85303e-05][-0.000132714 4.85303e-05 3.21798e-05]]
weight = 0.000291438 mean = [-2.34547 4.00245 -2.98388] covariance = [[0.00579652 -0.00365079 0.000105971][-0.00365079 0.00331004 2.79599e-05][0.000105971 2.79599e-05 4.45192e-05]]
weight = 2.38613e-05 mean = [-7.10071 1.91801 -2.92686] covariance = [[0.0861544 -0.0139363 -0.000852541][-0.0139363 0.0368384 6.54887e-05][-0.000852541 6.54887e-05 3.00676e-05]]
weight = 3.44587e-05 mean = [-8.04119 1.66435 -2.89142] covariance = [[0.00035804 4.70493e-06 -8.18002e-06][4.70493e-06 0.130935 -0.000327128][-8.18002e-06 -0.000327128 3.1644e-05]]
weight = 0.00380708 mean = [2.54775 1.04395 -2.97659] covariance = [[1.81421e-05 -3.85987e-07 3.93634e-06][-3.85987e-07 2.10301e-05 1.12753e-06][3.93634e-06 1.12753e-06 2.02737e-05]]
weight = 0.495641 mean = [0.506621 2.19361 -2.95101] covariance = [[1.36665 -0.198597 0.0398726][-0.198597 0.704641 0.055112][0.0398726 0.055112 0.0108821]]
weight = 2.38613e-05 mean = [-6.69083 1.81021 -2.93083] covariance = [[0.0861544 -0.0139363 -0.000852541][-0.0139363 0.0368384 6.54887e-05][-0.000852541 6.54887e-05 3.00676e-05]]
weight = 0.00380708 mean = [2.55065 1.04537 -2.97252] covariance = [[1.81421e-05 -3.85987e-07 3.93634e-06][-3.85987e-07 2.10301e-05 1.12753e-06][3.93634e-06 1.12753e-06 2.02737e-05]]
weight = 0.495641 mean = [2.13227 1.74578 -2.92257] covariance = [[1.36665 -0.198597 0.0398726][-0.198597 0.704641 0.055112][0.0398726 0.055112 0.0108821]]
]
2025-05-18 16:28:46 INFO  ren0 [octree.h:535] root weight: 1.862e+07 (18624954.000000)
2025-05-18 16:28:46 INFO  ren0 [octree.h:536] splitting threshold: 1.862e+04 (18624.955078)
2025-05-18 16:28:46 INFO  ren0 [octree.h:535] root weight: 7.439e+03 (7438.514648)
2025-05-18 16:28:46 INFO  ren0 [octree.h:536] splitting threshold: 7.439e+00 (7.438515)
2025-05-18 16:28:46 INFO  ren0 [octree.h:551] node count: 1079 -> 1408 -> 1050

2025-05-18 16:28:46 INFO  ren0 [octree.h:551] node count: 417 -> 417 -> 416

2025-05-18 16:28:46 INFO  ren0 [MIFocalGuidingPathTracer] ITERATION 12, until 130.0 seconds
2025-05-18 16:28:54 INFO  ren0 [MIFocalGuidingPathTracer]   231.95 seconds elapsed, passes this iteration: 1, total passes: 19
2025-05-18 16:28:54 INFO  ren0 [MIFocalGuidingPathTracer] Got 240483 non-zero samples
2025-05-18 16:28:54 INFO  ren0 [gaussian_mixture_model.h:808] Processing mega batch of size 240483
2025-05-18 16:28:54 INFO  ren0 [MIFocalGuidingPathTracer] GMM[
weight = 0.000729271 mean = [-10.8746 3.2398 -2.86464] covariance = [[0.00835909 -0.00303147 -0.000132714][-0.00303147 0.00114792 4.85303e-05][-0.000132714 4.85303e-05 3.21798e-05]]
weight = 0.032366 mean = [-4.58909 5.34674 -2.94157] covariance = [[2.03239 -1.22004 -0.00215816][-1.22004 0.732935 0.00130985][-0.00215816 0.00130985 7.87415e-05]]
