2025-05-18 20:44:03 INFO  main [mitsuba.cpp:274] Mitsuba version 0.6.0 (Linux, 64 bit), Copyright (c) 2017 Wenzel Jakob
2025-05-18 20:44:03 INFO  main [mitsuba.cpp:377] Parsing scene description from "scene/dining-room/dining-room.xml" ..
2025-05-18 20:44:03 INFO  main [scenehandler.cpp:675] In file "/mitsuba/scene/dining-room/dining-room.xml" (near line 18): Parsing included file "pmm_focal_recursive.xml" ..
2025-05-18 20:44:03 INFO  main [PluginManager] Loading plugin "plugins/pmm_focal_recursive.so" ..
2025-05-18 20:44:03 INFO  main [octree.h:535] root weight: 8.000e-20 (0.000000)
2025-05-18 20:44:03 INFO  main [octree.h:536] splitting threshold: 8.000e-23 (0.000000)
2025-05-18 20:44:03 INFO  main [octree.h:551] node count: 1 -> 585 -> 585

2025-05-18 20:44:03 INFO  main [octree.h:535] root weight: 8.000e-20 (0.000000)
2025-05-18 20:44:03 INFO  main [octree.h:536] splitting threshold: 8.000e-23 (0.000000)
2025-05-18 20:44:03 INFO  main [octree.h:551] node count: 1 -> 585 -> 585

2025-05-18 20:44:03 INFO  main [MIFocalGuidingPathTracer] budget: 600
2025-05-18 20:44:03 INFO  main [MIFocalGuidingPathTracer] dumpPrimaryRays: false
2025-05-18 20:44:03 INFO  main [MIFocalGuidingPathTracer] dumpScene: false
2025-05-18 20:44:03 INFO  main [MIFocalGuidingPathTracer] gmm.alpha: 0.4
2025-05-18 20:44:03 INFO  main [MIFocalGuidingPathTracer] gmm.initMethod: KMeans
2025-05-18 20:44:03 INFO  main [MIFocalGuidingPathTracer] gmm.maxNumComp: 10
2025-05-18 20:44:03 INFO  main [MIFocalGuidingPathTracer] gmm.mergingThreshold: 0.9
2025-05-18 20:44:03 INFO  main [MIFocalGuidingPathTracer] gmm.minNumComp: 3
2025-05-18 20:44:03 INFO  main [MIFocalGuidingPathTracer] gmm.splittingThreshold: 100
2025-05-18 20:44:03 INFO  main [MIFocalGuidingPathTracer] iterationBudget: 10
2025-05-18 20:44:03 INFO  main [MIFocalGuidingPathTracer] iterationCount: 15
2025-05-18 20:44:03 INFO  main [MIFocalGuidingPathTracer] maxDepth: 40
2025-05-18 20:44:03 INFO  main [MIFocalGuidingPathTracer] minSamplesToStartFitting: 128
2025-05-18 20:44:03 INFO  main [MIFocalGuidingPathTracer] normalBinning: disabled
2025-05-18 20:44:03 INFO  main [MIFocalGuidingPathTracer] renderMaxSeconds: 36000
2025-05-18 20:44:03 INFO  main [MIFocalGuidingPathTracer] rrDepth: 14
2025-05-18 20:44:03 INFO  main [MIFocalGuidingPathTracer] samplingMode: 2
2025-05-18 20:44:03 INFO  main [MIFocalGuidingPathTracer] strictNormals: true
2025-05-18 20:44:03 INFO  main [MIFocalGuidingPathTracer] trainingSamples: 4
2025-05-18 20:44:03 INFO  main [MIFocalGuidingPathTracer] tree.threshold: 0.001
2025-05-18 20:44:03 INFO  main [MIFocalGuidingPathTracer] unboundedSplatting: true
2025-05-18 20:44:03 INFO  main [PluginManager] Loading plugin "plugins/independent.so" ..
2025-05-18 20:44:03 INFO  main [PluginManager] Loading plugin "plugins/box.so" ..
2025-05-18 20:44:03 INFO  main [PluginManager] Loading plugin "plugins/hdrfilm.so" ..
2025-05-18 20:44:03 INFO  main [PluginManager] Loading plugin "plugins/perspective.so" ..
2025-05-18 20:44:03 INFO  main [PluginManager] Loading plugin "plugins/roughplastic.so" ..
2025-05-18 20:44:03 INFO  main [PluginManager] Loading plugin "plugins/twosided.so" ..
2025-05-18 20:44:03 INFO  main [PluginManager] Loading plugin "plugins/roughconductor.so" ..
2025-05-18 20:44:03 INFO  main [spectrum.cpp:599] "Cu.eta.spd": loaded a spectral power distribution with 55 entries (between 302.400421 and 885.601257 nm)
2025-05-18 20:44:03 INFO  main [spectrum.cpp:599] "Cu.k.spd": loaded a spectral power distribution with 55 entries (between 302.400421 and 885.601257 nm)
2025-05-18 20:44:03 INFO  main [PluginManager] Loading plugin "plugins/diffuse.so" ..
2025-05-18 20:44:03 INFO  main [PluginManager] Loading plugin "plugins/bitmap.so" ..
2025-05-18 20:44:03 INFO  main [BitmapTexture] Loading texture "picture3.jpg"
2025-05-18 20:44:03 INFO  main [PluginManager] Loading plugin "plugins/lanczos.so" ..
2025-05-18 20:44:03 INFO  main [MIPMap] Generating MIP map cache file "/mitsuba/scene/dining-room/textures/picture3.mip" ..
2025-05-18 20:44:03 INFO  main [BitmapTexture] Loading texture "Tiles.jpg"
2025-05-18 20:44:03 INFO  main [spectrum.cpp:599] "Cu.eta.spd": loaded a spectral power distribution with 55 entries (between 302.400421 and 885.601257 nm)
2025-05-18 20:44:03 INFO  main [spectrum.cpp:599] "Cu.k.spd": loaded a spectral power distribution with 55 entries (between 302.400421 and 885.601257 nm)
2025-05-18 20:44:03 INFO  main [PluginManager] Loading plugin "plugins/conductor.so" ..
2025-05-18 20:44:03 INFO  main [spectrum.cpp:599] "Ir.eta.spd": loaded a spectral power distribution with 28 entries (between 302.389984 and 885.570984 nm)
2025-05-18 20:44:03 INFO  main [spectrum.cpp:599] "Ir.k.spd": loaded a spectral power distribution with 28 entries (between 302.389984 and 885.570984 nm)
2025-05-18 20:44:03 INFO  main [spectrum.cpp:599] "Cu.eta.spd": loaded a spectral power distribution with 55 entries (between 302.400421 and 885.601257 nm)
2025-05-18 20:44:03 INFO  main [spectrum.cpp:599] "Cu.k.spd": loaded a spectral power distribution with 55 entries (between 302.400421 and 885.601257 nm)
2025-05-18 20:44:03 INFO  main [BitmapTexture] Loading texture "Teacup.png"
2025-05-18 20:44:03 INFO  main [spectrum.cpp:599] "Cu.eta.spd": loaded a spectral power distribution with 55 entries (between 302.400421 and 885.601257 nm)
2025-05-18 20:44:03 INFO  main [spectrum.cpp:599] "Cu.k.spd": loaded a spectral power distribution with 55 entries (between 302.400421 and 885.601257 nm)
2025-05-18 20:44:03 INFO  main [PluginManager] Loading plugin "plugins/area.so" ..
2025-05-18 20:44:03 INFO  main [PluginManager] Loading plugin "plugins/disk.so" ..
2025-05-18 20:44:03 INFO  main [PluginManager] Loading plugin "plugins/ply.so" ..
2025-05-18 20:44:03 INFO  main [PLYLoader] Loading geometry from "parabol1.ply" ..
2025-05-18 20:44:03 INFO  main [PLYLoader] "parabol1": Loaded 25856 triangles, 13057 vertices (456.0 KiB in 3 ms).
2025-05-18 20:44:03 INFO  main [PLYLoader] Loading geometry from "parabol2.ply" ..
2025-05-18 20:44:03 INFO  main [PLYLoader] "parabol2": Loaded 25856 triangles, 13057 vertices (456.0 KiB in 2 ms).
2025-05-18 20:44:03 INFO  main [PluginManager] Loading plugin "plugins/obj.so" ..
2025-05-18 20:44:03 INFO  main [WavefrontOBJ] Loading geometry from "Mesh013.obj" ..
2025-05-18 20:44:03 INFO  main [WavefrontOBJ] Mesh013: 1056 triangles, 577 vertices (merged 2591 vertices).
2025-05-18 20:44:03 INFO  main [WavefrontOBJ] Done with "Mesh013.obj" (took 2 ms)
2025-05-18 20:44:03 INFO  main [WavefrontOBJ] Loading geometry from "Mesh016.obj" ..
2025-05-18 20:44:03 INFO  main [WavefrontOBJ] Mesh016: 384 triangles, 768 vertices (merged 384 vertices).
2025-05-18 20:44:03 INFO  main [WavefrontOBJ] Done with "Mesh016.obj" (took 2 ms)
2025-05-18 20:44:03 INFO  main [WavefrontOBJ] Loading geometry from "Mesh015.obj" ..
2025-05-18 20:44:03 INFO  main [WavefrontOBJ] Mesh015: 3136 triangles, 1680 vertices (merged 7728 vertices).
2025-05-18 20:44:03 INFO  main [WavefrontOBJ] Done with "Mesh015.obj" (took 6 ms)
2025-05-18 20:44:03 INFO  main [WavefrontOBJ] Loading geometry from "Mesh023.obj" ..
2025-05-18 20:44:03 INFO  main [WavefrontOBJ] Mesh023: 1056 triangles, 577 vertices (merged 2591 vertices).
2025-05-18 20:44:03 INFO  main [WavefrontOBJ] Done with "Mesh023.obj" (took 2 ms)
2025-05-18 20:44:03 INFO  main [WavefrontOBJ] Loading geometry from "Mesh020.obj" ..
2025-05-18 20:44:03 INFO  main [WavefrontOBJ] Mesh020: 384 triangles, 768 vertices (merged 384 vertices).
2025-05-18 20:44:03 INFO  main [WavefrontOBJ] Done with "Mesh020.obj" (took 2 ms)
2025-05-18 20:44:03 INFO  main [WavefrontOBJ] Loading geometry from "Mesh017.obj" ..
2025-05-18 20:44:03 INFO  main [WavefrontOBJ] Mesh017: 3136 triangles, 1680 vertices (merged 7728 vertices).
2025-05-18 20:44:03 INFO  main [WavefrontOBJ] Done with "Mesh017.obj" (took 6 ms)
2025-05-18 20:44:03 INFO  main [WavefrontOBJ] Loading geometry from "Mesh024.obj" ..
2025-05-18 20:44:03 INFO  main [WavefrontOBJ] Mesh024: 34 triangles, 68 vertices (merged 34 vertices).
2025-05-18 20:44:03 INFO  main [WavefrontOBJ] Done with "Mesh024.obj" (took 0 ms)
2025-05-18 20:44:03 INFO  main [WavefrontOBJ] Loading geometry from "Mesh041.obj" ..
2025-05-18 20:44:03 INFO  main [WavefrontOBJ] Mesh041: 8 triangles, 16 vertices (merged 8 vertices).
2025-05-18 20:44:03 INFO  main [WavefrontOBJ] Done with "Mesh041.obj" (took 0 ms)
2025-05-18 20:44:03 INFO  main [WavefrontOBJ] Loading geometry from "Mesh011.obj" ..
2025-05-18 20:44:03 INFO  main [WavefrontOBJ] Mesh011: 8992 triangles, 4544 vertices (merged 22432 vertices).
2025-05-18 20:44:03 INFO  main [WavefrontOBJ] Done with "Mesh011.obj" (took 19 ms)
2025-05-18 20:44:03 INFO  main [WavefrontOBJ] Loading geometry from "Mesh026.obj" ..
2025-05-18 20:44:03 INFO  main [WavefrontOBJ] Mesh026: 7624 triangles, 4070 vertices (merged 18802 vertices).
2025-05-18 20:44:03 INFO  main [WavefrontOBJ] Done with "Mesh026.obj" (took 16 ms)
2025-05-18 20:44:03 INFO  main [WavefrontOBJ] Loading geometry from "Mesh018.obj" ..
2025-05-18 20:44:03 INFO  main [WavefrontOBJ] Mesh018: 2016 triangles, 1260 vertices (merged 4788 vertices).
2025-05-18 20:44:03 INFO  main [WavefrontOBJ] Done with "Mesh018.obj" (took 4 ms)
2025-05-18 20:44:03 INFO  main [WavefrontOBJ] Loading geometry from "Mesh007.obj" ..
2025-05-18 20:44:03 INFO  main [WavefrontOBJ] Mesh007: 4352 triangles, 2178 vertices (merged 10878 vertices).
2025-05-18 20:44:03 INFO  main [WavefrontOBJ] Done with "Mesh007.obj" (took 9 ms)
2025-05-18 20:44:03 INFO  main [WavefrontOBJ] Loading geometry from "Mesh005.obj" ..
2025-05-18 20:44:03 INFO  main [WavefrontOBJ] Mesh005: 160 triangles, 144 vertices (merged 336 vertices).
2025-05-18 20:44:03 INFO  main [WavefrontOBJ] Done with "Mesh005.obj" (took 0 ms)
2025-05-18 20:44:03 INFO  main [WavefrontOBJ] Loading geometry from "Mesh019.obj" ..
2025-05-18 20:44:03 INFO  main [WavefrontOBJ] Mesh019: 560 triangles, 400 vertices (merged 1280 vertices).
2025-05-18 20:44:03 INFO  main [WavefrontOBJ] Done with "Mesh019.obj" (took 1 ms)
2025-05-18 20:44:03 INFO  main [WavefrontOBJ] Loading geometry from "Mesh021.obj" ..
2025-05-18 20:44:03 INFO  main [WavefrontOBJ] Mesh021: 720 triangles, 482 vertices (merged 1678 vertices).
2025-05-18 20:44:03 INFO  main [WavefrontOBJ] Done with "Mesh021.obj" (took 1 ms)
2025-05-18 20:44:03 INFO  main [WavefrontOBJ] Loading geometry from "Mesh037.obj" ..
2025-05-18 20:44:03 INFO  main [WavefrontOBJ] Mesh037: 7624 triangles, 4070 vertices (merged 18802 vertices).
2025-05-18 20:44:03 INFO  main [WavefrontOBJ] Done with "Mesh037.obj" (took 17 ms)
2025-05-18 20:44:03 INFO  main [WavefrontOBJ] Loading geometry from "Mesh004.obj" ..
2025-05-18 20:44:03 INFO  main [WavefrontOBJ] Mesh004: 2016 triangles, 1260 vertices (merged 4788 vertices).
2025-05-18 20:44:03 INFO  main [WavefrontOBJ] Done with "Mesh004.obj" (took 4 ms)
2025-05-18 20:44:03 INFO  main [WavefrontOBJ] Loading geometry from "Mesh014.obj" ..
2025-05-18 20:44:03 INFO  main [WavefrontOBJ] Mesh014: 160 triangles, 144 vertices (merged 336 vertices).
2025-05-18 20:44:03 INFO  main [WavefrontOBJ] Done with "Mesh014.obj" (took 0 ms)
2025-05-18 20:44:03 INFO  main [WavefrontOBJ] Loading geometry from "Mesh012.obj" ..
2025-05-18 20:44:03 INFO  main [WavefrontOBJ] Mesh012: 560 triangles, 400 vertices (merged 1280 vertices).
2025-05-18 20:44:03 INFO  main [WavefrontOBJ] Done with "Mesh012.obj" (took 1 ms)
2025-05-18 20:44:03 INFO  main [WavefrontOBJ] Loading geometry from "Mesh028.obj" ..
2025-05-18 20:44:03 INFO  main [WavefrontOBJ] Mesh028: 720 triangles, 482 vertices (merged 1678 vertices).
2025-05-18 20:44:03 INFO  main [WavefrontOBJ] Done with "Mesh028.obj" (took 1 ms)
2025-05-18 20:44:03 INFO  main [WavefrontOBJ] Loading geometry from "Mesh025.obj" ..
2025-05-18 20:44:03 INFO  main [WavefrontOBJ] Mesh025: 4352 triangles, 2178 vertices (merged 10878 vertices).
2025-05-18 20:44:03 INFO  main [WavefrontOBJ] Done with "Mesh025.obj" (took 9 ms)
2025-05-18 20:44:03 INFO  main [WavefrontOBJ] Loading geometry from "Mesh008.obj" ..
2025-05-18 20:44:03 INFO  main [WavefrontOBJ] Mesh008: 6320 triangles, 3270 vertices (merged 15690 vertices).
2025-05-18 20:44:03 INFO  main [WavefrontOBJ] Done with "Mesh008.obj" (took 14 ms)
2025-05-18 20:44:03 INFO  main [WavefrontOBJ] Loading geometry from "Mesh032.obj" ..
2025-05-18 20:44:03 INFO  main [WavefrontOBJ] Mesh032: 13248 triangles, 6686 vertices (merged 33058 vertices).
2025-05-18 20:44:03 INFO  main [WavefrontOBJ] Done with "Mesh032.obj" (took 29 ms)
2025-05-18 20:44:03 INFO  main [WavefrontOBJ] Loading geometry from "Mesh035.obj" ..
2025-05-18 20:44:03 INFO  main [WavefrontOBJ] Mesh035: 14480 triangles, 7404 vertices (merged 36036 vertices).
2025-05-18 20:44:03 INFO  main [WavefrontOBJ] Done with "Mesh035.obj" (took 31 ms)
2025-05-18 20:44:03 INFO  main [WavefrontOBJ] Loading geometry from "Mesh042.obj" ..
2025-05-18 20:44:03 INFO  main [WavefrontOBJ] Mesh042: 2320 triangles, 1492 vertices (merged 5468 vertices).
2025-05-18 20:44:03 INFO  main [WavefrontOBJ] Done with "Mesh042.obj" (took 5 ms)
2025-05-18 20:44:03 INFO  main [WavefrontOBJ] Loading geometry from "Mesh010.obj" ..
2025-05-18 20:44:03 INFO  main [WavefrontOBJ] Mesh010: 13248 triangles, 6686 vertices (merged 33058 vertices).
2025-05-18 20:44:03 INFO  main [WavefrontOBJ] Done with "Mesh010.obj" (took 28 ms)
2025-05-18 20:44:03 INFO  main [WavefrontOBJ] Loading geometry from "Mesh036.obj" ..
2025-05-18 20:44:03 INFO  main [WavefrontOBJ] Mesh036: 14480 triangles, 7404 vertices (merged 36036 vertices).
2025-05-18 20:44:03 INFO  main [WavefrontOBJ] Done with "Mesh036.obj" (took 31 ms)
2025-05-18 20:44:03 INFO  main [WavefrontOBJ] Loading geometry from "Mesh027.obj" ..
2025-05-18 20:44:03 INFO  main [WavefrontOBJ] Mesh027: 2320 triangles, 1492 vertices (merged 5468 vertices).
2025-05-18 20:44:03 INFO  main [WavefrontOBJ] Done with "Mesh027.obj" (took 5 ms)
2025-05-18 20:44:03 INFO  main [WavefrontOBJ] Loading geometry from "Mesh043.obj" ..
2025-05-18 20:44:03 INFO  main [WavefrontOBJ] Mesh043: 13248 triangles, 6686 vertices (merged 33058 vertices).
2025-05-18 20:44:03 INFO  main [WavefrontOBJ] Done with "Mesh043.obj" (took 28 ms)
2025-05-18 20:44:03 INFO  main [WavefrontOBJ] Loading geometry from "Mesh044.obj" ..
2025-05-18 20:44:03 INFO  main [WavefrontOBJ] Mesh044: 14480 triangles, 7404 vertices (merged 36036 vertices).
2025-05-18 20:44:03 INFO  main [WavefrontOBJ] Done with "Mesh044.obj" (took 30 ms)
2025-05-18 20:44:03 INFO  main [WavefrontOBJ] Loading geometry from "Mesh031.obj" ..
2025-05-18 20:44:03 INFO  main [WavefrontOBJ] Mesh031: 2320 triangles, 1492 vertices (merged 5468 vertices).
2025-05-18 20:44:03 INFO  main [WavefrontOBJ] Done with "Mesh031.obj" (took 6 ms)
2025-05-18 20:44:03 INFO  main [WavefrontOBJ] Loading geometry from "Mesh022.obj" ..
2025-05-18 20:44:03 INFO  main [WavefrontOBJ] Mesh022: 13248 triangles, 6686 vertices (merged 33058 vertices).
2025-05-18 20:44:03 INFO  main [WavefrontOBJ] Done with "Mesh022.obj" (took 29 ms)
2025-05-18 20:44:03 INFO  main [WavefrontOBJ] Loading geometry from "Mesh038.obj" ..
2025-05-18 20:44:03 INFO  main [WavefrontOBJ] Mesh038: 14480 triangles, 7404 vertices (merged 36036 vertices).
2025-05-18 20:44:03 INFO  main [WavefrontOBJ] Done with "Mesh038.obj" (took 31 ms)
2025-05-18 20:44:03 INFO  main [WavefrontOBJ] Loading geometry from "Mesh030.obj" ..
2025-05-18 20:44:03 INFO  main [WavefrontOBJ] Mesh030: 2320 triangles, 1492 vertices (merged 5468 vertices).
2025-05-18 20:44:03 INFO  main [WavefrontOBJ] Done with "Mesh030.obj" (took 5 ms)
2025-05-18 20:44:03 INFO  main [WavefrontOBJ] Loading geometry from "Mesh046.obj" ..
2025-05-18 20:44:03 INFO  main [WavefrontOBJ] Mesh046: 13248 triangles, 6686 vertices (merged 33058 vertices).
2025-05-18 20:44:03 INFO  main [WavefrontOBJ] Done with "Mesh046.obj" (took 27 ms)
2025-05-18 20:44:03 INFO  main [WavefrontOBJ] Loading geometry from "Mesh047.obj" ..
2025-05-18 20:44:03 INFO  main [WavefrontOBJ] Mesh047: 14480 triangles, 7404 vertices (merged 36036 vertices).
2025-05-18 20:44:03 INFO  main [WavefrontOBJ] Done with "Mesh047.obj" (took 30 ms)
2025-05-18 20:44:03 INFO  main [WavefrontOBJ] Loading geometry from "Mesh034.obj" ..
2025-05-18 20:44:03 INFO  main [WavefrontOBJ] Mesh034: 2320 triangles, 1492 vertices (merged 5468 vertices).
2025-05-18 20:44:03 INFO  main [WavefrontOBJ] Done with "Mesh034.obj" (took 5 ms)
2025-05-18 20:44:03 INFO  main [WavefrontOBJ] Loading geometry from "Mesh033.obj" ..
2025-05-18 20:44:03 INFO  main [WavefrontOBJ] Mesh033: 44 triangles, 96 vertices (merged 36 vertices).
2025-05-18 20:44:03 INFO  main [WavefrontOBJ] Done with "Mesh033.obj" (took 0 ms)
2025-05-18 20:44:03 INFO  main [WavefrontOBJ] Loading geometry from "Mesh006.obj" ..
2025-05-18 20:44:03 INFO  main [WavefrontOBJ] Mesh006: 4 triangles, 6 vertices (merged 6 vertices).
2025-05-18 20:44:03 INFO  main [WavefrontOBJ] Done with "Mesh006.obj" (took 0 ms)
2025-05-18 20:44:03 INFO  main [WavefrontOBJ] Loading geometry from "Mesh048.obj" ..
2025-05-18 20:44:03 INFO  main [WavefrontOBJ] Mesh048: 30 triangles, 38 vertices (merged 52 vertices).
2025-05-18 20:44:03 INFO  main [WavefrontOBJ] Done with "Mesh048.obj" (took 0 ms)
2025-05-18 20:44:03 INFO  main [WavefrontOBJ] Loading geometry from "Mesh049.obj" ..
2025-05-18 20:44:03 INFO  main [WavefrontOBJ] Mesh049: 13248 triangles, 6686 vertices (merged 33058 vertices).
2025-05-18 20:44:03 INFO  main [WavefrontOBJ] Done with "Mesh049.obj" (took 27 ms)
2025-05-18 20:44:03 INFO  main [WavefrontOBJ] Loading geometry from "Mesh051.obj" ..
2025-05-18 20:44:03 INFO  main [WavefrontOBJ] Mesh051: 14480 triangles, 7404 vertices (merged 36036 vertices).
2025-05-18 20:44:03 INFO  main [WavefrontOBJ] Done with "Mesh051.obj" (took 30 ms)
2025-05-18 20:44:03 INFO  main [WavefrontOBJ] Loading geometry from "Mesh040.obj" ..
2025-05-18 20:44:03 INFO  main [WavefrontOBJ] Mesh040: 2320 triangles, 1492 vertices (merged 5468 vertices).
2025-05-18 20:44:03 INFO  main [WavefrontOBJ] Done with "Mesh040.obj" (took 5 ms)
2025-05-18 20:44:03 INFO  main [WavefrontOBJ] Loading geometry from "Mesh003.obj" ..
2025-05-18 20:44:03 INFO  main [WavefrontOBJ] Mesh003: 18176 triangles, 9150 vertices (merged 45378 vertices).
2025-05-18 20:44:03 INFO  main [WavefrontOBJ] Done with "Mesh003.obj" (took 38 ms)
2025-05-18 20:44:03 INFO  main [WavefrontOBJ] Loading geometry from "Mesh002.obj" ..
2025-05-18 20:44:03 INFO  main [WavefrontOBJ] Mesh002: 7624 triangles, 4070 vertices (merged 18802 vertices).
2025-05-18 20:44:03 INFO  main [WavefrontOBJ] Done with "Mesh002.obj" (took 17 ms)
2025-05-18 20:44:03 INFO  main [WavefrontOBJ] Loading geometry from "Mesh009.obj" ..
2025-05-18 20:44:03 INFO  main [WavefrontOBJ] Mesh009: 2016 triangles, 1260 vertices (merged 4788 vertices).
2025-05-18 20:44:03 INFO  main [WavefrontOBJ] Done with "Mesh009.obj" (took 4 ms)
2025-05-18 20:44:03 INFO  main [WavefrontOBJ] Loading geometry from "Mesh045.obj" ..
2025-05-18 20:44:03 INFO  main [WavefrontOBJ] Mesh045: 4352 triangles, 2178 vertices (merged 10878 vertices).
2025-05-18 20:44:03 INFO  main [WavefrontOBJ] Done with "Mesh045.obj" (took 9 ms)
2025-05-18 20:44:03 INFO  main [WavefrontOBJ] Loading geometry from "Mesh029.obj" ..
2025-05-18 20:44:03 INFO  main [WavefrontOBJ] Mesh029: 160 triangles, 144 vertices (merged 336 vertices).
2025-05-18 20:44:03 INFO  main [WavefrontOBJ] Done with "Mesh029.obj" (took 0 ms)
2025-05-18 20:44:03 INFO  main [WavefrontOBJ] Loading geometry from "Mesh039.obj" ..
2025-05-18 20:44:03 INFO  main [WavefrontOBJ] Mesh039: 560 triangles, 400 vertices (merged 1280 vertices).
2025-05-18 20:44:03 INFO  main [WavefrontOBJ] Done with "Mesh039.obj" (took 1 ms)
2025-05-18 20:44:03 INFO  main [WavefrontOBJ] Loading geometry from "Mesh050.obj" ..
2025-05-18 20:44:03 INFO  main [WavefrontOBJ] Mesh050: 720 triangles, 482 vertices (merged 1678 vertices).
2025-05-18 20:44:03 INFO  main [WavefrontOBJ] Done with "Mesh050.obj" (took 1 ms)
2025-05-18 20:44:03 INFO  main [WavefrontOBJ] Loading geometry from "Mesh001.obj" ..
2025-05-18 20:44:03 INFO  main [WavefrontOBJ] Mesh001: 170 triangles, 340 vertices (merged 170 vertices).
2025-05-18 20:44:03 INFO  main [WavefrontOBJ] Done with "Mesh001.obj" (took 0 ms)
2025-05-18 20:44:03 INFO  main [WavefrontOBJ] Loading geometry from "Mesh000.obj" ..
2025-05-18 20:44:03 INFO  main [WavefrontOBJ] Mesh000: 22 triangles, 44 vertices (merged 22 vertices).
2025-05-18 20:44:03 INFO  main [WavefrontOBJ] Done with "Mesh000.obj" (took 0 ms)
2025-05-18 20:44:03 INFO  main [PluginManager] Loading plugin "plugins/rectangle.so" ..
2025-05-18 20:44:03 INFO  ren0 [KDTreeBase] Constructing a SAH kd-tree (321251 primitives) ..
2025-05-18 20:44:04 INFO  ren0 [KDTreeBase] Finished -- took 630 ms.
2025-05-18 20:44:04 INFO  ren0 [octree.h:535] root weight: 8.000e-20 (0.000000)
2025-05-18 20:44:04 INFO  ren0 [octree.h:536] splitting threshold: 8.000e-23 (0.000000)
2025-05-18 20:44:04 INFO  ren0 [octree.h:551] node count: 1 -> 585 -> 585

2025-05-18 20:44:04 INFO  ren0 [octree.h:535] root weight: 4.096e-17 (0.000000)
2025-05-18 20:44:04 INFO  ren0 [octree.h:536] splitting threshold: 4.096e-20 (0.000000)
2025-05-18 20:44:04 INFO  ren0 [octree.h:551] node count: 585 -> 585 -> 585

2025-05-18 20:44:04 INFO  ren0 [octree.h:535] root weight: 8.000e-20 (0.000000)
2025-05-18 20:44:04 INFO  ren0 [octree.h:536] splitting threshold: 8.000e-23 (0.000000)
2025-05-18 20:44:04 INFO  ren0 [octree.h:551] node count: 1 -> 585 -> 585

2025-05-18 20:44:04 INFO  ren0 [octree.h:535] root weight: 8.000e-20 (0.000000)
2025-05-18 20:44:04 INFO  ren0 [octree.h:536] splitting threshold: 8.000e-23 (0.000000)
2025-05-18 20:44:04 INFO  ren0 [octree.h:551] node count: 1 -> 585 -> 585

2025-05-18 20:44:04 INFO  ren0 [octree.h:535] root weight: 4.096e-17 (0.000000)
2025-05-18 20:44:04 INFO  ren0 [octree.h:536] splitting threshold: 4.096e-20 (0.000000)
2025-05-18 20:44:04 INFO  ren0 [octree.h:551] node count: 585 -> 585 -> 585

2025-05-18 20:44:04 INFO  ren0 [octree.h:535] root weight: 8.000e-20 (0.000000)
2025-05-18 20:44:04 INFO  ren0 [octree.h:536] splitting threshold: 8.000e-23 (0.000000)
2025-05-18 20:44:04 INFO  ren0 [octree.h:551] node count: 1 -> 585 -> 585

2025-05-18 20:44:04 INFO  ren0 [MIFocalGuidingPathTracer] AABB3[min=[-6.3658, -1.5274, -4.73046], max=[5.27597, 8.04131, 10.0598]]
2025-05-18 20:44:04 INFO  ren0 [MIFocalGuidingPathTracer] Starting render job (1280x720, 12 cores, SSE2 enabled) ..
2025-05-18 20:44:04 INFO  ren0 [MIFocalGuidingPathTracer] ITERATION 0, until 10.0 seconds
2025-05-18 20:44:17 INFO  ren0 [MIFocalGuidingPathTracer]   12.43 seconds elapsed, passes this iteration: 5, total passes: 5
2025-05-18 20:44:17 INFO  ren0 [MIFocalGuidingPathTracer] Got 1620871 non-zero samples
2025-05-18 20:44:17 INFO  ren0 [gaussian_mixture_model.h:808] Processing mega batch of size 1620871
2025-05-18 20:44:17 INFO  ren0 [gaussian_mixture_model.h:547] KMeans
2025-05-18 20:44:18 INFO  ren0 [MIFocalGuidingPathTracer] GMM[
weight = 7.74725e-05 mean = [0.219282 4.00645 0.385671] covariance = [[0.364661 0.0482846 -0.095789][0.0482846 0.248172 -0.0247624][-0.095789 -0.0247624 0.418093]]
weight = 7.74725e-05 mean = [0.756677 4.26941 0.878531] covariance = [[0.364661 0.0482846 -0.095789][0.0482846 0.248172 -0.0247624][-0.095789 -0.0247624 0.418093]]
weight = 0.18464 mean = [0.204461 2.91055 -4.57663] covariance = [[7.82134 -0.112018 0.159087][-0.112018 0.444285 -0.0292896][0.159087 -0.0292896 0.0213099]]
weight = 0.0598939 mean = [-0.143516 6.23104 -2.3751] covariance = [[7.52448 -0.342426 0.634542][-0.342426 1.09752 0.292009][0.634542 0.292009 2.23546]]
weight = 0.0390333 mean = [-0.452512 4.06035 2.2995] covariance = [[2.86635 0.14832 0.551338][0.14832 0.343735 0.296485][0.551338 0.296485 2.2749]]
weight = 0.108663 mean = [1.66897 0.640378 -0.72365] covariance = [[6.80005 -0.117934 -1.34533][-0.117934 1.75531 -0.847826][-1.34533 -0.847826 7.94699]]
weight = 0.25315 mean = [1.9692 2.52876 7.19242] covariance = [[9.32069 -3.30772 2.11984][-3.30772 4.86694 -2.35732][2.11984 -2.35732 6.09109]]
weight = 0.128247 mean = [-4.68863 2.74677 0.256698] covariance = [[1.49831 0.00298702 0.324857][0.00298702 4.58958 1.9098][0.324857 1.9098 11.366]]
weight = 0.226218 mean = [-0.383199 3.58568 -2.27876] covariance = [[5.31724 0.610034 0.827407][0.610034 0.310666 0.362845][0.827407 0.362845 1.98075]]
]
2025-05-18 20:44:18 INFO  ren0 [octree.h:535] root weight: 2.444e+03 (2444.229004)
2025-05-18 20:44:18 INFO  ren0 [octree.h:536] splitting threshold: 2.444e+00 (2.444229)
2025-05-18 20:44:18 INFO  ren0 [octree.h:535] root weight: 1.254e+03 (1253.939575)
2025-05-18 20:44:18 INFO  ren0 [octree.h:536] splitting threshold: 1.254e+00 (1.253940)
2025-05-18 20:44:18 INFO  ren0 [octree.h:551] node count: 585 -> 666 -> 339

2025-05-18 20:44:18 INFO  ren0 [octree.h:551] node count: 585 -> 705 -> 474

2025-05-18 20:44:18 INFO  ren0 [MIFocalGuidingPathTracer] ITERATION 1, until 20.0 seconds
2025-05-18 20:44:45 INFO  ren0 [MIFocalGuidingPathTracer]   40.68 seconds elapsed, passes this iteration: 1, total passes: 6
2025-05-18 20:44:45 INFO  ren0 [MIFocalGuidingPathTracer] Got 279975 non-zero samples
2025-05-18 20:44:45 INFO  ren0 [gaussian_mixture_model.h:808] Processing mega batch of size 279975
2025-05-18 20:44:45 INFO  ren0 [MIFocalGuidingPathTracer] GMM[
weight = 3.90833e-05 mean = [-0.0519363 4.07742 0.634391] covariance = [[0.109295 -0.0223465 -0.122722][-0.0223465 0.0652163 0.0626359][-0.122722 0.0626359 0.360111]]
weight = 1.29445e-05 mean = [0.311855 3.97824 0.00795463] covariance = [[0.130873 0.00881125 -0.0353723][0.00881125 0.135014 0.0206403][-0.0353723 0.0206403 0.172753]]
weight = 0.0989018 mean = [2.17535 3.17898 -4.58205] covariance = [[5.93824 1.37897 0.0032364][1.37897 0.813441 -0.0113873][0.0032364 -0.0113873 0.0116833]]
weight = 0.101085 mean = [-4.04464 5.95208 -3.04395] covariance = [[7.82756 0.664591 0.650748][0.664591 0.799702 0.251849][0.650748 0.251849 1.08858]]
weight = 1.29445e-05 mean = [0.0365246 4.1222 0.55174] covariance = [[0.130873 0.00881125 -0.0353723][0.00881125 0.135014 0.0206403][-0.0353723 0.0206403 0.172753]]
weight = 0.206142 mean = [2.37975 0.899752 -1.34286] covariance = [[4.43764 0.60643 0.407069][0.60643 1.01737 -0.359032][0.407069 -0.359032 4.91231]]
weight = 0.135876 mean = [1.23181 3.25892 6.07154] covariance = [[10.8155 -3.09426 -1.66611][-3.09426 5.13975 -0.561729][-1.66611 -0.561729 5.5547]]
weight = 0.314542 mean = [-4.85059 2.23639 -2.38935] covariance = [[1.2485 -1.49325 -0.170685][-1.49325 5.72665 -0.345971][-0.170685 -0.345971 5.39757]]
weight = 0.143388 mean = [-0.236086 3.59425 -2.0409] covariance = [[6.30143 0.126173 -0.478292][0.126173 0.378794 0.454733][-0.478292 0.454733 2.82285]]
]
2025-05-18 20:44:45 INFO  ren0 [octree.h:535] root weight: 3.033e+03 (3032.721436)
2025-05-18 20:44:45 INFO  ren0 [octree.h:536] splitting threshold: 3.033e+00 (3.032722)
2025-05-18 20:44:45 INFO  ren0 [octree.h:535] root weight: 1.263e+03 (1262.920654)
2025-05-18 20:44:45 INFO  ren0 [octree.h:536] splitting threshold: 1.263e+00 (1.262921)
2025-05-18 20:44:45 INFO  ren0 [octree.h:551] node count: 339 -> 466 -> 365

2025-05-18 20:44:45 INFO  ren0 [octree.h:551] node count: 474 -> 537 -> 444

2025-05-18 20:44:45 INFO  ren0 [MIFocalGuidingPathTracer] ITERATION 2, until 30.0 seconds
2025-05-18 20:45:08 INFO  ren0 [MIFocalGuidingPathTracer]   64.14 seconds elapsed, passes this iteration: 1, total passes: 7
2025-05-18 20:45:08 INFO  ren0 [MIFocalGuidingPathTracer] Got 146278 non-zero samples
2025-05-18 20:45:08 INFO  ren0 [gaussian_mixture_model.h:808] Processing mega batch of size 146278
2025-05-18 20:45:08 INFO  ren0 [MIFocalGuidingPathTracer] GMM[
weight = 0.0438998 mean = [-0.454005 2.56223 -4.62508] covariance = [[1.92392 0.303146 0.00559814][0.303146 0.477277 0.000799016][0.00559814 0.000799016 0.00432413]]
weight = 0.0451245 mean = [-2.23595 6.23656 -2.9227] covariance = [[5.52922 0.810954 -0.0965712][0.810954 0.982494 0.00397768][-0.0965712 0.00397768 1.51626]]
weight = 0.0438998 mean = [1.49932 2.955 -4.6194] covariance = [[1.92392 0.303146 0.00559814][0.303146 0.477277 0.000799016][0.00559814 0.000799016 0.00432413]]
weight = 0.0451245 mean = [1.08192 6.81029 -2.99926] covariance = [[5.52922 0.810954 -0.0965712][0.810954 0.982494 0.00397768][-0.0965712 0.00397768 1.51626]]
weight = 0.154178 mean = [2.36147 0.78176 -1.08586] covariance = [[5.91487 0.52077 1.62262][0.52077 1.43726 0.284371][1.62262 0.284371 5.44771]]
weight = 0.200687 mean = [0.939406 3.44129 5.52759] covariance = [[7.64277 -0.373426 -1.13956][-0.373426 6.64179 -3.61909][-1.13956 -3.61909 8.56499]]
weight = 0.467086 mean = [-3.05883 2.72548 -1.87737] covariance = [[8.90279 1.85576 -0.028369][1.85576 2.68412 0.0148369][-0.028369 0.0148369 3.69991]]
]
2025-05-18 20:45:08 INFO  ren0 [octree.h:535] root weight: 2.332e+03 (2331.844727)
2025-05-18 20:45:08 INFO  ren0 [octree.h:536] splitting threshold: 2.332e+00 (2.331845)
2025-05-18 20:45:08 INFO  ren0 [octree.h:535] root weight: 9.671e+02 (967.055481)
2025-05-18 20:45:08 INFO  ren0 [octree.h:536] splitting threshold: 9.671e-01 (0.967055)
2025-05-18 20:45:08 INFO  ren0 [octree.h:551] node count: 365 -> 440 -> 364

2025-05-18 20:45:08 INFO  ren0 [octree.h:551] node count: 444 -> 478 -> 440

2025-05-18 20:45:08 INFO  ren0 [MIFocalGuidingPathTracer] ITERATION 3, until 40.0 seconds
2025-05-18 20:45:30 INFO  ren0 [MIFocalGuidingPathTracer]   85.61 seconds elapsed, passes this iteration: 1, total passes: 8
2025-05-18 20:45:30 INFO  ren0 [MIFocalGuidingPathTracer] Got 169688 non-zero samples
2025-05-18 20:45:30 INFO  ren0 [gaussian_mixture_model.h:808] Processing mega batch of size 169688
2025-05-18 20:45:30 INFO  ren0 [MIFocalGuidingPathTracer] GMM[
weight = 0.0588579 mean = [-2.84936 3.06419 -4.63366] covariance = [[1.17066 -0.105941 0.00636243][-0.105941 0.272943 0.000657894][0.00636243 0.000657894 0.000188168]]
weight = 0.0167237 mean = [-2.80277 6.56676 -2.41007] covariance = [[1.7843 0.0579045 -0.152085][0.0579045 0.82149 0.244212][-0.152085 0.244212 1.34348]]
weight = 0.0385816 mean = [-5.12608 6.72212 -1.04325] covariance = [[0.618435 -0.0879999 -0.100916][-0.0879999 0.599501 0.387132][-0.100916 0.387132 1.15828]]
weight = 0.0170476 mean = [-0.277715 6.63 -2.71248] covariance = [[7.1227 0.519743 -0.210822][0.519743 0.932237 0.184291][-0.210822 0.184291 1.378]]
weight = 0.0190206 mean = [1.04151 2.69836 -4.62251] covariance = [[3.49714 0.276615 -0.00446547][0.276615 0.467963 0.00274523][-0.00446547 0.00274523 0.0024513]]
weight = 0.0167237 mean = [-4.62472 6.60392 -1.82431] covariance = [[1.7843 0.0579045 -0.152085][0.0579045 0.82149 0.244212][-0.152085 0.244212 1.34348]]
weight = 0.251406 mean = [-0.730689 4.54991 4.80358] covariance = [[11.1614 -2.70662 1.17726][-2.70662 5.70275 -2.25728][1.17726 -2.25728 6.58363]]
weight = 0.00897612 mean = [-2.98163 6.46138 -2.05593] covariance = [[4.43345 0.295036 -0.901938][0.295036 1.00311 0.513563][-0.901938 0.513563 1.8101]]
weight = 0.572663 mean = [-2.67065 2.48345 -1.8543] covariance = [[11.9517 -0.768907 0.738679][-0.768907 3.25913 0.0661676][0.738679 0.0661676 3.71486]]
]
2025-05-18 20:45:30 INFO  ren0 [octree.h:535] root weight: 2.475e+03 (2475.007324)
2025-05-18 20:45:30 INFO  ren0 [octree.h:536] splitting threshold: 2.475e+00 (2.475008)
2025-05-18 20:45:30 INFO  ren0 [octree.h:535] root weight: 8.709e+02 (870.885498)
2025-05-18 20:45:30 INFO  ren0 [octree.h:536] splitting threshold: 8.709e-01 (0.870886)
2025-05-18 20:45:30 INFO  ren0 [octree.h:551] node count: 364 -> 476 -> 364

2025-05-18 20:45:30 INFO  ren0 [octree.h:551] node count: 440 -> 483 -> 428

2025-05-18 20:45:30 INFO  ren0 [MIFocalGuidingPathTracer] ITERATION 4, until 50.0 seconds
2025-05-18 20:45:56 INFO  ren0 [MIFocalGuidingPathTracer]   112.27 seconds elapsed, passes this iteration: 1, total passes: 9
2025-05-18 20:45:56 INFO  ren0 [MIFocalGuidingPathTracer] Got 197803 non-zero samples
2025-05-18 20:45:56 INFO  ren0 [gaussian_mixture_model.h:808] Processing mega batch of size 197803
2025-05-18 20:45:56 INFO  ren0 [MIFocalGuidingPathTracer] GMM[
weight = 0.0146362 mean = [-3.44912 2.82783 -4.63565] covariance = [[0.385405 -0.0036342 0.00029837][-0.0036342 0.081171 0.000202997][0.00029837 0.000202997 3.42522e-05]]
weight = 0.0146362 mean = [-4.32705 2.83832 -4.63632] covariance = [[0.385405 -0.0036342 0.00029837][-0.0036342 0.081171 0.000202997][0.00029837 0.000202997 3.42522e-05]]
weight = 0.00498485 mean = [-3.28676 6.66951 -2.27777] covariance = [[2.9171 0.325213 -0.323675][0.325213 0.762352 0.0945199][-0.323675 0.0945199 1.47758]]
weight = 0.0425951 mean = [2.32828 6.78986 -2.9472] covariance = [[1.47416 0.318101 0.0355128][0.318101 0.729332 -0.0862863][0.0355128 -0.0862863 0.47892]]
weight = 0.012092 mean = [1.9463 2.4391 -4.63222] covariance = [[4.6769 0.501456 -0.00533467][0.501456 0.69562 0.0015554][-0.00533467 0.0015554 0.000656773]]
weight = 0.00717066 mean = [-5.12673 6.2287 -1.42996] covariance = [[0.931289 0.306959 -0.0534484][0.306959 0.92483 0.488693][-0.0534484 0.488693 2.69583]]
weight = 0.553855 mean = [-2.40579 3.9145 8.0429] covariance = [[8.62944 -4.60208 -2.55174][-4.60208 9.14168 -0.503113][-2.55174 -0.503113 5.33779]]
weight = 0.00335288 mean = [-0.341233 6.53687 -2.72217] covariance = [[10.3492 1.1278 -1.96568][1.1278 1.17052 -0.0369778][-1.96568 -0.0369778 1.44125]]
weight = 0.346677 mean = [-0.441568 2.44375 -1.6553] covariance = [[8.75941 -0.120099 0.169881][-0.120099 3.90661 -0.716492][0.169881 -0.716492 4.7389]]
]
2025-05-18 20:45:56 INFO  ren0 [octree.h:535] root weight: 3.461e+03 (3461.403809)
2025-05-18 20:45:56 INFO  ren0 [octree.h:536] splitting threshold: 3.461e+00 (3.461404)
2025-05-18 20:45:56 INFO  ren0 [octree.h:535] root weight: 8.425e+02 (842.537537)
2025-05-18 20:45:56 INFO  ren0 [octree.h:536] splitting threshold: 8.425e-01 (0.842538)
2025-05-18 20:45:56 INFO  ren0 [octree.h:551] node count: 364 -> 585 -> 455

2025-05-18 20:45:56 INFO  ren0 [octree.h:551] node count: 428 -> 451 -> 382

2025-05-18 20:45:56 INFO  ren0 [MIFocalGuidingPathTracer] ITERATION 5, until 60.0 seconds
2025-05-18 20:46:24 INFO  ren0 [MIFocalGuidingPathTracer]   139.78 seconds elapsed, passes this iteration: 1, total passes: 10
2025-05-18 20:46:24 INFO  ren0 [MIFocalGuidingPathTracer] Got 158109 non-zero samples
2025-05-18 20:46:24 INFO  ren0 [gaussian_mixture_model.h:808] Processing mega batch of size 158109
2025-05-18 20:46:24 INFO  ren0 [MIFocalGuidingPathTracer] GMM[
weight = 0.0069679 mean = [-3.30213 2.74788 -4.64045] covariance = [[1.15725 0.099212 -0.00278978][0.099212 0.119518 -0.000169715][-0.00278978 -0.000169715 5.34091e-05]]
weight = 1.16812e-05 mean = [-4.75316 1.95725 -4.63626] covariance = [[0.0749827 -0.0543383 -2.58641e-07][-0.0543383 0.0581412 -4.37234e-08][-2.58641e-07 -4.37234e-08 1.973e-05]]
weight = 0.00638958 mean = [-5.25693 2.0241 -4.63632] covariance = [[0.136436 0.0511646 -7.61e-05][0.0511646 0.0598453 -1.84894e-05][-7.61e-05 -1.84894e-05 7.80564e-06]]
weight = 1.16812e-05 mean = [-5.12753 2.27807 -4.63626] covariance = [[0.0749827 -0.0543383 -2.58641e-07][-0.0543383 0.0581412 -4.37234e-08][-2.58641e-07 -4.37234e-08 1.973e-05]]
weight = 0.00634446 mean = [2.21579 6.56546 -3.01824] covariance = [[2.61534 0.612339 0.00593168][0.612339 1.01706 -0.0571538][0.00593168 -0.0571538 0.736297]]
weight = 0.0196343 mean = [-0.251907 2.52357 -4.63501] covariance = [[6.21001 0.018485 0.0111509][0.018485 0.601751 0.0011902][0.0111509 0.0011902 0.000445401]]
weight = 0.37138 mean = [-2.38533 3.11591 6.87337] covariance = [[9.71518 -0.930184 -0.428115][-0.930184 6.0471 -1.66473][-0.428115 -1.66473 5.96893]]
weight = 0.0110184 mean = [-3.85894 6.31966 -2.16188] covariance = [[3.5182 0.137215 -0.156346][0.137215 1.11294 0.366327][-0.156346 0.366327 2.80979]]
weight = 0.578242 mean = [-2.53953 2.33418 -1.84292] covariance = [[10.8552 0.466454 2.44943][0.466454 2.51824 -0.400089][2.44943 -0.400089 6.01607]]
]
2025-05-18 20:46:24 INFO  ren0 [octree.h:535] root weight: 3.494e+03 (3493.652344)
2025-05-18 20:46:24 INFO  ren0 [octree.h:536] splitting threshold: 3.494e+00 (3.493653)
2025-05-18 20:46:24 INFO  ren0 [octree.h:535] root weight: 9.285e+02 (928.534729)
2025-05-18 20:46:24 INFO  ren0 [octree.h:536] splitting threshold: 9.285e-01 (0.928535)
2025-05-18 20:46:24 INFO  ren0 [octree.h:551] node count: 455 -> 595 -> 413

2025-05-18 20:46:24 INFO  ren0 [octree.h:551] node count: 382 -> 428 -> 406

2025-05-18 20:46:24 INFO  ren0 [MIFocalGuidingPathTracer] ITERATION 6, until 70.0 seconds
2025-05-18 20:47:01 INFO  ren0 [MIFocalGuidingPathTracer]   177.23 seconds elapsed, passes this iteration: 1, total passes: 11
2025-05-18 20:47:01 INFO  ren0 [MIFocalGuidingPathTracer] Got 182550 non-zero samples
2025-05-18 20:47:01 INFO  ren0 [gaussian_mixture_model.h:808] Processing mega batch of size 182550
2025-05-18 20:47:01 INFO  ren0 [MIFocalGuidingPathTracer] GMM[
weight = 0.000574206 mean = [-5.28979 1.85112 -4.63625] covariance = [[0.0745945 -0.00126722 -1.7337e-05][-0.00126722 0.0854086 -1.4475e-05][-1.7337e-05 -1.4475e-05 2.02686e-05]]
weight = 0.000574206 mean = [-4.9065 1.89544 -4.63634] covariance = [[0.0745945 -0.00126722 -1.7337e-05][-0.00126722 0.0854086 -1.4475e-05][-1.7337e-05 -1.4475e-05 2.02686e-05]]
weight = 0.133682 mean = [-2.19905 3.69555 5.83177] covariance = [[7.10904 0.365489 -0.461068][0.365489 6.63277 -1.57871][-0.461068 -1.57871 6.4238]]
weight = 0.0161113 mean = [-3.02218 6.73381 -1.92007] covariance = [[5.19157 0.112462 -0.334064][0.112462 0.693681 0.212005][-0.334064 0.212005 2.06224]]
weight = 0.0794829 mean = [1.04208 2.87949 -4.63223] covariance = [[11.2496 0.138038 -0.00164253][0.138038 0.791577 0.000793373][-0.00164253 0.000793373 0.000226318]]
weight = 0.309892 mean = [-3.19408 2.63058 -1.82872] covariance = [[5.63222 -0.159936 0.0748241][-0.159936 3.74366 0.0241096][0.0748241 0.0241096 4.4695]]
weight = 0.133682 mean = [1.15958 2.4627 6.77534] covariance = [[7.10904 0.365489 -0.461068][0.365489 6.63277 -1.57871][-0.461068 -1.57871 6.4238]]
weight = 0.0161113 mean = [0.193549 6.7979 -2.25505] covariance = [[5.19157 0.112462 -0.334064][0.112462 0.693681 0.212005][-0.334064 0.212005 2.06224]]
weight = 0.309892 mean = [0.149645 2.35268 -1.62248] covariance = [[5.63222 -0.159936 0.0748241][-0.159936 3.74366 0.0241096][0.0748241 0.0241096 4.4695]]
]
2025-05-18 20:47:01 INFO  ren0 [octree.h:535] root weight: 2.650e+03 (2650.355957)
2025-05-18 20:47:01 INFO  ren0 [octree.h:536] splitting threshold: 2.650e+00 (2.650356)
2025-05-18 20:47:01 INFO  ren0 [octree.h:535] root weight: 8.070e+02 (806.984192)
2025-05-18 20:47:01 INFO  ren0 [octree.h:536] splitting threshold: 8.070e-01 (0.806984)
2025-05-18 20:47:01 INFO  ren0 [octree.h:551] node count: 413 -> 463 -> 385

2025-05-18 20:47:01 INFO  ren0 [octree.h:551] node count: 406 -> 448 -> 426

2025-05-18 20:47:01 INFO  ren0 [MIFocalGuidingPathTracer] ITERATION 7, until 80.0 seconds
2025-05-18 20:47:37 INFO  ren0 [MIFocalGuidingPathTracer]   212.64 seconds elapsed, passes this iteration: 1, total passes: 12
2025-05-18 20:47:37 INFO  ren0 [MIFocalGuidingPathTracer] Got 193863 non-zero samples
2025-05-18 20:47:37 INFO  ren0 [gaussian_mixture_model.h:808] Processing mega batch of size 193863
2025-05-18 20:47:37 INFO  ren0 [MIFocalGuidingPathTracer] GMM[
weight = 0.230723 mean = [-5.68158 0.159746 9.34427] covariance = [[3.50478 3.18542 -1.47539][3.18542 3.58136 -1.42308][-1.47539 -1.42308 1.82968]]
weight = 0.105912 mean = [-1.86339 3.01104 -2.07425] covariance = [[0.281944 0.156768 -0.404944][0.156768 2.79144 0.247648][-0.404944 0.247648 1.3873]]
weight = 0.10459 mean = [1.11293 5.62845 6.82296] covariance = [[2.41003 0.241734 0.440947][0.241734 1.83435 0.0249126][0.440947 0.0249126 1.40932]]
