2025-04-04 16:30:21 INFO  main [mitsuba.cpp:274] Mitsuba version 0.6.0 (Linux, 64 bit), Copyright (c) 2017 Wenzel Jakob
2025-04-04 16:30:21 INFO  main [mitsuba.cpp:377] Parsing scene description from "../../scenes/modern-hall/modern-hall.xml" ..
2025-04-04 16:30:21 INFO  main [scenehandler.cpp:675] In file "/home/julia/PBRT/PMM_focal_guiding/mitsuba/dist/../../scenes/modern-hall/modern-hall.xml" (near line 20): Parsing included file "pmm_focal_guiding.xml" ..
2025-04-04 16:30:21 INFO  main [PluginManager] Loading plugin "plugins/pmm_focal_guiding.so" ..
2025-04-04 16:30:21 INFO  main [octree.h:482] root weight: 8.000e-20 (0.000000)
2025-04-04 16:30:21 INFO  main [octree.h:483] splitting threshold: 8.000e-23 (0.000000)
2025-04-04 16:30:21 INFO  main [octree.h:498] node count: 1 -> 585 -> 585

2025-04-04 16:30:21 INFO  main [octree.h:482] root weight: 8.000e-20 (0.000000)
2025-04-04 16:30:21 INFO  main [octree.h:483] splitting threshold: 8.000e-23 (0.000000)
2025-04-04 16:30:21 INFO  main [octree.h:498] node count: 1 -> 585 -> 585

2025-04-04 16:30:21 INFO  main [PMMFocalGuidingIntegrator] Saving to: 
2025-04-04 16:30:21 INFO  main [PMMFocalGuidingIntegrator] GMM params: alpha = 0.250000, split_th = 4.000000, merge_th = 0.500000, min_num_comp = 3, max_num_comp = 20, init = KMeans
2025-04-04 16:30:21 INFO  main [PMMFocalGuidingIntegrator] iterationCount: 8
2025-04-04 16:30:21 INFO  main [PMMFocalGuidingIntegrator] PMMFocalGuidingIntegrator
  maxDepth = 40,
  rrDepth = 14,
  strictNormals = 1
  gmm = GMM[
]
]
2025-04-04 16:30:21 WARN  main [scenehandler.cpp:795] In file "/home/julia/PBRT/PMM_focal_guiding/mitsuba/dist/../../scenes/modern-hall/../_integrators/pmm_focal_guiding.xml" (near line 49): Unqueried attribute "budget" in element "integrator"
2025-04-04 16:30:21 WARN  main [scenehandler.cpp:795] In file "/home/julia/PBRT/PMM_focal_guiding/mitsuba/dist/../../scenes/modern-hall/../_integrators/pmm_focal_guiding.xml" (near line 49): Unqueried attribute "dumpPrimaryRays" in element "integrator"
2025-04-04 16:30:21 WARN  main [scenehandler.cpp:795] In file "/home/julia/PBRT/PMM_focal_guiding/mitsuba/dist/../../scenes/modern-hall/../_integrators/pmm_focal_guiding.xml" (near line 49): Unqueried attribute "dumpScene" in element "integrator"
2025-04-04 16:30:21 WARN  main [scenehandler.cpp:795] In file "/home/julia/PBRT/PMM_focal_guiding/mitsuba/dist/../../scenes/modern-hall/../_integrators/pmm_focal_guiding.xml" (near line 49): Unqueried attribute "normalBinning" in element "integrator"
2025-04-04 16:30:21 WARN  main [scenehandler.cpp:795] In file "/home/julia/PBRT/PMM_focal_guiding/mitsuba/dist/../../scenes/modern-hall/../_integrators/pmm_focal_guiding.xml" (near line 49): Unqueried attribute "samplingMode" in element "integrator"
2025-04-04 16:30:21 WARN  main [scenehandler.cpp:795] In file "/home/julia/PBRT/PMM_focal_guiding/mitsuba/dist/../../scenes/modern-hall/../_integrators/pmm_focal_guiding.xml" (near line 49): Unqueried attribute "unboundedSplatting" in element "integrator"
2025-04-04 16:30:21 INFO  main [PluginManager] Loading plugin "plugins/independent.so" ..
2025-04-04 16:30:21 INFO  main [PluginManager] Loading plugin "plugins/box.so" ..
2025-04-04 16:30:21 INFO  main [PluginManager] Loading plugin "plugins/hdrfilm.so" ..
2025-04-04 16:30:21 INFO  main [PluginManager] Loading plugin "plugins/perspective.so" ..
2025-04-04 16:30:21 INFO  main [PluginManager] Loading plugin "plugins/dielectric.so" ..
2025-04-04 16:30:21 INFO  main [PluginManager] Loading plugin "plugins/bitmap.so" ..
2025-04-04 16:30:21 INFO  main [BitmapTexture] Loading texture "wood5.jpg"
2025-04-04 16:30:21 INFO  main [MIPMap] Mapped MIP map cache file "/home/julia/PBRT/PMM_focal_guiding/mitsuba/dist/../../scenes/modern-hall/textures/wood5.mip" into memory (14.7 MiB).
2025-04-04 16:30:21 INFO  main [PluginManager] Loading plugin "plugins/roughplastic.so" ..
2025-04-04 16:30:21 INFO  main [PluginManager] Loading plugin "plugins/twosided.so" ..
2025-04-04 16:30:21 INFO  main [BitmapTexture] Loading texture "Tiles.jpg"
2025-04-04 16:30:21 INFO  main [PluginManager] Loading plugin "plugins/lanczos.so" ..
2025-04-04 16:30:22 INFO  main [PluginManager] Loading plugin "plugins/diffuse.so" ..
2025-04-04 16:30:22 INFO  main [BitmapTexture] Loading texture "Wallpaper.jpg"
2025-04-04 16:30:22 INFO  main [PluginManager] Loading plugin "plugins/roughconductor.so" ..
2025-04-04 16:30:22 INFO  main [spectrum.cpp:599] "Cu.eta.spd": loaded a spectral power distribution with 55 entries (between 302.400421 and 885.601257 nm)
2025-04-04 16:30:22 INFO  main [spectrum.cpp:599] "Cu.k.spd": loaded a spectral power distribution with 55 entries (between 302.400421 and 885.601257 nm)
2025-04-04 16:30:22 INFO  main [spectrum.cpp:599] "Cu.eta.spd": loaded a spectral power distribution with 55 entries (between 302.400421 and 885.601257 nm)
2025-04-04 16:30:22 INFO  main [spectrum.cpp:599] "Cu.k.spd": loaded a spectral power distribution with 55 entries (between 302.400421 and 885.601257 nm)
2025-04-04 16:30:22 INFO  main [PluginManager] Loading plugin "plugins/difftrans.so" ..
2025-04-04 16:30:22 INFO  main [PluginManager] Loading plugin "plugins/area.so" ..
2025-04-04 16:30:22 INFO  main [PluginManager] Loading plugin "plugins/rectangle.so" ..
2025-04-04 16:30:22 INFO  main [PluginManager] Loading plugin "plugins/cube.so" ..
2025-04-04 16:30:22 INFO  main [PluginManager] Loading plugin "plugins/obj.so" ..
2025-04-04 16:30:22 INFO  main [WavefrontOBJ] Loading geometry from "Mesh008.obj" ..
2025-04-04 16:30:22 INFO  main [WavefrontOBJ] Mesh008: 5184 triangles, 2664 vertices (merged 12888 vertices).
2025-04-04 16:30:22 INFO  main [WavefrontOBJ] Done with "Mesh008.obj" (took 52 ms)
2025-04-04 16:30:22 INFO  main [WavefrontOBJ] Loading geometry from "Mesh004.obj" ..
2025-04-04 16:30:22 INFO  main [WavefrontOBJ] Mesh004: 5184 triangles, 2664 vertices (merged 12888 vertices).
2025-04-04 16:30:22 INFO  main [WavefrontOBJ] Done with "Mesh004.obj" (took 52 ms)
2025-04-04 16:30:22 INFO  main [WavefrontOBJ] Loading geometry from "Mesh003.obj" ..
2025-04-04 16:30:22 INFO  main [WavefrontOBJ] Mesh003: 5184 triangles, 2664 vertices (merged 12888 vertices).
2025-04-04 16:30:22 INFO  main [WavefrontOBJ] Done with "Mesh003.obj" (took 46 ms)
2025-04-04 16:30:22 INFO  main [WavefrontOBJ] Loading geometry from "Mesh006.obj" ..
2025-04-04 16:30:22 INFO  main [WavefrontOBJ] Mesh006: 5184 triangles, 2664 vertices (merged 12888 vertices).
2025-04-04 16:30:22 INFO  main [WavefrontOBJ] Done with "Mesh006.obj" (took 49 ms)
2025-04-04 16:30:22 INFO  main [WavefrontOBJ] Loading geometry from "Mesh012.obj" ..
2025-04-04 16:30:22 INFO  main [WavefrontOBJ] Mesh012: 444 triangles, 882 vertices (merged 450 vertices).
2025-04-04 16:30:22 INFO  main [WavefrontOBJ] Done with "Mesh012.obj" (took 9 ms)
2025-04-04 16:30:22 INFO  main [WavefrontOBJ] Loading geometry from "Mesh013.obj" ..
2025-04-04 16:30:22 INFO  main [WavefrontOBJ] Mesh013: 5184 triangles, 2664 vertices (merged 12888 vertices).
2025-04-04 16:30:22 INFO  main [WavefrontOBJ] Done with "Mesh013.obj" (took 48 ms)
2025-04-04 16:30:22 INFO  main [WavefrontOBJ] Loading geometry from "Mesh010.obj" ..
2025-04-04 16:30:22 INFO  main [WavefrontOBJ] Mesh010: 32 triangles, 60 vertices (merged 36 vertices).
2025-04-04 16:30:22 INFO  main [WavefrontOBJ] Done with "Mesh010.obj" (took 0 ms)
2025-04-04 16:30:22 INFO  main [WavefrontOBJ] Loading geometry from "Mesh015.obj" ..
2025-04-04 16:30:22 INFO  main [WavefrontOBJ] Mesh015: 32 triangles, 60 vertices (merged 36 vertices).
2025-04-04 16:30:22 INFO  main [WavefrontOBJ] Done with "Mesh015.obj" (took 0 ms)
2025-04-04 16:30:22 INFO  main [WavefrontOBJ] Loading geometry from "Mesh002.obj" ..
2025-04-04 16:30:22 INFO  main [WavefrontOBJ] Mesh002: 32 triangles, 60 vertices (merged 36 vertices).
2025-04-04 16:30:22 INFO  main [WavefrontOBJ] Done with "Mesh002.obj" (took 0 ms)
2025-04-04 16:30:22 INFO  main [WavefrontOBJ] Loading geometry from "Mesh007.obj" ..
2025-04-04 16:30:22 INFO  main [WavefrontOBJ] Mesh007: 32 triangles, 60 vertices (merged 36 vertices).
2025-04-04 16:30:22 INFO  main [WavefrontOBJ] Done with "Mesh007.obj" (took 0 ms)
2025-04-04 16:30:22 INFO  main [WavefrontOBJ] Loading geometry from "Mesh005.obj" ..
2025-04-04 16:30:22 INFO  main [WavefrontOBJ] Mesh005: 12 triangles, 20 vertices (merged 16 vertices).
2025-04-04 16:30:22 INFO  main [WavefrontOBJ] Done with "Mesh005.obj" (took 0 ms)
2025-04-04 16:30:22 INFO  main [WavefrontOBJ] Loading geometry from "Mesh016.obj" ..
2025-04-04 16:30:22 INFO  main [WavefrontOBJ] Mesh016: 120 triangles, 204 vertices (merged 156 vertices).
2025-04-04 16:30:22 INFO  main [WavefrontOBJ] Done with "Mesh016.obj" (took 2 ms)
2025-04-04 16:30:22 INFO  main [WavefrontOBJ] Loading geometry from "Mesh017.obj" ..
2025-04-04 16:30:22 INFO  main [WavefrontOBJ] Mesh017: 20 triangles, 40 vertices (merged 20 vertices).
2025-04-04 16:30:22 INFO  main [WavefrontOBJ] Done with "Mesh017.obj" (took 0 ms)
2025-04-04 16:30:22 INFO  main [WavefrontOBJ] Loading geometry from "Mesh018.obj" ..
2025-04-04 16:30:22 INFO  main [WavefrontOBJ] Mesh018: 2 triangles, 4 vertices (merged 2 vertices).
2025-04-04 16:30:22 INFO  main [WavefrontOBJ] Done with "Mesh018.obj" (took 0 ms)
2025-04-04 16:30:22 INFO  main [WavefrontOBJ] Loading geometry from "Mesh011.obj" ..
2025-04-04 16:30:22 INFO  main [WavefrontOBJ] Mesh011: 32 triangles, 30 vertices (merged 66 vertices).
2025-04-04 16:30:22 INFO  main [WavefrontOBJ] Done with "Mesh011.obj" (took 0 ms)
2025-04-04 16:30:22 INFO  main [PluginManager] Loading plugin "plugins/homogeneous.so" ..
2025-04-04 16:30:22 INFO  main [PluginManager] Loading plugin "plugins/isotropic.so" ..
2025-04-04 16:30:22 INFO  main [WavefrontOBJ] Loading geometry from "Mesh014.obj" ..
2025-04-04 16:30:22 INFO  main [WavefrontOBJ] Mesh014: 36 triangles, 72 vertices (merged 36 vertices).
2025-04-04 16:30:22 INFO  main [WavefrontOBJ] Done with "Mesh014.obj" (took 1 ms)
2025-04-04 16:30:23 INFO  main [WavefrontOBJ] Loading geometry from "Mesh001.obj" ..
2025-04-04 16:30:23 INFO  main [WavefrontOBJ] Mesh001: 924 triangles, 2016 vertices (merged 756 vertices).
2025-04-04 16:30:23 INFO  main [WavefrontOBJ] Done with "Mesh001.obj" (took 17 ms)
2025-04-04 16:30:23 INFO  main [WavefrontOBJ] Loading geometry from "Mesh000.obj" ..
2025-04-04 16:30:23 INFO  main [WavefrontOBJ] Mesh000: 3127 triangles, 2075 vertices (merged 7306 vertices).
2025-04-04 16:30:23 INFO  main [WavefrontOBJ] Done with "Mesh000.obj" (took 46 ms)
2025-04-04 16:30:23 INFO  main [WavefrontOBJ] Loading geometry from "Mesh009.obj" ..
2025-04-04 16:30:23 INFO  main [WavefrontOBJ] Mesh009: 146 triangles, 110 vertices (merged 328 vertices).
2025-04-04 16:30:23 INFO  main [WavefrontOBJ] Done with "Mesh009.obj" (took 2 ms)
2025-04-04 16:30:23 INFO  ren0 [KDTreeBase] Constructing a SAH kd-tree (30963 primitives) ..
2025-04-04 16:30:23 INFO  ren0 [KDTreeBase] Finished -- took 597 ms.
2025-04-04 16:30:23 INFO  ren0 [PMMFocalGuidingIntegrator] Starting preprocess
2025-04-04 16:30:23 INFO  ren0 [octree.h:482] root weight: 8.000e-20 (0.000000)
2025-04-04 16:30:23 INFO  ren0 [octree.h:483] splitting threshold: 8.000e-23 (0.000000)
2025-04-04 16:30:23 INFO  ren0 [octree.h:498] node count: 1 -> 585 -> 585

2025-04-04 16:30:23 INFO  ren0 [octree.h:482] root weight: 4.096e-17 (0.000000)
2025-04-04 16:30:23 INFO  ren0 [octree.h:483] splitting threshold: 4.096e-20 (0.000000)
2025-04-04 16:30:23 INFO  ren0 [octree.h:498] node count: 585 -> 585 -> 585

2025-04-04 16:30:23 INFO  ren0 [octree.h:482] root weight: 8.000e-20 (0.000000)
2025-04-04 16:30:23 INFO  ren0 [octree.h:483] splitting threshold: 8.000e-23 (0.000000)
2025-04-04 16:30:23 INFO  ren0 [octree.h:498] node count: 1 -> 585 -> 585

2025-04-04 16:30:23 INFO  ren0 [octree.h:482] root weight: 4.096e-17 (0.000000)
2025-04-04 16:30:23 INFO  ren0 [octree.h:483] splitting threshold: 4.096e-20 (0.000000)
2025-04-04 16:30:23 INFO  ren0 [octree.h:498] node count: 585 -> 585 -> 585

2025-04-04 16:30:23 INFO  ren0 [PMMFocalGuidingIntegrator] Octree[
AABB: AABB3[min=[-21.7494, -3.70393, -3.09172], max=[7.19249, 11.2965, 6.96201]]
Nodes count: 585
]
2025-04-04 16:30:23 INFO  ren0 [PMMFocalGuidingIntegrator] Octree[
AABB: AABB3[min=[-21.7494, -3.70393, -3.09172], max=[7.19249, 11.2965, 6.96201]]
Nodes count: 585
]
2025-04-04 16:30:23 INFO  ren0 [PMMFocalGuidingIntegrator] GMM[
]
2025-04-04 16:30:23 INFO  ren0 [PMMFocalGuidingIntegrator] Starting training... (8) iterations
2025-04-04 16:30:23 INFO  ren0 [PMMFocalGuidingIntegrator] Rendering 0 iteration
2025-04-04 16:30:23 INFO  ren0 [SamplingIntegrator] Starting render job (1280x720, 4 samples, 8 cores, SSE2 enabled) ..
2025-04-04 16:31:19 INFO  ren0 [PMMFocalGuidingIntegrator] iteration render time: 56.2168s
2025-04-04 16:31:19 INFO  ren0 [PMMFocalGuidingIntegrator] Got 54238 non-zero samples and 0 zero samples
2025-04-04 16:31:19 INFO  ren0 [gaussian_mixture_model.h:576] Start processing batch
2025-04-04 16:31:19 INFO  ren0 [gaussian_mixture_model.h:380] KMeans
2025-04-04 16:31:19 INFO  ren0 [gaussian_mixture_model.h:463] Starting initialization using KMeans++
2025-04-04 16:31:47 INFO  ren0 [gaussian_mixture_model.h:554] Initialized using KMeans++
2025-04-04 16:31:50 INFO  ren0 [gaussian_mixture_model.h:603] Finish E step
2025-04-04 16:31:53 INFO  ren0 [gaussian_mixture_model.h:194] components before the merge: 20
2025-04-04 16:31:53 INFO  ren0 [gaussian_mixture_model.h:213] components after the merge: 19, merged 1 component
2025-04-04 16:31:53 INFO  ren0 [gaussian_mixture_model.h:231] components after the split: 20, split 1 components
2025-04-04 16:31:53 INFO  ren0 [gaussian_mixture_model.h:615] Finish M step
2025-04-04 16:31:53 INFO  ren0 [octree.h:482] root weight: 1.039e+08 (103939416.000000)
2025-04-04 16:31:53 INFO  ren0 [octree.h:483] splitting threshold: 1.039e+05 (103939.421875)
2025-04-04 16:31:53 INFO  ren0 [octree.h:482] root weight: 1.298e+08 (129762728.000000)
2025-04-04 16:31:53 INFO  ren0 [octree.h:483] splitting threshold: 1.298e+05 (129762.734375)
2025-04-04 16:31:53 INFO  ren0 [octree.h:498] node count: 585 -> 719 -> 552

2025-04-04 16:31:53 INFO  ren0 [octree.h:498] node count: 585 -> 634 -> 384

2025-04-04 16:31:53 INFO  ren0 [PMMFocalGuidingIntegrator] diverge probability: 0.555

2025-04-04 16:31:53 INFO  ren0 [PMMFocalGuidingIntegrator] iteration postprocessing time: 33.2865s
2025-04-04 16:31:53 INFO  ren0 [PMMFocalGuidingIntegrator] GMM[
weight = 0.0221661 mean = [-13.0291 -0.570467 2.30999] covariance = [[9.10837 0.1416 0.499697][0.1416 3.17881 -0.589033][0.499697 -0.589033 8.19576]]
weight = 0.0232087 mean = [-5.92427 7.82143 -1.51686] covariance = [[3.13903 0.222324 -0.199459][0.222324 2.60724 0.0912066][-0.199459 0.0912066 1.09948]]
weight = 0.0340409 mean = [1.4012 8.33911 -0.971139] covariance = [[5.54248 0.680529 0.552923][0.680529 2.67096 -0.103948][0.552923 -0.103948 1.89073]]
weight = 0.0390816 mean = [-4.93713 -0.375142 3.68868] covariance = [[4.4525 0.282184 0.632294][0.282184 3.57833 0.231972][0.632294 0.231972 3.03214]]
weight = 0.0591535 mean = [1.97341 3.68038 0.851856] covariance = [[1.43924 -0.497465 0.0361299][-0.497465 2.01576 -0.104147][0.0361299 -0.104147 1.53221]]
weight = 0.0579027 mean = [5.20225 3.73022 2.0135] covariance = [[1.33827 -0.0504506 -0.0370624][-0.0504506 1.9303 0.025472][-0.0370624 0.025472 1.11349]]
weight = 0.0573039 mean = [-3.11198 4.45401 0.635142] covariance = [[1.96812 0.277727 0.141675][0.277727 2.08512 -0.110019][0.141675 -0.110019 2.00958]]
weight = 0.111279 mean = [-1.16322 0.0258892 0.855432] covariance = [[4.60875 0.0529096 1.9392][0.0529096 2.54055 0.00733397][1.9392 0.00733397 4.45597]]
weight = 0.017242 mean = [-13.6131 7.57767 1.51831] covariance = [[10.023 -0.366758 -2.63902][-0.366758 5.0215 -0.0773354][-2.63902 -0.0773354 7.83504]]
weight = 0.0232087 mean = [-5.20981 5.69534 -1.74999] covariance = [[3.13903 0.222324 -0.199459][0.222324 2.60724 0.0912066][-0.199459 0.0912066 1.09948]]
weight = 0.0465629 mean = [-8.13748 1.80992 -0.0176768] covariance = [[3.26944 -0.237735 -0.0767365][-0.237735 3.99628 0.331146][-0.0767365 0.331146 2.9703]]
weight = 0.0230445 mean = [-0.901256 8.53242 3.7643] covariance = [[7.00267 0.0501222 0.645712][0.0501222 1.94648 0.798274][0.645712 0.798274 2.83297]]
weight = 0.0634959 mean = [5.57431 1.01527 -0.565995] covariance = [[0.983577 -0.0311902 -0.100348][-0.0311902 1.15365 0.0102934][-0.100348 0.0102934 1.84651]]
weight = 0.0917893 mean = [-0.765868 3.11842 -2.15024] covariance = [[1.92875 -0.495795 0.0245606][-0.495795 1.36015 -0.0937101][0.0245606 -0.0937101 0.583305]]
weight = 0.0583068 mean = [4.5536 4.36994 -1.4414] covariance = [[2.2208 -0.165731 0.151456][-0.165731 1.10818 0.0428405][0.151456 0.0428405 0.937709]]
weight = 0.107147 mean = [2.45048 1.14856 -2.08489] covariance = [[0.81541 -0.013523 -0.118589][-0.013523 0.7112 0.00903777][-0.118589 0.00903777 0.695099]]
weight = 0.0434191 mean = [3.51925 -1.7075 -0.345145] covariance = [[2.68964 -0.1227 0.368802][-0.1227 1.30921 0.220515][0.368802 0.220515 2.04298]]
weight = 0.0466117 mean = [5.41629 3.52645 5.362] covariance = [[1.19128 -0.20709 -0.0118306][-0.20709 2.63935 -0.215681][-0.0118306 -0.215681 0.944374]]
weight = 0.02694 mean = [-6.92468 6.33183 3.79379] covariance = [[3.86181 1.09249 -0.234444][1.09249 5.59303 0.59037][-0.234444 0.59037 3.16603]]
weight = 0.0480955 mean = [5.03327 -0.208355 4.16618] covariance = [[1.83982 0.470948 -0.118994][0.470948 2.40501 -0.274128][-0.118994 -0.274128 2.31641]]
]
2025-04-04 16:31:53 INFO  ren0 [PMMFocalGuidingIntegrator] Octree[
AABB: AABB3[min=[-21.7494, -3.70393, -3.09172], max=[7.19249, 11.2965, 6.96201]]
Nodes count: 552
]
2025-04-04 16:31:53 INFO  ren0 [PMMFocalGuidingIntegrator] Octree[
AABB: AABB3[min=[-21.7494, -3.70393, -3.09172], max=[7.19249, 11.2965, 6.96201]]
Nodes count: 384
]
2025-04-04 16:31:53 INFO  ren0 [PMMFocalGuidingIntegrator] Rendering 1 iteration
2025-04-04 16:31:53 INFO  ren0 [SamplingIntegrator] Starting render job (1280x720, 4 samples, 8 cores, SSE2 enabled) ..
2025-04-04 16:33:02 INFO  ren0 [PMMFocalGuidingIntegrator] iteration render time: 1.1554m
2025-04-04 16:33:02 INFO  ren0 [PMMFocalGuidingIntegrator] Got 68852 non-zero samples and 0 zero samples
2025-04-04 16:33:02 INFO  ren0 [gaussian_mixture_model.h:576] Start processing batch
2025-04-04 16:33:05 INFO  ren0 [gaussian_mixture_model.h:603] Finish E step
2025-04-04 16:33:09 INFO  ren0 [gaussian_mixture_model.h:194] components before the merge: 20
2025-04-04 16:33:09 INFO  ren0 [gaussian_mixture_model.h:213] components after the merge: 19, merged 1 component
2025-04-04 16:33:09 INFO  ren0 [gaussian_mixture_model.h:231] components after the split: 20, split 1 components
2025-04-04 16:33:09 INFO  ren0 [gaussian_mixture_model.h:615] Finish M step
2025-04-04 16:33:09 INFO  ren0 [octree.h:482] root weight: 8.552e+07 (85519200.000000)
2025-04-04 16:33:09 INFO  ren0 [octree.h:483] splitting threshold: 8.552e+04 (85519.203125)
2025-04-04 16:33:09 INFO  ren0 [octree.h:482] root weight: 9.550e+07 (95503872.000000)
2025-04-04 16:33:09 INFO  ren0 [octree.h:483] splitting threshold: 9.550e+04 (95503.875000)
2025-04-04 16:33:09 INFO  ren0 [octree.h:498] node count: 552 -> 573 -> 539

2025-04-04 16:33:09 INFO  ren0 [octree.h:498] node count: 384 -> 396 -> 385

2025-04-04 16:33:09 INFO  ren0 [PMMFocalGuidingIntegrator] diverge probability: 0.528

2025-04-04 16:33:09 INFO  ren0 [PMMFocalGuidingIntegrator] iteration postprocessing time: 6.8434s
2025-04-04 16:33:09 INFO  ren0 [PMMFocalGuidingIntegrator] GMM[
weight = 0.0199553 mean = [-12.8411 -0.551736 2.34542] covariance = [[10.0105 0.248366 0.418093][0.248366 3.17516 -0.626846][0.418093 -0.626846 8.20554]]
weight = 0.021987 mean = [-5.19667 5.67078 -1.76338] covariance = [[3.33537 0.23923 -0.1915][0.23923 2.45804 0.0891359][-0.1915 0.0891359 1.05496]]
weight = 0.0306676 mean = [1.23404 8.26329 -0.990021] covariance = [[6.12282 0.670678 0.532399][0.670678 2.82573 -0.144278][0.532399 -0.144278 1.7801]]
weight = 0.0370538 mean = [-4.71985 -0.323944 3.80353] covariance = [[5.09182 0.254739 1.06189][0.254739 3.71627 0.166012][1.06189 0.166012 3.2224]]
weight = 0.0643598 mean = [2.08816 3.50456 0.805374] covariance = [[1.53614 -0.631031 0.0620753][-0.631031 2.27493 -0.0837481][0.0620753 -0.0837481 1.55866]]
weight = 0.0607218 mean = [5.13933 3.68993 2.00538] covariance = [[1.38829 -0.00456029 0.0221069][-0.00456029 1.86042 0.0303103][0.0221069 0.0303103 1.19721]]
weight = 0.0536824 mean = [-3.07373 4.52913 0.563185] covariance = [[2.17942 0.283502 0.174167][0.283502 2.31906 -0.0538416][0.174167 -0.0538416 2.10095]]
weight = 0.109744 mean = [-1.07847 0.0989859 0.808245] covariance = [[4.84976 0.0998956 1.77279][0.0998956 2.62664 -0.116892][1.77279 -0.116892 4.25792]]
weight = 0.0162767 mean = [-13.3848 7.65041 1.47767] covariance = [[10.9693 -0.252207 -2.73068][-0.252207 5.16411 -0.21171][-2.73068 -0.21171 7.51202]]
weight = 0.021987 mean = [-5.70252 7.79667 -1.55205] covariance = [[3.33537 0.23923 -0.1915][0.23923 2.45804 0.0891359][-0.1915 0.0891359 1.05496]]
weight = 0.0416333 mean = [-8.03321 1.81883 0.0506965] covariance = [[3.64944 -0.271045 -0.125047][-0.271045 4.45645 0.471982][-0.125047 0.471982 3.01639]]
weight = 0.0224388 mean = [-0.908896 8.5126 3.68439] covariance = [[8.8235 0.132406 0.772881][0.132406 1.919 0.8684][0.772881 0.8684 2.94842]]
weight = 0.0614383 mean = [5.48601 1.05397 -0.536939] covariance = [[1.06903 -0.0454224 -0.12303][-0.0454224 1.22826 0.0231013][-0.12303 0.0231013 1.9385]]
weight = 0.099834 mean = [-0.66128 3.01956 -2.21039] covariance = [[2.1436 -0.654291 0.0137171][-0.654291 1.31223 -0.0817967][0.0137171 -0.0817967 0.535156]]
weight = 0.0566079 mean = [4.48614 4.29528 -1.41425] covariance = [[2.36236 -0.166872 0.163157][-0.166872 1.11898 0.0202221][0.163157 0.0202221 0.961195]]
weight = 0.123994 mean = [2.47713 1.17253 -2.14554] covariance = [[0.714951 -0.0472116 -0.0901456][-0.0472116 0.603853 0.0198625][-0.0901456 0.0198625 0.661587]]
weight = 0.04236 mean = [3.46821 -1.62752 -0.340586] covariance = [[2.83263 -0.155956 0.439457][-0.155956 1.393 0.231327][0.439457 0.231327 2.11611]]
weight = 0.0454788 mean = [5.43933 3.41735 5.36793] covariance = [[1.14323 -0.22086 -0.00746746][-0.22086 2.45233 -0.250545][-0.00746746 -0.250545 0.984424]]
weight = 0.0243496 mean = [-6.84885 6.34852 3.68944] covariance = [[4.37425 1.3716 -0.351627][1.3716 6.18876 0.602105][-0.351627 0.602105 3.38292]]
weight = 0.0454299 mean = [5.05314 -0.183266 4.03824] covariance = [[1.84977 0.476359 -0.0742818][0.476359 2.68508 -0.304432][-0.0742818 -0.304432 2.37954]]
]
2025-04-04 16:33:09 INFO  ren0 [PMMFocalGuidingIntegrator] Octree[
AABB: AABB3[min=[-21.7494, -3.70393, -3.09172], max=[7.19249, 11.2965, 6.96201]]
Nodes count: 539
]
2025-04-04 16:33:09 INFO  ren0 [PMMFocalGuidingIntegrator] Octree[
AABB: AABB3[min=[-21.7494, -3.70393, -3.09172], max=[7.19249, 11.2965, 6.96201]]
Nodes count: 385
]
2025-04-04 16:33:09 INFO  ren0 [PMMFocalGuidingIntegrator] Rendering 2 iteration
2025-04-04 16:33:09 INFO  ren0 [SamplingIntegrator] Starting render job (1280x720, 4 samples, 8 cores, SSE2 enabled) ..
2025-04-04 16:34:24 INFO  ren0 [PMMFocalGuidingIntegrator] iteration render time: 1.2583m
2025-04-04 16:34:24 INFO  ren0 [PMMFocalGuidingIntegrator] Got 85533 non-zero samples and 0 zero samples
2025-04-04 16:34:24 INFO  ren0 [gaussian_mixture_model.h:576] Start processing batch
2025-04-04 16:34:28 INFO  ren0 [gaussian_mixture_model.h:603] Finish E step
2025-04-04 16:34:33 INFO  ren0 [gaussian_mixture_model.h:194] components before the merge: 20
2025-04-04 16:34:33 INFO  ren0 [gaussian_mixture_model.h:213] components after the merge: 19, merged 1 component
2025-04-04 16:34:33 INFO  ren0 [gaussian_mixture_model.h:231] components after the split: 20, split 1 components
2025-04-04 16:34:33 INFO  ren0 [gaussian_mixture_model.h:615] Finish M step
2025-04-04 16:34:33 INFO  ren0 [octree.h:482] root weight: 8.099e+07 (80989104.000000)
2025-04-04 16:34:33 INFO  ren0 [octree.h:483] splitting threshold: 8.099e+04 (80989.109375)
2025-04-04 16:34:33 INFO  ren0 [octree.h:482] root weight: 8.444e+07 (84438120.000000)
2025-04-04 16:34:33 INFO  ren0 [octree.h:483] splitting threshold: 8.444e+04 (84438.125000)
2025-04-04 16:34:33 INFO  ren0 [octree.h:498] node count: 539 -> 563 -> 530

2025-04-04 16:34:33 INFO  ren0 [octree.h:498] node count: 385 -> 397 -> 377

2025-04-04 16:34:33 INFO  ren0 [PMMFocalGuidingIntegrator] diverge probability: 0.510

2025-04-04 16:34:33 INFO  ren0 [PMMFocalGuidingIntegrator] iteration postprocessing time: 8.6141s
2025-04-04 16:34:33 INFO  ren0 [PMMFocalGuidingIntegrator] GMM[
weight = 0.0182692 mean = [-12.6853 -0.562165 2.36104] covariance = [[10.6378 0.381621 0.365029][0.381621 3.15062 -0.69044][0.365029 -0.69044 8.04307]]
weight = 0.0207928 mean = [-5.13424 5.59831 -1.83913] covariance = [[3.34277 0.277229 -0.16739][0.277229 2.28416 0.0891429][-0.16739 0.0891429 0.999559]]
weight = 0.0285746 mean = [1.16577 8.16928 -0.998422] covariance = [[6.16987 0.676686 0.50653][0.676686 2.93644 -0.155407][0.50653 -0.155407 1.69574]]
weight = 0.0354059 mean = [-4.56336 -0.264804 3.86894] covariance = [[5.53979 0.211674 1.29697][0.211674 3.72484 0.113902][1.29697 0.113902 3.23941]]
weight = 0.067668 mean = [2.13677 3.43075 0.756258] covariance = [[1.58263 -0.688688 0.0644984][-0.688688 2.42736 -0.0637536][0.0644984 -0.0637536 1.58156]]
weight = 0.0594739 mean = [5.09387 3.67453 1.97029] covariance = [[1.41867 0.00457873 0.0511129][0.00457873 1.79744 0.0263095][0.0511129 0.0263095 1.2776]]
weight = 0.0524326 mean = [-3.04738 4.54586 0.500439] covariance = [[2.36162 0.292569 0.184835][0.292569 2.36649 0.00310454][0.184835 0.00310454 2.13358]]
weight = 0.109265 mean = [-1.04363 0.155509 0.74051] covariance = [[4.9036 0.125199 1.61019][0.125199 2.6794 -0.207438][1.61019 -0.207438 4.05369]]
weight = 0.0150582 mean = [-13.2055 7.67851 1.38725] covariance = [[11.507 -0.164623 -2.79597][-0.164623 5.22609 -0.441404][-2.79597 -0.441404 7.46648]]
weight = 0.0207928 mean = [-5.61127 7.64392 -1.62583] covariance = [[3.34277 0.277229 -0.16739][0.277229 2.28416 0.0891429][-0.16739 0.0891429 0.999559]]
weight = 0.0389032 mean = [-7.93009 1.81692 0.0830909] covariance = [[3.93629 -0.313975 -0.17467][-0.313975 4.72489 0.575606][-0.17467 0.575606 3.03203]]
weight = 0.0214748 mean = [-0.831053 8.5152 3.64141] covariance = [[9.74529 0.203983 0.746417][0.203983 1.91457 0.929353][0.746417 0.929353 3.00385]]
weight = 0.0604086 mean = [5.42607 1.0766 -0.568385] covariance = [[1.09867 -0.0568321 -0.110664][-0.0568321 1.28736 0.0445615][-0.110664 0.0445615 1.96795]]
weight = 0.107585 mean = [-0.620282 2.96531 -2.26409] covariance = [[2.31099 -0.798708 0.025576][-0.798708 1.26988 -0.083226][0.025576 -0.083226 0.496542]]
weight = 0.0558299 mean = [4.42681 4.23103 -1.38422] covariance = [[2.42634 -0.159524 0.164522][-0.159524 1.14159 0.0177776][0.164522 0.0177776 0.963238]]
weight = 0.14086 mean = [2.50542 1.16567 -2.2461] covariance = [[0.613332 -0.0537711 -0.0690752][-0.0537711 0.503879 0.029024][-0.0690752 0.029024 0.606881]]
weight = 0.0416216 mean = [3.42959 -1.57426 -0.395563] covariance = [[2.97636 -0.184083 0.483523][-0.184083 1.41712 0.214029][0.483523 0.214029 2.14622]]
weight = 0.0419961 mean = [5.45636 3.37917 5.37836] covariance = [[1.11395 -0.230402 0.00750925][-0.230402 2.33543 -0.24195][0.00750925 -0.24195 0.993417]]
weight = 0.0217656 mean = [-6.81829 6.23907 3.61221] covariance = [[4.79459 1.53707 -0.44269][1.53707 6.4904 0.650925][-0.44269 0.650925 3.50278]]
weight = 0.0418224 mean = [5.05074 -0.21507 3.95498] covariance = [[1.83889 0.492525 -0.0780939][0.492525 2.89498 -0.33413][-0.0780939 -0.33413 2.41049]]
]
2025-04-04 16:34:33 INFO  ren0 [PMMFocalGuidingIntegrator] Octree[
AABB: AABB3[min=[-21.7494, -3.70393, -3.09172], max=[7.19249, 11.2965, 6.96201]]
Nodes count: 530
]
2025-04-04 16:34:33 INFO  ren0 [PMMFocalGuidingIntegrator] Octree[
AABB: AABB3[min=[-21.7494, -3.70393, -3.09172], max=[7.19249, 11.2965, 6.96201]]
Nodes count: 377
]
2025-04-04 16:34:33 INFO  ren0 [PMMFocalGuidingIntegrator] Rendering 3 iteration
2025-04-04 16:34:33 INFO  ren0 [SamplingIntegrator] Starting render job (1280x720, 4 samples, 8 cores, SSE2 enabled) ..
2025-04-04 16:35:49 INFO  ren0 [PMMFocalGuidingIntegrator] iteration render time: 1.2609m
2025-04-04 16:35:49 INFO  ren0 [PMMFocalGuidingIntegrator] Got 105801 non-zero samples and 0 zero samples
2025-04-04 16:35:49 INFO  ren0 [gaussian_mixture_model.h:576] Start processing batch
2025-04-04 16:35:53 INFO  ren0 [gaussian_mixture_model.h:603] Finish E step
2025-04-04 16:35:59 INFO  ren0 [gaussian_mixture_model.h:194] components before the merge: 20
2025-04-04 16:35:59 INFO  ren0 [gaussian_mixture_model.h:213] components after the merge: 19, merged 1 component
2025-04-04 16:35:59 INFO  ren0 [gaussian_mixture_model.h:231] components after the split: 20, split 1 components
2025-04-04 16:35:59 INFO  ren0 [gaussian_mixture_model.h:615] Finish M step
2025-04-04 16:35:59 INFO  ren0 [octree.h:482] root weight: 8.542e+07 (85417072.000000)
2025-04-04 16:35:59 INFO  ren0 [octree.h:483] splitting threshold: 8.542e+04 (85417.078125)
2025-04-04 16:35:59 INFO  ren0 [octree.h:482] root weight: 8.496e+07 (84962128.000000)
2025-04-04 16:35:59 INFO  ren0 [octree.h:483] splitting threshold: 8.496e+04 (84962.132812)
2025-04-04 16:35:59 INFO  ren0 [octree.h:498] node count: 530 -> 566 -> 543

2025-04-04 16:35:59 INFO  ren0 [octree.h:498] node count: 377 -> 391 -> 376

2025-04-04 16:35:59 INFO  ren0 [PMMFocalGuidingIntegrator] diverge probability: 0.499

2025-04-04 16:35:59 INFO  ren0 [PMMFocalGuidingIntegrator] iteration postprocessing time: 10.5049s
2025-04-04 16:35:59 INFO  ren0 [PMMFocalGuidingIntegrator] GMM[
weight = 0.0167583 mean = [-12.6018 -0.574415 2.36144] covariance = [[11.2011 0.528676 0.339643][0.528676 3.10103 -0.710096][0.339643 -0.710096 7.90455]]
weight = 0.0134169 mean = [-0.148271 7.85639 -1.12338] covariance = [[3.16704 0.0636293 0.170592][0.0636293 2.94442 -0.209854][0.170592 -0.209854 1.62317]]
weight = 0.0134169 mean = [2.32824 8.31459 -0.915531] covariance = [[3.16704 0.0636293 0.170592][0.0636293 2.94442 -0.209854][0.170592 -0.209854 1.62317]]
weight = 0.0330708 mean = [-4.44214 -0.229712 3.91005] covariance = [[5.9021 0.17321 1.46288][0.17321 3.72063 0.0662376][1.46288 0.0662376 3.20759]]
weight = 0.0703418 mean = [2.15776 3.38046 0.690605] covariance = [[1.62039 -0.724304 0.071341][-0.724304 2.51521 -0.0185595][0.071341 -0.0185595 1.60202]]
weight = 0.0576903 mean = [5.05966 3.67425 1.93991] covariance = [[1.44306 0.00093626 0.0751245][0.00093626 1.74139 0.0222907][0.0751245 0.0222907 1.33832]]
weight = 0.0509608 mean = [-3.0113 4.57796 0.447428] covariance = [[2.53217 0.316552 0.177402][0.316552 2.41148 0.0721636][0.177402 0.0721636 2.12322]]
weight = 0.107215 mean = [-0.99984 0.208986 0.658391] covariance = [[4.93486 0.158181 1.47347][0.158181 2.70125 -0.289022][1.47347 -0.289022 3.88496]]
weight = 0.0140658 mean = [-13.0489 7.74046 1.33416] covariance = [[12.0026 -0.00576084 -2.90179][-0.00576084 5.20827 -0.645397][-2.90179 -0.645397 7.42049]]
weight = 0.0388344 mean = [-5.30935 6.55148 -1.79161] covariance = [[3.43931 -0.119928 -0.201921][-0.119928 4.06932 0.289752][-0.201921 0.289752 0.970724]]
weight = 0.0362924 mean = [-7.84404 1.81344 0.0967196] covariance = [[4.13278 -0.337744 -0.198483][-0.337744 4.92619 0.66334][-0.198483 0.66334 3.02001]]
weight = 0.0207538 mean = [-0.843526 8.51544 3.58402] covariance = [[9.93811 0.214525 0.70398][0.214525 1.89376 0.941119][0.70398 0.941119 3.06485]]
weight = 0.0589442 mean = [5.37119 1.08405 -0.599224] covariance = [[1.12732 -0.0712074 -0.0935903][-0.0712074 1.33566 0.0772946][-0.0935903 0.0772946 1.96841]]
weight = 0.117652 mean = [-0.576741 2.91646 -2.31665] covariance = [[2.3877 -0.903079 0.0368215][-0.903079 1.20777 -0.0813134][0.0368215 -0.0813134 0.459651]]
weight = 0.0550199 mean = [4.35005 4.17578 -1.36013] covariance = [[2.47491 -0.135727 0.165187][-0.135727 1.16756 0.0171658][0.165187 0.0171658 0.954592]]
weight = 0.157523 mean = [2.52579 1.1554 -2.34401] covariance = [[0.505058 -0.0503156 -0.0512249][-0.0503156 0.410791 0.0329054][-0.0512249 0.0329054 0.540716]]
weight = 0.0409712 mean = [3.39312 -1.52266 -0.447135] covariance = [[3.03603 -0.221027 0.501279][-0.221027 1.44032 0.176442][0.501279 0.176442 2.11835]]
weight = 0.0385668 mean = [5.47564 3.35588 5.39076] covariance = [[1.10787 -0.234639 0.0228143][-0.234639 2.2962 -0.238043][0.0228143 -0.238043 0.996402]]
weight = 0.0197595 mean = [-6.79403 6.17726 3.54748] covariance = [[5.15793 1.66292 -0.554994][1.66292 6.66181 0.651961][-0.554994 0.651961 3.61014]]
weight = 0.0387468 mean = [5.0535 -0.233605 3.89781] covariance = [[1.83367 0.515327 -0.0967736][0.515327 2.99298 -0.353418][-0.0967736 -0.353418 2.43703]]
]
2025-04-04 16:35:59 INFO  ren0 [PMMFocalGuidingIntegrator] Octree[
AABB: AABB3[min=[-21.7494, -3.70393, -3.09172], max=[7.19249, 11.2965, 6.96201]]
Nodes count: 543
]
2025-04-04 16:35:59 INFO  ren0 [PMMFocalGuidingIntegrator] Octree[
AABB: AABB3[min=[-21.7494, -3.70393, -3.09172], max=[7.19249, 11.2965, 6.96201]]
Nodes count: 376
]
2025-04-04 16:35:59 INFO  ren0 [PMMFocalGuidingIntegrator] Rendering 4 iteration
2025-04-04 16:35:59 INFO  ren0 [SamplingIntegrator] Starting render job (1280x720, 4 samples, 8 cores, SSE2 enabled) ..
2025-04-04 16:37:17 INFO  ren0 [PMMFocalGuidingIntegrator] iteration render time: 1.2982m
2025-04-04 16:37:17 INFO  ren0 [PMMFocalGuidingIntegrator] Got 131696 non-zero samples and 0 zero samples
2025-04-04 16:37:17 INFO  ren0 [gaussian_mixture_model.h:576] Start processing batch
2025-04-04 16:37:23 INFO  ren0 [gaussian_mixture_model.h:603] Finish E step
2025-04-04 16:37:30 INFO  ren0 [gaussian_mixture_model.h:194] components before the merge: 20
2025-04-04 16:37:30 INFO  ren0 [gaussian_mixture_model.h:213] components after the merge: 19, merged 1 component
2025-04-04 16:37:30 INFO  ren0 [gaussian_mixture_model.h:231] components after the split: 20, split 1 components
2025-04-04 16:37:30 INFO  ren0 [gaussian_mixture_model.h:615] Finish M step
2025-04-04 16:37:30 INFO  ren0 [octree.h:482] root weight: 1.062e+08 (106220208.000000)
2025-04-04 16:37:30 INFO  ren0 [octree.h:483] splitting threshold: 1.062e+05 (106220.210938)
2025-04-04 16:37:30 INFO  ren0 [octree.h:482] root weight: 9.351e+07 (93507624.000000)
2025-04-04 16:37:30 INFO  ren0 [octree.h:483] splitting threshold: 9.351e+04 (93507.625000)
2025-04-04 16:37:30 INFO  ren0 [octree.h:498] node count: 543 -> 573 -> 562

2025-04-04 16:37:30 INFO  ren0 [octree.h:498] node count: 376 -> 383 -> 366

2025-04-04 16:37:30 INFO  ren0 [PMMFocalGuidingIntegrator] diverge probability: 0.468

2025-04-04 16:37:30 INFO  ren0 [PMMFocalGuidingIntegrator] iteration postprocessing time: 13.0931s
2025-04-04 16:37:30 INFO  ren0 [PMMFocalGuidingIntegrator] GMM[
weight = 0.0152932 mean = [-12.5407 -0.572886 2.35464] covariance = [[11.6701 0.605571 0.385953][0.605571 3.11497 -0.692369][0.385953 -0.692369 7.76132]]
weight = 0.0186624 mean = [-5.01373 5.42451 -1.96887] covariance = [[3.23523 0.268459 -0.14118][0.268459 2.29243 0.11222][-0.14118 0.11222 0.903429]]
weight = 0.0240783 mean = [1.08244 7.99562 -1.02357] covariance = [[5.2364 0.482919 0.258024][0.482919 3.15027 -0.193579][0.258024 -0.193579 1.6089]]
weight = 0.0302645 mean = [-4.35958 -0.221412 3.92768] covariance = [[6.23926 0.116403 1.57119][0.116403 3.74384 0.00250999][1.57119 0.00250999 3.1536]]
weight = 0.0722609 mean = [2.17154 3.30069 0.63046] covariance = [[1.65383 -0.75484 0.0760551][-0.75484 2.58054 0.0419983][0.0760551 0.0419983 1.62472]]
weight = 0.0553262 mean = [5.03974 3.67569 1.90766] covariance = [[1.46186 0.0221627 0.0839901][0.0221627 1.72441 0.0213996][0.0839901 0.0213996 1.39189]]
weight = 0.0498511 mean = [-2.98369 4.60765 0.398874] covariance = [[2.68445 0.303806 0.177908][0.303806 2.40737 0.119082][0.177908 0.119082 2.08895]]
weight = 0.104266 mean = [-0.922797 0.260748 0.581435] covariance = [[5.00556 0.196945 1.34994][0.196945 2.72146 -0.358145][1.34994 -0.358145 3.70946]]
weight = 0.0129893 mean = [-12.9418 7.74844 1.2861] covariance = [[12.3073 0.132681 -2.89603][0.132681 5.21443 -0.750239][-2.89603 -0.750239 7.40936]]
weight = 0.0186624 mean = [-5.52995 7.46317 -1.74265] covariance = [[3.23523 0.268459 -0.14118][0.268459 2.29243 0.11222][-0.14118 0.11222 0.903429]]
weight = 0.0335231 mean = [-7.76226 1.80802 0.0998684] covariance = [[4.31899 -0.354786 -0.202539][-0.354786 5.12608 0.734296][-0.202539 0.734296 3.01848]]
weight = 0.0194721 mean = [-0.864372 8.51756 3.52681] covariance = [[10.2095 0.266682 0.66645][0.266682 1.89632 0.951672][0.66645 0.951672 3.12929]]
weight = 0.058087 mean = [5.31275 1.09713 -0.626989] covariance = [[1.16319 -0.0726545 -0.0738653][-0.0726545 1.36495 0.0935138][-0.0738653 0.0935138 1.95765]]
weight = 0.126873 mean = [-0.522491 2.87101 -2.36564] covariance = [[2.43739 -1.00222 0.0445959][-1.00222 1.15186 -0.0802748][0.0445959 -0.0802748 0.429536]]
weight = 0.054187 mean = [4.30635 4.10398 -1.35406] covariance = [[2.5185 -0.0853503 0.161228][-0.0853503 1.18605 0.023238][0.161228 0.023238 0.954554]]
weight = 0.175094 mean = [2.54434 1.14435 -2.43747] covariance = [[0.396774 -0.0413212 -0.0349979][-0.0413212 0.323325 0.0309965][-0.0349979 0.0309965 0.47067]]
weight = 0.0404902 mean = [3.36715 -1.45896 -0.500973] covariance = [[3.10012 -0.283856 0.504018][-0.283856 1.48414 0.144252][0.504018 0.144252 2.07177]]
weight = 0.0354307 mean = [5.48264 3.31077 5.40482] covariance = [[1.09762 -0.247523 0.0275809][-0.247523 2.33842 -0.243002][0.0275809 -0.243002 0.985718]]
weight = 0.0180815 mean = [-6.7856 6.12188 3.49567] covariance = [[5.37335 1.69087 -0.689794][1.69087 6.71754 0.638185][-0.689794 0.638185 3.683]]
weight = 0.0371065 mean = [5.05281 -0.249449 3.87299] covariance = [[1.80476 0.521671 -0.0921154][0.521671 2.98318 -0.373581][-0.0921154 -0.373581 2.44307]]
]
2025-04-04 16:37:30 INFO  ren0 [PMMFocalGuidingIntegrator] Octree[
AABB: AABB3[min=[-21.7494, -3.70393, -3.09172], max=[7.19249, 11.2965, 6.96201]]
Nodes count: 562
]
2025-04-04 16:37:30 INFO  ren0 [PMMFocalGuidingIntegrator] Octree[
AABB: AABB3[min=[-21.7494, -3.70393, -3.09172], max=[7.19249, 11.2965, 6.96201]]
Nodes count: 366
]
2025-04-04 16:37:30 INFO  ren0 [PMMFocalGuidingIntegrator] Rendering 5 iteration
2025-04-04 16:37:30 INFO  ren0 [SamplingIntegrator] Starting render job (1280x720, 4 samples, 8 cores, SSE2 enabled) ..
2025-04-04 16:38:53 INFO  ren0 [PMMFocalGuidingIntegrator] iteration render time: 1.3735m
2025-04-04 16:38:53 INFO  ren0 [PMMFocalGuidingIntegrator] Got 159816 non-zero samples and 0 zero samples
2025-04-04 16:38:53 INFO  ren0 [gaussian_mixture_model.h:576] Start processing batch
2025-04-04 16:38:59 INFO  ren0 [gaussian_mixture_model.h:603] Finish E step
2025-04-04 16:39:08 INFO  ren0 [gaussian_mixture_model.h:194] components before the merge: 20
2025-04-04 16:39:08 INFO  ren0 [gaussian_mixture_model.h:213] components after the merge: 19, merged 1 component
2025-04-04 16:39:08 INFO  ren0 [gaussian_mixture_model.h:231] components after the split: 20, split 1 components
2025-04-04 16:39:08 INFO  ren0 [gaussian_mixture_model.h:615] Finish M step
2025-04-04 16:39:08 INFO  ren0 [octree.h:482] root weight: 1.214e+08 (121355640.000000)
2025-04-04 16:39:08 INFO  ren0 [octree.h:483] splitting threshold: 1.214e+05 (121355.648438)
2025-04-04 16:39:08 INFO  ren0 [octree.h:482] root weight: 1.053e+08 (105296008.000000)
2025-04-04 16:39:08 INFO  ren0 [octree.h:483] splitting threshold: 1.053e+05 (105296.015625)
2025-04-04 16:39:08 INFO  ren0 [octree.h:498] node count: 562 -> 579 -> 566

2025-04-04 16:39:08 INFO  ren0 [octree.h:498] node count: 366 -> 370 -> 359

2025-04-04 16:39:08 INFO  ren0 [PMMFocalGuidingIntegrator] diverge probability: 0.465

