2025-05-20 23:04:42 INFO  main [mitsuba.cpp:274] Mitsuba version 0.6.0 (Linux, 64 bit), Copyright (c) 2017 Wenzel Jakob
2025-05-20 23:04:42 INFO  main [mitsuba.cpp:377] Parsing scene description from "scene/dining-room/dining-room.xml" ..
2025-05-20 23:04:42 INFO  main [scenehandler.cpp:675] In file "/mitsuba/scene/dining-room/dining-room.xml" (near line 18): Parsing included file "pmm_focal_recursive.xml" ..
2025-05-20 23:04:42 INFO  main [PluginManager] Loading plugin "plugins/pmm_focal_recursive.so" ..
2025-05-20 23:04:42 INFO  main [octree.h:534] root weight: 8.000e-20 (0.000000)
2025-05-20 23:04:42 INFO  main [octree.h:535] splitting threshold: 8.000e-23 (0.000000)
2025-05-20 23:04:42 INFO  main [octree.h:550] node count: 1 -> 585 -> 585

2025-05-20 23:04:42 INFO  main [octree.h:534] root weight: 8.000e-20 (0.000000)
2025-05-20 23:04:42 INFO  main [octree.h:535] splitting threshold: 8.000e-23 (0.000000)
2025-05-20 23:04:42 INFO  main [octree.h:550] node count: 1 -> 585 -> 585

2025-05-20 23:04:42 INFO  main [MIFocalGuidingPathTracer] Final render will have 32 spp, m_budget will not be taken into account.
2025-05-20 23:04:42 INFO  main [MIFocalGuidingPathTracer] budget: 1800
2025-05-20 23:04:42 INFO  main [MIFocalGuidingPathTracer] dumpPrimaryRays: false
2025-05-20 23:04:42 INFO  main [MIFocalGuidingPathTracer] dumpScene: false
2025-05-20 23:04:42 INFO  main [MIFocalGuidingPathTracer] finalSpp: 32
2025-05-20 23:04:42 INFO  main [MIFocalGuidingPathTracer] gmm.alpha: 0.4
2025-05-20 23:04:42 INFO  main [MIFocalGuidingPathTracer] gmm.initMethod: KMeans
2025-05-20 23:04:42 INFO  main [MIFocalGuidingPathTracer] gmm.maxNumComp: 10
2025-05-20 23:04:42 INFO  main [MIFocalGuidingPathTracer] gmm.mergingThreshold: 0.9
2025-05-20 23:04:42 INFO  main [MIFocalGuidingPathTracer] gmm.minNumComp: 3
2025-05-20 23:04:42 INFO  main [MIFocalGuidingPathTracer] gmm.splittingThreshold: 100
2025-05-20 23:04:42 INFO  main [MIFocalGuidingPathTracer] iterationBudget: 10
2025-05-20 23:04:42 INFO  main [MIFocalGuidingPathTracer] iterationCount: 15
2025-05-20 23:04:42 INFO  main [MIFocalGuidingPathTracer] maxDepth: 40
2025-05-20 23:04:42 INFO  main [MIFocalGuidingPathTracer] minSamplesToStartFitting: 10
2025-05-20 23:04:42 INFO  main [MIFocalGuidingPathTracer] normalBinning: disabled
2025-05-20 23:04:42 INFO  main [MIFocalGuidingPathTracer] renderMaxSeconds: 36000
2025-05-20 23:04:42 INFO  main [MIFocalGuidingPathTracer] rrDepth: 14
2025-05-20 23:04:42 INFO  main [MIFocalGuidingPathTracer] samplingMode: 2
2025-05-20 23:04:42 INFO  main [MIFocalGuidingPathTracer] shouldPretrain: false
2025-05-20 23:04:42 INFO  main [MIFocalGuidingPathTracer] strictNormals: true
2025-05-20 23:04:42 INFO  main [MIFocalGuidingPathTracer] trainingSamples: 4
2025-05-20 23:04:42 INFO  main [MIFocalGuidingPathTracer] tree.threshold: 0.001
2025-05-20 23:04:42 INFO  main [MIFocalGuidingPathTracer] unboundedSplatting: true
2025-05-20 23:04:42 INFO  main [PluginManager] Loading plugin "plugins/independent.so" ..
2025-05-20 23:04:42 INFO  main [PluginManager] Loading plugin "plugins/box.so" ..
2025-05-20 23:04:42 INFO  main [PluginManager] Loading plugin "plugins/hdrfilm.so" ..
2025-05-20 23:04:42 INFO  main [PluginManager] Loading plugin "plugins/perspective.so" ..
2025-05-20 23:04:42 INFO  main [PluginManager] Loading plugin "plugins/roughplastic.so" ..
2025-05-20 23:04:42 INFO  main [PluginManager] Loading plugin "plugins/twosided.so" ..
2025-05-20 23:04:42 INFO  main [PluginManager] Loading plugin "plugins/roughconductor.so" ..
2025-05-20 23:04:42 INFO  main [spectrum.cpp:599] "Cu.eta.spd": loaded a spectral power distribution with 55 entries (between 302.400421 and 885.601257 nm)
2025-05-20 23:04:42 INFO  main [spectrum.cpp:599] "Cu.k.spd": loaded a spectral power distribution with 55 entries (between 302.400421 and 885.601257 nm)
2025-05-20 23:04:42 INFO  main [PluginManager] Loading plugin "plugins/diffuse.so" ..
2025-05-20 23:04:42 INFO  main [PluginManager] Loading plugin "plugins/bitmap.so" ..
2025-05-20 23:04:42 INFO  main [BitmapTexture] Loading texture "picture3.jpg"
2025-05-20 23:04:42 INFO  main [PluginManager] Loading plugin "plugins/lanczos.so" ..
2025-05-20 23:04:42 INFO  main [MIPMap] Generating MIP map cache file "/mitsuba/scene/dining-room/textures/picture3.mip" ..
2025-05-20 23:04:42 INFO  main [BitmapTexture] Loading texture "Tiles.jpg"
2025-05-20 23:04:42 INFO  main [spectrum.cpp:599] "Cu.eta.spd": loaded a spectral power distribution with 55 entries (between 302.400421 and 885.601257 nm)
2025-05-20 23:04:42 INFO  main [spectrum.cpp:599] "Cu.k.spd": loaded a spectral power distribution with 55 entries (between 302.400421 and 885.601257 nm)
2025-05-20 23:04:42 INFO  main [PluginManager] Loading plugin "plugins/conductor.so" ..
2025-05-20 23:04:42 INFO  main [spectrum.cpp:599] "Ir.eta.spd": loaded a spectral power distribution with 28 entries (between 302.389984 and 885.570984 nm)
2025-05-20 23:04:42 INFO  main [spectrum.cpp:599] "Ir.k.spd": loaded a spectral power distribution with 28 entries (between 302.389984 and 885.570984 nm)
2025-05-20 23:04:42 INFO  main [spectrum.cpp:599] "Cu.eta.spd": loaded a spectral power distribution with 55 entries (between 302.400421 and 885.601257 nm)
2025-05-20 23:04:42 INFO  main [spectrum.cpp:599] "Cu.k.spd": loaded a spectral power distribution with 55 entries (between 302.400421 and 885.601257 nm)
2025-05-20 23:04:42 INFO  main [BitmapTexture] Loading texture "Teacup.png"
2025-05-20 23:04:42 INFO  main [spectrum.cpp:599] "Cu.eta.spd": loaded a spectral power distribution with 55 entries (between 302.400421 and 885.601257 nm)
2025-05-20 23:04:42 INFO  main [spectrum.cpp:599] "Cu.k.spd": loaded a spectral power distribution with 55 entries (between 302.400421 and 885.601257 nm)
2025-05-20 23:04:42 INFO  main [PluginManager] Loading plugin "plugins/area.so" ..
2025-05-20 23:04:42 INFO  main [PluginManager] Loading plugin "plugins/disk.so" ..
2025-05-20 23:04:42 INFO  main [PluginManager] Loading plugin "plugins/ply.so" ..
2025-05-20 23:04:42 INFO  main [PLYLoader] Loading geometry from "parabol1.ply" ..
2025-05-20 23:04:42 INFO  main [PLYLoader] "parabol1": Loaded 25856 triangles, 13057 vertices (456.0 KiB in 3 ms).
2025-05-20 23:04:42 INFO  main [PLYLoader] Loading geometry from "parabol2.ply" ..
2025-05-20 23:04:42 INFO  main [PLYLoader] "parabol2": Loaded 25856 triangles, 13057 vertices (456.0 KiB in 2 ms).
2025-05-20 23:04:42 INFO  main [PluginManager] Loading plugin "plugins/obj.so" ..
2025-05-20 23:04:42 INFO  main [WavefrontOBJ] Loading geometry from "Mesh013.obj" ..
2025-05-20 23:04:42 INFO  main [WavefrontOBJ] Mesh013: 1056 triangles, 577 vertices (merged 2591 vertices).
2025-05-20 23:04:42 INFO  main [WavefrontOBJ] Done with "Mesh013.obj" (took 2 ms)
2025-05-20 23:04:42 INFO  main [WavefrontOBJ] Loading geometry from "Mesh016.obj" ..
2025-05-20 23:04:42 INFO  main [WavefrontOBJ] Mesh016: 384 triangles, 768 vertices (merged 384 vertices).
2025-05-20 23:04:42 INFO  main [WavefrontOBJ] Done with "Mesh016.obj" (took 2 ms)
2025-05-20 23:04:42 INFO  main [WavefrontOBJ] Loading geometry from "Mesh015.obj" ..
2025-05-20 23:04:42 INFO  main [WavefrontOBJ] Mesh015: 3136 triangles, 1680 vertices (merged 7728 vertices).
2025-05-20 23:04:42 INFO  main [WavefrontOBJ] Done with "Mesh015.obj" (took 7 ms)
2025-05-20 23:04:42 INFO  main [WavefrontOBJ] Loading geometry from "Mesh023.obj" ..
2025-05-20 23:04:42 INFO  main [WavefrontOBJ] Mesh023: 1056 triangles, 577 vertices (merged 2591 vertices).
2025-05-20 23:04:42 INFO  main [WavefrontOBJ] Done with "Mesh023.obj" (took 2 ms)
2025-05-20 23:04:42 INFO  main [WavefrontOBJ] Loading geometry from "Mesh020.obj" ..
2025-05-20 23:04:42 INFO  main [WavefrontOBJ] Mesh020: 384 triangles, 768 vertices (merged 384 vertices).
2025-05-20 23:04:42 INFO  main [WavefrontOBJ] Done with "Mesh020.obj" (took 2 ms)
2025-05-20 23:04:42 INFO  main [WavefrontOBJ] Loading geometry from "Mesh017.obj" ..
2025-05-20 23:04:42 INFO  main [WavefrontOBJ] Mesh017: 3136 triangles, 1680 vertices (merged 7728 vertices).
2025-05-20 23:04:42 INFO  main [WavefrontOBJ] Done with "Mesh017.obj" (took 6 ms)
2025-05-20 23:04:42 INFO  main [WavefrontOBJ] Loading geometry from "Mesh024.obj" ..
2025-05-20 23:04:42 INFO  main [WavefrontOBJ] Mesh024: 34 triangles, 68 vertices (merged 34 vertices).
2025-05-20 23:04:42 INFO  main [WavefrontOBJ] Done with "Mesh024.obj" (took 0 ms)
2025-05-20 23:04:42 INFO  main [WavefrontOBJ] Loading geometry from "Mesh041.obj" ..
2025-05-20 23:04:42 INFO  main [WavefrontOBJ] Mesh041: 8 triangles, 16 vertices (merged 8 vertices).
2025-05-20 23:04:42 INFO  main [WavefrontOBJ] Done with "Mesh041.obj" (took 0 ms)
2025-05-20 23:04:42 INFO  main [WavefrontOBJ] Loading geometry from "Mesh011.obj" ..
2025-05-20 23:04:42 INFO  main [WavefrontOBJ] Mesh011: 8992 triangles, 4544 vertices (merged 22432 vertices).
2025-05-20 23:04:42 INFO  main [WavefrontOBJ] Done with "Mesh011.obj" (took 19 ms)
2025-05-20 23:04:42 INFO  main [WavefrontOBJ] Loading geometry from "Mesh026.obj" ..
2025-05-20 23:04:42 INFO  main [WavefrontOBJ] Mesh026: 7624 triangles, 4070 vertices (merged 18802 vertices).
2025-05-20 23:04:42 INFO  main [WavefrontOBJ] Done with "Mesh026.obj" (took 17 ms)
2025-05-20 23:04:42 INFO  main [WavefrontOBJ] Loading geometry from "Mesh018.obj" ..
2025-05-20 23:04:42 INFO  main [WavefrontOBJ] Mesh018: 2016 triangles, 1260 vertices (merged 4788 vertices).
2025-05-20 23:04:42 INFO  main [WavefrontOBJ] Done with "Mesh018.obj" (took 4 ms)
2025-05-20 23:04:42 INFO  main [WavefrontOBJ] Loading geometry from "Mesh007.obj" ..
2025-05-20 23:04:42 INFO  main [WavefrontOBJ] Mesh007: 4352 triangles, 2178 vertices (merged 10878 vertices).
2025-05-20 23:04:42 INFO  main [WavefrontOBJ] Done with "Mesh007.obj" (took 9 ms)
2025-05-20 23:04:42 INFO  main [WavefrontOBJ] Loading geometry from "Mesh005.obj" ..
2025-05-20 23:04:42 INFO  main [WavefrontOBJ] Mesh005: 160 triangles, 144 vertices (merged 336 vertices).
2025-05-20 23:04:42 INFO  main [WavefrontOBJ] Done with "Mesh005.obj" (took 0 ms)
2025-05-20 23:04:42 INFO  main [WavefrontOBJ] Loading geometry from "Mesh019.obj" ..
2025-05-20 23:04:42 INFO  main [WavefrontOBJ] Mesh019: 560 triangles, 400 vertices (merged 1280 vertices).
2025-05-20 23:04:42 INFO  main [WavefrontOBJ] Done with "Mesh019.obj" (took 1 ms)
2025-05-20 23:04:42 INFO  main [WavefrontOBJ] Loading geometry from "Mesh021.obj" ..
2025-05-20 23:04:42 INFO  main [WavefrontOBJ] Mesh021: 720 triangles, 482 vertices (merged 1678 vertices).
2025-05-20 23:04:42 INFO  main [WavefrontOBJ] Done with "Mesh021.obj" (took 2 ms)
2025-05-20 23:04:42 INFO  main [WavefrontOBJ] Loading geometry from "Mesh037.obj" ..
2025-05-20 23:04:42 INFO  main [WavefrontOBJ] Mesh037: 7624 triangles, 4070 vertices (merged 18802 vertices).
2025-05-20 23:04:42 INFO  main [WavefrontOBJ] Done with "Mesh037.obj" (took 17 ms)
2025-05-20 23:04:42 INFO  main [WavefrontOBJ] Loading geometry from "Mesh004.obj" ..
2025-05-20 23:04:42 INFO  main [WavefrontOBJ] Mesh004: 2016 triangles, 1260 vertices (merged 4788 vertices).
2025-05-20 23:04:42 INFO  main [WavefrontOBJ] Done with "Mesh004.obj" (took 4 ms)
2025-05-20 23:04:42 INFO  main [WavefrontOBJ] Loading geometry from "Mesh014.obj" ..
2025-05-20 23:04:42 INFO  main [WavefrontOBJ] Mesh014: 160 triangles, 144 vertices (merged 336 vertices).
2025-05-20 23:04:42 INFO  main [WavefrontOBJ] Done with "Mesh014.obj" (took 0 ms)
2025-05-20 23:04:42 INFO  main [WavefrontOBJ] Loading geometry from "Mesh012.obj" ..
2025-05-20 23:04:42 INFO  main [WavefrontOBJ] Mesh012: 560 triangles, 400 vertices (merged 1280 vertices).
2025-05-20 23:04:42 INFO  main [WavefrontOBJ] Done with "Mesh012.obj" (took 1 ms)
2025-05-20 23:04:42 INFO  main [WavefrontOBJ] Loading geometry from "Mesh028.obj" ..
2025-05-20 23:04:42 INFO  main [WavefrontOBJ] Mesh028: 720 triangles, 482 vertices (merged 1678 vertices).
2025-05-20 23:04:42 INFO  main [WavefrontOBJ] Done with "Mesh028.obj" (took 1 ms)
2025-05-20 23:04:42 INFO  main [WavefrontOBJ] Loading geometry from "Mesh025.obj" ..
2025-05-20 23:04:42 INFO  main [WavefrontOBJ] Mesh025: 4352 triangles, 2178 vertices (merged 10878 vertices).
2025-05-20 23:04:42 INFO  main [WavefrontOBJ] Done with "Mesh025.obj" (took 9 ms)
2025-05-20 23:04:42 INFO  main [WavefrontOBJ] Loading geometry from "Mesh008.obj" ..
2025-05-20 23:04:42 INFO  main [WavefrontOBJ] Mesh008: 6320 triangles, 3270 vertices (merged 15690 vertices).
2025-05-20 23:04:42 INFO  main [WavefrontOBJ] Done with "Mesh008.obj" (took 14 ms)
2025-05-20 23:04:42 INFO  main [WavefrontOBJ] Loading geometry from "Mesh032.obj" ..
2025-05-20 23:04:42 INFO  main [WavefrontOBJ] Mesh032: 13248 triangles, 6686 vertices (merged 33058 vertices).
2025-05-20 23:04:42 INFO  main [WavefrontOBJ] Done with "Mesh032.obj" (took 28 ms)
2025-05-20 23:04:42 INFO  main [WavefrontOBJ] Loading geometry from "Mesh035.obj" ..
2025-05-20 23:04:42 INFO  main [WavefrontOBJ] Mesh035: 14480 triangles, 7404 vertices (merged 36036 vertices).
2025-05-20 23:04:42 INFO  main [WavefrontOBJ] Done with "Mesh035.obj" (took 31 ms)
2025-05-20 23:04:42 INFO  main [WavefrontOBJ] Loading geometry from "Mesh042.obj" ..
2025-05-20 23:04:42 INFO  main [WavefrontOBJ] Mesh042: 2320 triangles, 1492 vertices (merged 5468 vertices).
2025-05-20 23:04:42 INFO  main [WavefrontOBJ] Done with "Mesh042.obj" (took 5 ms)
2025-05-20 23:04:42 INFO  main [WavefrontOBJ] Loading geometry from "Mesh010.obj" ..
2025-05-20 23:04:42 INFO  main [WavefrontOBJ] Mesh010: 13248 triangles, 6686 vertices (merged 33058 vertices).
2025-05-20 23:04:42 INFO  main [WavefrontOBJ] Done with "Mesh010.obj" (took 29 ms)
2025-05-20 23:04:42 INFO  main [WavefrontOBJ] Loading geometry from "Mesh036.obj" ..
2025-05-20 23:04:42 INFO  main [WavefrontOBJ] Mesh036: 14480 triangles, 7404 vertices (merged 36036 vertices).
2025-05-20 23:04:42 INFO  main [WavefrontOBJ] Done with "Mesh036.obj" (took 31 ms)
2025-05-20 23:04:42 INFO  main [WavefrontOBJ] Loading geometry from "Mesh027.obj" ..
2025-05-20 23:04:42 INFO  main [WavefrontOBJ] Mesh027: 2320 triangles, 1492 vertices (merged 5468 vertices).
2025-05-20 23:04:42 INFO  main [WavefrontOBJ] Done with "Mesh027.obj" (took 5 ms)
2025-05-20 23:04:42 INFO  main [WavefrontOBJ] Loading geometry from "Mesh043.obj" ..
2025-05-20 23:04:42 INFO  main [WavefrontOBJ] Mesh043: 13248 triangles, 6686 vertices (merged 33058 vertices).
2025-05-20 23:04:42 INFO  main [WavefrontOBJ] Done with "Mesh043.obj" (took 28 ms)
2025-05-20 23:04:42 INFO  main [WavefrontOBJ] Loading geometry from "Mesh044.obj" ..
2025-05-20 23:04:43 INFO  main [WavefrontOBJ] Mesh044: 14480 triangles, 7404 vertices (merged 36036 vertices).
2025-05-20 23:04:43 INFO  main [WavefrontOBJ] Done with "Mesh044.obj" (took 31 ms)
2025-05-20 23:04:43 INFO  main [WavefrontOBJ] Loading geometry from "Mesh031.obj" ..
2025-05-20 23:04:43 INFO  main [WavefrontOBJ] Mesh031: 2320 triangles, 1492 vertices (merged 5468 vertices).
2025-05-20 23:04:43 INFO  main [WavefrontOBJ] Done with "Mesh031.obj" (took 5 ms)
2025-05-20 23:04:43 INFO  main [WavefrontOBJ] Loading geometry from "Mesh022.obj" ..
2025-05-20 23:04:43 INFO  main [WavefrontOBJ] Mesh022: 13248 triangles, 6686 vertices (merged 33058 vertices).
2025-05-20 23:04:43 INFO  main [WavefrontOBJ] Done with "Mesh022.obj" (took 29 ms)
2025-05-20 23:04:43 INFO  main [WavefrontOBJ] Loading geometry from "Mesh038.obj" ..
2025-05-20 23:04:43 INFO  main [WavefrontOBJ] Mesh038: 14480 triangles, 7404 vertices (merged 36036 vertices).
2025-05-20 23:04:43 INFO  main [WavefrontOBJ] Done with "Mesh038.obj" (took 31 ms)
2025-05-20 23:04:43 INFO  main [WavefrontOBJ] Loading geometry from "Mesh030.obj" ..
2025-05-20 23:04:43 INFO  main [WavefrontOBJ] Mesh030: 2320 triangles, 1492 vertices (merged 5468 vertices).
2025-05-20 23:04:43 INFO  main [WavefrontOBJ] Done with "Mesh030.obj" (took 5 ms)
2025-05-20 23:04:43 INFO  main [WavefrontOBJ] Loading geometry from "Mesh046.obj" ..
2025-05-20 23:04:43 INFO  main [WavefrontOBJ] Mesh046: 13248 triangles, 6686 vertices (merged 33058 vertices).
2025-05-20 23:04:43 INFO  main [WavefrontOBJ] Done with "Mesh046.obj" (took 28 ms)
2025-05-20 23:04:43 INFO  main [WavefrontOBJ] Loading geometry from "Mesh047.obj" ..
2025-05-20 23:04:43 INFO  main [WavefrontOBJ] Mesh047: 14480 triangles, 7404 vertices (merged 36036 vertices).
2025-05-20 23:04:43 INFO  main [WavefrontOBJ] Done with "Mesh047.obj" (took 31 ms)
2025-05-20 23:04:43 INFO  main [WavefrontOBJ] Loading geometry from "Mesh034.obj" ..
2025-05-20 23:04:43 INFO  main [WavefrontOBJ] Mesh034: 2320 triangles, 1492 vertices (merged 5468 vertices).
2025-05-20 23:04:43 INFO  main [WavefrontOBJ] Done with "Mesh034.obj" (took 5 ms)
2025-05-20 23:04:43 INFO  main [WavefrontOBJ] Loading geometry from "Mesh033.obj" ..
2025-05-20 23:04:43 INFO  main [WavefrontOBJ] Mesh033: 44 triangles, 96 vertices (merged 36 vertices).
2025-05-20 23:04:43 INFO  main [WavefrontOBJ] Done with "Mesh033.obj" (took 0 ms)
2025-05-20 23:04:43 INFO  main [WavefrontOBJ] Loading geometry from "Mesh006.obj" ..
2025-05-20 23:04:43 INFO  main [WavefrontOBJ] Mesh006: 4 triangles, 6 vertices (merged 6 vertices).
2025-05-20 23:04:43 INFO  main [WavefrontOBJ] Done with "Mesh006.obj" (took 0 ms)
2025-05-20 23:04:43 INFO  main [WavefrontOBJ] Loading geometry from "Mesh048.obj" ..
2025-05-20 23:04:43 INFO  main [WavefrontOBJ] Mesh048: 30 triangles, 38 vertices (merged 52 vertices).
2025-05-20 23:04:43 INFO  main [WavefrontOBJ] Done with "Mesh048.obj" (took 0 ms)
2025-05-20 23:04:43 INFO  main [WavefrontOBJ] Loading geometry from "Mesh049.obj" ..
2025-05-20 23:04:43 INFO  main [WavefrontOBJ] Mesh049: 13248 triangles, 6686 vertices (merged 33058 vertices).
2025-05-20 23:04:43 INFO  main [WavefrontOBJ] Done with "Mesh049.obj" (took 28 ms)
2025-05-20 23:04:43 INFO  main [WavefrontOBJ] Loading geometry from "Mesh051.obj" ..
2025-05-20 23:04:43 INFO  main [WavefrontOBJ] Mesh051: 14480 triangles, 7404 vertices (merged 36036 vertices).
2025-05-20 23:04:43 INFO  main [WavefrontOBJ] Done with "Mesh051.obj" (took 31 ms)
2025-05-20 23:04:43 INFO  main [WavefrontOBJ] Loading geometry from "Mesh040.obj" ..
2025-05-20 23:04:43 INFO  main [WavefrontOBJ] Mesh040: 2320 triangles, 1492 vertices (merged 5468 vertices).
2025-05-20 23:04:43 INFO  main [WavefrontOBJ] Done with "Mesh040.obj" (took 5 ms)
2025-05-20 23:04:43 INFO  main [WavefrontOBJ] Loading geometry from "Mesh003.obj" ..
2025-05-20 23:04:43 INFO  main [WavefrontOBJ] Mesh003: 18176 triangles, 9150 vertices (merged 45378 vertices).
2025-05-20 23:04:43 INFO  main [WavefrontOBJ] Done with "Mesh003.obj" (took 39 ms)
2025-05-20 23:04:43 INFO  main [WavefrontOBJ] Loading geometry from "Mesh002.obj" ..
2025-05-20 23:04:43 INFO  main [WavefrontOBJ] Mesh002: 7624 triangles, 4070 vertices (merged 18802 vertices).
2025-05-20 23:04:43 INFO  main [WavefrontOBJ] Done with "Mesh002.obj" (took 17 ms)
2025-05-20 23:04:43 INFO  main [WavefrontOBJ] Loading geometry from "Mesh009.obj" ..
2025-05-20 23:04:43 INFO  main [WavefrontOBJ] Mesh009: 2016 triangles, 1260 vertices (merged 4788 vertices).
2025-05-20 23:04:43 INFO  main [WavefrontOBJ] Done with "Mesh009.obj" (took 4 ms)
2025-05-20 23:04:43 INFO  main [WavefrontOBJ] Loading geometry from "Mesh045.obj" ..
2025-05-20 23:04:43 INFO  main [WavefrontOBJ] Mesh045: 4352 triangles, 2178 vertices (merged 10878 vertices).
2025-05-20 23:04:43 INFO  main [WavefrontOBJ] Done with "Mesh045.obj" (took 9 ms)
2025-05-20 23:04:43 INFO  main [WavefrontOBJ] Loading geometry from "Mesh029.obj" ..
2025-05-20 23:04:43 INFO  main [WavefrontOBJ] Mesh029: 160 triangles, 144 vertices (merged 336 vertices).
2025-05-20 23:04:43 INFO  main [WavefrontOBJ] Done with "Mesh029.obj" (took 0 ms)
2025-05-20 23:04:43 INFO  main [WavefrontOBJ] Loading geometry from "Mesh039.obj" ..
2025-05-20 23:04:43 INFO  main [WavefrontOBJ] Mesh039: 560 triangles, 400 vertices (merged 1280 vertices).
2025-05-20 23:04:43 INFO  main [WavefrontOBJ] Done with "Mesh039.obj" (took 1 ms)
2025-05-20 23:04:43 INFO  main [WavefrontOBJ] Loading geometry from "Mesh050.obj" ..
2025-05-20 23:04:43 INFO  main [WavefrontOBJ] Mesh050: 720 triangles, 482 vertices (merged 1678 vertices).
2025-05-20 23:04:43 INFO  main [WavefrontOBJ] Done with "Mesh050.obj" (took 1 ms)
2025-05-20 23:04:43 INFO  main [WavefrontOBJ] Loading geometry from "Mesh001.obj" ..
2025-05-20 23:04:43 INFO  main [WavefrontOBJ] Mesh001: 170 triangles, 340 vertices (merged 170 vertices).
2025-05-20 23:04:43 INFO  main [WavefrontOBJ] Done with "Mesh001.obj" (took 1 ms)
2025-05-20 23:04:43 INFO  main [WavefrontOBJ] Loading geometry from "Mesh000.obj" ..
2025-05-20 23:04:43 INFO  main [WavefrontOBJ] Mesh000: 22 triangles, 44 vertices (merged 22 vertices).
2025-05-20 23:04:43 INFO  main [WavefrontOBJ] Done with "Mesh000.obj" (took 0 ms)
2025-05-20 23:04:43 INFO  main [PluginManager] Loading plugin "plugins/rectangle.so" ..
2025-05-20 23:04:43 INFO  ren0 [KDTreeBase] Constructing a SAH kd-tree (321251 primitives) ..
2025-05-20 23:04:43 INFO  ren0 [KDTreeBase] Finished -- took 605 ms.
2025-05-20 23:04:43 INFO  ren0 [octree.h:534] root weight: 8.000e-20 (0.000000)
2025-05-20 23:04:43 INFO  ren0 [octree.h:535] splitting threshold: 8.000e-23 (0.000000)
2025-05-20 23:04:43 INFO  ren0 [octree.h:550] node count: 1 -> 585 -> 585

2025-05-20 23:04:43 INFO  ren0 [octree.h:534] root weight: 4.096e-17 (0.000000)
2025-05-20 23:04:43 INFO  ren0 [octree.h:535] splitting threshold: 4.096e-20 (0.000000)
2025-05-20 23:04:43 INFO  ren0 [octree.h:550] node count: 585 -> 585 -> 585

2025-05-20 23:04:43 INFO  ren0 [octree.h:534] root weight: 8.000e-20 (0.000000)
2025-05-20 23:04:43 INFO  ren0 [octree.h:535] splitting threshold: 8.000e-23 (0.000000)
2025-05-20 23:04:43 INFO  ren0 [octree.h:550] node count: 1 -> 585 -> 585

2025-05-20 23:04:43 INFO  ren0 [octree.h:534] root weight: 8.000e-20 (0.000000)
2025-05-20 23:04:43 INFO  ren0 [octree.h:535] splitting threshold: 8.000e-23 (0.000000)
2025-05-20 23:04:43 INFO  ren0 [octree.h:550] node count: 1 -> 585 -> 585

2025-05-20 23:04:43 INFO  ren0 [octree.h:534] root weight: 4.096e-17 (0.000000)
2025-05-20 23:04:43 INFO  ren0 [octree.h:535] splitting threshold: 4.096e-20 (0.000000)
2025-05-20 23:04:43 INFO  ren0 [octree.h:550] node count: 585 -> 585 -> 585

2025-05-20 23:04:43 INFO  ren0 [octree.h:534] root weight: 8.000e-20 (0.000000)
2025-05-20 23:04:43 INFO  ren0 [octree.h:535] splitting threshold: 8.000e-23 (0.000000)
2025-05-20 23:04:43 INFO  ren0 [octree.h:550] node count: 1 -> 585 -> 585

2025-05-20 23:04:43 INFO  ren0 [MIFocalGuidingPathTracer] AABB3[min=[-6.3658, -1.5274, -4.73046], max=[5.27597, 8.04131, 10.0598]]
2025-05-20 23:04:43 INFO  ren0 [MIFocalGuidingPathTracer] Starting render job (1280x720, 12 cores, SSE2 enabled) ..
2025-05-20 23:04:43 INFO  ren0 [MIFocalGuidingPathTracer] ITERATION 0, until 10.0 seconds
2025-05-20 23:04:56 INFO  ren0 [MIFocalGuidingPathTracer]   12.45 seconds elapsed, passes this iteration: 5, total passes: 5
2025-05-20 23:04:56 INFO  ren0 [MIFocalGuidingPathTracer] Got 1641870 non-zero samples
2025-05-20 23:04:56 INFO  ren0 [gaussian_mixture_model.h:815] Processing mega batch of size 1641870
2025-05-20 23:04:56 INFO  ren0 [gaussian_mixture_model.h:554] KMeans
2025-05-20 23:04:56 INFO  ren0 [gaussian_mixture_model.h:215] Before splitting
2025-05-20 23:04:56 INFO  ren0 [gaussian_mixture_model.h:216] GMM[
weight = 0.00135904 mean = [4.80016 1.13147 -0.922505] covariance = [[0.437704 -0.0693096 -0.070342][-0.0693096 1.08859 0.401455][-0.070342 0.401455 3.59088]]
weight = 0.000574384 mean = [3.38573 2.26485 7.69581] covariance = [[2.07065 -0.659221 -2.05215][-0.659221 5.12829 1.56012][-2.05215 1.56012 4.59011]]
weight = 0.000949579 mean = [-3.05056 4.56309 6.5201] covariance = [[2.72208 0.452386 0.745528][0.452386 4.5191 -4.28284][0.745528 -4.28284 12.8676]]
weight = 0.0417256 mean = [-1.93945 5.54343 -0.195914] covariance = [[4.24152 1.28837 -0.5711][1.28837 3.06832 -0.14356][-0.5711 -0.14356 0.92225]]
weight = 0.199381 mean = [0.243508 5.76982 -2.33473] covariance = [[3.23444 1.97609 1.45938][1.97609 1.54388 0.715475][1.45938 0.715475 1.73419]]
weight = 0.0121471 mean = [-4.13751 2.75983 -4.17589] covariance = [[0.558467 0.328655 -0.368183][0.328655 0.361285 -0.254603][-0.368183 -0.254603 0.386351]]
weight = 0.00135083 mean = [-2.56144 1.04712 6.80368] covariance = [[1.94743 -0.398881 0.185891][-0.398881 1.92128 2.10461][0.185891 2.10461 14.6886]]
weight = 0.0024397 mean = [-1.07044 -0.830346 0.491176] covariance = [[2.2935 0.719397 -1.30321][0.719397 1.39382 -0.677468][-1.30321 -0.677468 1.63482]]
weight = 0.622009 mean = [-3.26732 4.01179 -2.76587] covariance = [[0.373426 0.412658 0.506901][0.412658 2.08068 1.80876][0.506901 1.80876 4.05526]]
weight = 0.118064 mean = [-2.60673 3.16447 -1.57198] covariance = [[0.682236 0.382691 -0.235928][0.382691 0.751057 -0.733153][-0.235928 -0.733153 2.87396]]
]
2025-05-20 23:04:56 INFO  ren0 [gaussian_mixture_model.h:218] Before merging
2025-05-20 23:04:56 INFO  ren0 [gaussian_mixture_model.h:219] GMM[
weight = 0.00135904 mean = [4.80016 1.13147 -0.922505] covariance = [[0.437704 -0.0693096 -0.070342][-0.0693096 1.08859 0.401455][-0.070342 0.401455 3.59088]]
weight = 0.000574384 mean = [3.38573 2.26485 7.69581] covariance = [[2.07065 -0.659221 -2.05215][-0.659221 5.12829 1.56012][-2.05215 1.56012 4.59011]]
weight = 0.000949579 mean = [-3.05056 4.56309 6.5201] covariance = [[2.72208 0.452386 0.745528][0.452386 4.5191 -4.28284][0.745528 -4.28284 12.8676]]
weight = 0.0417256 mean = [-1.93945 5.54343 -0.195914] covariance = [[4.24152 1.28837 -0.5711][1.28837 3.06832 -0.14356][-0.5711 -0.14356 0.92225]]
weight = 0.199381 mean = [0.243508 5.76982 -2.33473] covariance = [[3.23444 1.97609 1.45938][1.97609 1.54388 0.715475][1.45938 0.715475 1.73419]]
weight = 0.0121471 mean = [-4.13751 2.75983 -4.17589] covariance = [[0.558467 0.328655 -0.368183][0.328655 0.361285 -0.254603][-0.368183 -0.254603 0.386351]]
weight = 0.00135083 mean = [-2.56144 1.04712 6.80368] covariance = [[1.94743 -0.398881 0.185891][-0.398881 1.92128 2.10461][0.185891 2.10461 14.6886]]
weight = 0.0024397 mean = [-1.07044 -0.830346 0.491176] covariance = [[2.2935 0.719397 -1.30321][0.719397 1.39382 -0.677468][-1.30321 -0.677468 1.63482]]
weight = 0.622009 mean = [-3.26732 4.01179 -2.76587] covariance = [[0.373426 0.412658 0.506901][0.412658 2.08068 1.80876][0.506901 1.80876 4.05526]]
weight = 0.118064 mean = [-2.60673 3.16447 -1.57198] covariance = [[0.682236 0.382691 -0.235928][0.382691 0.751057 -0.733153][-0.235928 -0.733153 2.87396]]
]
2025-05-20 23:04:56 INFO  ren0 [gaussian_mixture_model.h:215] Before splitting
2025-05-20 23:04:56 INFO  ren0 [gaussian_mixture_model.h:216] GMM[
weight = 0.000518065 mean = [4.63526 1.00934 -1.07071] covariance = [[0.498573 -0.0792124 0.0401154][-0.0792124 1.38548 0.463597][0.0401154 0.463597 3.84228]]
weight = 0.000388289 mean = [3.48641 3.76132 7.84969] covariance = [[1.20282 -0.123929 -1.0759][-0.123929 8.71159 3.43883][-1.0759 3.43883 4.31861]]
weight = 0.000690763 mean = [-3.41905 4.44491 3.81343] covariance = [[3.33967 2.63474 1.43132][2.63474 7.59618 -1.51854][1.43132 -1.51854 13.4797]]
weight = 0.363349 mean = [-3.35601 3.22096 0.147004] covariance = [[4.48132 4.36617 -1.62917][4.36617 6.18761 -1.44201][-1.62917 -1.44201 0.656777]]
weight = 0.280325 mean = [-0.579271 5.46015 -2.31239] covariance = [[1.34257 0.885138 -0.363284][0.885138 0.697107 -0.376844][-0.363284 -0.376844 2.09955]]
weight = 0.00299476 mean = [-4.18211 2.7435 -4.15547] covariance = [[0.613931 0.347108 -0.392275][0.347108 0.373381 -0.267684][-0.392275 -0.267684 0.400596]]
weight = 0.0088227 mean = [-5.14067 0.30616 1.52595] covariance = [[1.62909 -0.0108502 0.424498][-0.0108502 0.719998 -0.196244][0.424498 -0.196244 3.46382]]
weight = 0.0125401 mean = [-2.10704 -0.654995 0.0156961] covariance = [[2.67473 0.993346 -2.43293][0.993346 1.12949 -0.78749][-2.43293 -0.78749 2.68813]]
weight = 0.330371 mean = [-2.29002 5.34985 -0.456462] covariance = [[1.07718 -0.197245 -0.505505][-0.197245 2.84929 0.890173][-0.505505 0.890173 1.16279]]
]
2025-05-20 23:04:56 INFO  ren0 [gaussian_mixture_model.h:218] Before merging
2025-05-20 23:04:56 INFO  ren0 [gaussian_mixture_model.h:219] GMM[
weight = 0.000259033 mean = [4.64256 1.18691 -0.0959403] covariance = [[0.498477 -0.0818059 0.0258786][-0.0818059 1.32242 0.117405][0.0258786 0.117405 1.94194]]
weight = 0.000388289 mean = [3.48641 3.76132 7.84969] covariance = [[1.20282 -0.123929 -1.0759][-0.123929 8.71159 3.43883][-1.0759 3.43883 4.31861]]
weight = 0.000690763 mean = [-3.41905 4.44491 3.81343] covariance = [[3.33967 2.63474 1.43132][2.63474 7.59618 -1.51854][1.43132 -1.51854 13.4797]]
weight = 0.363349 mean = [-3.35601 3.22096 0.147004] covariance = [[4.48132 4.36617 -1.62917][4.36617 6.18761 -1.44201][-1.62917 -1.44201 0.656777]]
weight = 0.280325 mean = [-0.579271 5.46015 -2.31239] covariance = [[1.34257 0.885138 -0.363284][0.885138 0.697107 -0.376844][-0.363284 -0.376844 2.09955]]
weight = 0.00299476 mean = [-4.18211 2.7435 -4.15547] covariance = [[0.613931 0.347108 -0.392275][0.347108 0.373381 -0.267684][-0.392275 -0.267684 0.400596]]
weight = 0.0088227 mean = [-5.14067 0.30616 1.52595] covariance = [[1.62909 -0.0108502 0.424498][-0.0108502 0.719998 -0.196244][0.424498 -0.196244 3.46382]]
weight = 0.0125401 mean = [-2.10704 -0.654995 0.0156961] covariance = [[2.67473 0.993346 -2.43293][0.993346 1.12949 -0.78749][-2.43293 -0.78749 2.68813]]
weight = 0.000259033 mean = [4.62796 0.831759 -2.04548] covariance = [[0.498477 -0.0818059 0.0258786][-0.0818059 1.32242 0.117405][0.0258786 0.117405 1.94194]]
weight = 0.330371 mean = [-2.29002 5.34985 -0.456462] covariance = [[1.07718 -0.197245 -0.505505][-0.197245 2.84929 0.890173][-0.505505 0.890173 1.16279]]
]
2025-05-20 23:04:56 INFO  ren0 [gaussian_mixture_model.h:215] Before splitting
2025-05-20 23:04:56 INFO  ren0 [gaussian_mixture_model.h:216] GMM[
weight = 0.0014859 mean = [4.35265 1.03955 -0.656461] covariance = [[0.396482 -0.0198148 -0.015773][-0.0198148 3.16798 0.441447][-0.015773 0.441447 1.78454]]
weight = 0.000869864 mean = [3.06645 3.73006 6.94109] covariance = [[1.49163 -0.123291 -0.506288][-0.123291 6.83416 0.727126][-0.506288 0.727126 3.87093]]
weight = 0.00705074 mean = [-3.47459 2.06573 -1.5858] covariance = [[2.14285 1.03153 2.53386][1.03153 3.89367 5.07929][2.53386 5.07929 18.5275]]
weight = 0.202633 mean = [-0.693313 5.37802 -2.25429] covariance = [[1.48094 0.985764 -0.42759][0.985764 0.766668 -0.419507][-0.42759 -0.419507 2.04995]]
weight = 0.171244 mean = [-3.96157 1.39979 -3.85888] covariance = [[0.0165448 0.00671408 -0.00985652][0.00671408 0.0723484 -0.0296789][-0.00985652 -0.0296789 0.0180759]]
weight = 0.133991 mean = [-3.72434 0.657241 -3.55452] covariance = [[0.440992 -0.323949 -0.357381][-0.323949 0.73491 -0.103697][-0.357381 -0.103697 1.65117]]
weight = 0.0501521 mean = [-0.173549 -0.597969 -2.45604] covariance = [[1.30228 0.209159 -1.43836][0.209159 0.232108 -0.166251][-1.43836 -0.166251 1.77741]]
weight = 0.00122757 mean = [4.30198 0.579574 -1.87651] covariance = [[0.310404 -0.0333038 -0.164213][-0.0333038 2.37768 -0.395456][-0.164213 -0.395456 2.43739]]
weight = 0.431346 mean = [-2.7036 3.80327 -0.84602] covariance = [[1.35126 0.690189 -0.607881][0.690189 5.17242 1.25151][-0.607881 1.25151 1.32731]]
]
2025-05-20 23:04:56 INFO  ren0 [gaussian_mixture_model.h:218] Before merging
2025-05-20 23:04:56 INFO  ren0 [gaussian_mixture_model.h:219] GMM[
weight = 0.00074295 mean = [4.34531 1.91103 -0.40203] covariance = [[0.396384 -0.00702682 -0.0120395][-0.00702682 1.64905 -0.00201385][-0.0120395 -0.00201385 1.65507]]
weight = 0.000869864 mean = [3.06645 3.73006 6.94109] covariance = [[1.49163 -0.123291 -0.506288][-0.123291 6.83416 0.727126][-0.506288 0.727126 3.87093]]
weight = 0.00705074 mean = [-3.47459 2.06573 -1.5858] covariance = [[2.14285 1.03153 2.53386][1.03153 3.89367 5.07929][2.53386 5.07929 18.5275]]
weight = 0.00074295 mean = [4.35999 0.16808 -0.910892] covariance = [[0.396384 -0.00702682 -0.0120395][-0.00702682 1.64905 -0.00201385][-0.0120395 -0.00201385 1.65507]]
weight = 0.202633 mean = [-0.693313 5.37802 -2.25429] covariance = [[1.48094 0.985764 -0.42759][0.985764 0.766668 -0.419507][-0.42759 -0.419507 2.04995]]
weight = 0.171244 mean = [-3.96157 1.39979 -3.85888] covariance = [[0.0165448 0.00671408 -0.00985652][0.00671408 0.0723484 -0.0296789][-0.00985652 -0.0296789 0.0180759]]
weight = 0.133991 mean = [-3.72434 0.657241 -3.55452] covariance = [[0.440992 -0.323949 -0.357381][-0.323949 0.73491 -0.103697][-0.357381 -0.103697 1.65117]]
weight = 0.0501521 mean = [-0.173549 -0.597969 -2.45604] covariance = [[1.30228 0.209159 -1.43836][0.209159 0.232108 -0.166251][-1.43836 -0.166251 1.77741]]
weight = 0.00122757 mean = [4.30198 0.579574 -1.87651] covariance = [[0.310404 -0.0333038 -0.164213][-0.0333038 2.37768 -0.395456][-0.164213 -0.395456 2.43739]]
weight = 0.431346 mean = [-2.7036 3.80327 -0.84602] covariance = [[1.35126 0.690189 -0.607881][0.690189 5.17242 1.25151][-0.607881 1.25151 1.32731]]
]
2025-05-20 23:04:56 INFO  ren0 [gaussian_mixture_model.h:215] Before splitting
2025-05-20 23:04:56 INFO  ren0 [gaussian_mixture_model.h:216] GMM[
weight = 0.000319519 mean = [4.13505 1.67378 -0.527343] covariance = [[0.710256 -0.31305 0.244815][-0.31305 3.07425 0.405083][0.244815 0.405083 2.19859]]
weight = 0.00042533 mean = [2.15693 3.02127 6.67292] covariance = [[3.62482 1.31328 0.46355][1.31328 7.66189 1.33526][0.46355 1.33526 5.68847]]
weight = 0.000110316 mean = [4.07411 0.663509 -1.16989] covariance = [[1.02579 -0.151971 0.350405][-0.151971 1.31575 -0.100462][0.350405 -0.100462 2.55026]]
weight = 0.225847 mean = [1.06776 6.4938 -2.06859] covariance = [[0.712621 0.453638 0.105058][0.453638 0.300373 0.0497443][0.105058 0.0497443 0.270651]]
weight = 0.0186936 mean = [-3.96156 1.39981 -3.85889] covariance = [[0.0165482 0.00672342 -0.00986153][0.00672342 0.0723792 -0.029692][-0.00986153 -0.029692 0.0180822]]
weight = 0.0259645 mean = [-3.32142 0.548202 -3.53414] covariance = [[0.815516 -0.475773 -0.166259][-0.475773 0.805668 -0.1355][-0.166259 -0.1355 1.03319]]
weight = 0.00558177 mean = [-0.182512 -0.590728 -2.43827] covariance = [[1.33953 0.211759 -1.48175][0.211759 0.238916 -0.164951][-1.48175 -0.164951 1.83859]]
weight = 0.000384988 mean = [4.15272 1.02822 -2.52644] covariance = [[0.595848 -0.207158 -0.131888][-0.207158 2.43723 -0.435306][-0.131888 -0.435306 3.04991]]
weight = 0.722673 mean = [-1.64723 2.21526 -3.48703] covariance = [[0.609256 0.444143 -0.483092][0.444143 1.24902 0.226179][-0.483092 0.226179 1.01001]]
]
2025-05-20 23:04:56 INFO  ren0 [gaussian_mixture_model.h:218] Before merging
2025-05-20 23:04:56 INFO  ren0 [gaussian_mixture_model.h:219] GMM[
weight = 0.00015976 mean = [4.06071 2.51763 -0.219432] covariance = [[0.699212 -0.187583 0.290597][-0.187583 1.65011 -0.114574][0.290597 -0.114574 2.00899]]
weight = 0.00042533 mean = [2.15693 3.02127 6.67292] covariance = [[3.62482 1.31328 0.46355][1.31328 7.66189 1.33526][0.46355 1.33526 5.68847]]
weight = 0.00015976 mean = [4.20939 0.82994 -0.835253] covariance = [[0.699212 -0.187583 0.290597][-0.187583 1.65011 -0.114574][0.290597 -0.114574 2.00899]]
weight = 0.000110316 mean = [4.07411 0.663509 -1.16989] covariance = [[1.02579 -0.151971 0.350405][-0.151971 1.31575 -0.100462][0.350405 -0.100462 2.55026]]
weight = 0.225847 mean = [1.06776 6.4938 -2.06859] covariance = [[0.712621 0.453638 0.105058][0.453638 0.300373 0.0497443][0.105058 0.0497443 0.270651]]
weight = 0.0186936 mean = [-3.96156 1.39981 -3.85889] covariance = [[0.0165482 0.00672342 -0.00986153][0.00672342 0.0723792 -0.029692][-0.00986153 -0.029692 0.0180822]]
weight = 0.0259645 mean = [-3.32142 0.548202 -3.53414] covariance = [[0.815516 -0.475773 -0.166259][-0.475773 0.805668 -0.1355][-0.166259 -0.1355 1.03319]]
weight = 0.00558177 mean = [-0.182512 -0.590728 -2.43827] covariance = [[1.33953 0.211759 -1.48175][0.211759 0.238916 -0.164951][-1.48175 -0.164951 1.83859]]
weight = 0.000384988 mean = [4.15272 1.02822 -2.52644] covariance = [[0.595848 -0.207158 -0.131888][-0.207158 2.43723 -0.435306][-0.131888 -0.435306 3.04991]]
weight = 0.722673 mean = [-1.64723 2.21526 -3.48703] covariance = [[0.609256 0.444143 -0.483092][0.444143 1.24902 0.226179][-0.483092 0.226179 1.01001]]
]
2025-05-20 23:04:56 INFO  ren0 [gaussian_mixture_model.h:215] Before splitting
2025-05-20 23:04:56 INFO  ren0 [gaussian_mixture_model.h:216] GMM[
weight = 7.92914e-05 mean = [3.14127 3.70232 -0.837093] covariance = [[1.47046 -0.222743 0.848881][-0.222743 2.11253 -0.0751786][0.848881 -0.0751786 1.6414]]
weight = 0.000569531 mean = [-3.21847 1.46068 4.92821] covariance = [[7.26963 3.12578 -0.296436][3.12578 8.2649 -2.49004][-0.296436 -2.49004 5.75479]]
weight = 2.92286e-05 mean = [3.55673 1.11211 -1.13729] covariance = [[1.55269 -1.0492 0.872707][-1.0492 2.75492 -0.480464][0.872707 -0.480464 1.84878]]
weight = 0.0189292 mean = [-1.43405 4.96118 -3.32654] covariance = [[2.98244 1.86632 1.54516][1.86632 1.1728 0.967532][1.54516 0.967532 0.915935]]
weight = 0.0183386 mean = [-4.01698 0.584687 -3.58959] covariance = [[0.000456209 0.00120846 -0.000573085][0.00120846 0.0170987 -0.00577498][-0.000573085 -0.00577498 0.00210387]]
weight = 0.847272 mean = [-5.84653 0.159421 -3.66808] covariance = [[0.077424 0.000434095 0.00719072][0.000434095 0.00884526 -0.000979287][0.00719072 -0.000979287 0.00430628]]
weight = 0.00069425 mean = [0.394256 0.828977 -2.44958] covariance = [[0.507143 0.295509 -0.475372][0.295509 0.55093 -0.104424][-0.475372 -0.104424 0.588323]]
weight = 0.000104179 mean = [3.40722 1.6265 -2.18617] covariance = [[1.64376 -0.921985 0.119119][-0.921985 3.60042 -0.530808][0.119119 -0.530808 2.56425]]
weight = 0.113984 mean = [-2.20842 1.75126 -3.02768] covariance = [[0.672773 0.65238 -0.491877][0.65238 1.79864 0.58562][-0.491877 0.58562 1.57541]]
]
2025-05-20 23:04:56 INFO  ren0 [gaussian_mixture_model.h:218] Before merging
2025-05-20 23:04:56 INFO  ren0 [gaussian_mixture_model.h:219] GMM[
weight = 3.96457e-05 mean = [2.65212 4.06719 -1.34352] covariance = [[0.991937 0.134215 0.353445][0.134215 1.84627 0.294388][0.353445 0.294388 1.12847]]
weight = 0.000569531 mean = [-3.21847 1.46068 4.92821] covariance = [[7.26963 3.12578 -0.296436][3.12578 8.2649 -2.49004][-0.296436 -2.49004 5.75479]]
weight = 2.92286e-05 mean = [3.55673 1.11211 -1.13729] covariance = [[1.55269 -1.0492 0.872707][-1.0492 2.75492 -0.480464][0.872707 -0.480464 1.84878]]
weight = 3.96457e-05 mean = [3.63042 3.33744 -0.330666] covariance = [[0.991937 0.134215 0.353445][0.134215 1.84627 0.294388][0.353445 0.294388 1.12847]]
weight = 0.0189292 mean = [-1.43405 4.96118 -3.32654] covariance = [[2.98244 1.86632 1.54516][1.86632 1.1728 0.967532][1.54516 0.967532 0.915935]]
weight = 0.0183386 mean = [-4.01698 0.584687 -3.58959] covariance = [[0.000456209 0.00120846 -0.000573085][0.00120846 0.0170987 -0.00577498][-0.000573085 -0.00577498 0.00210387]]
weight = 0.847272 mean = [-5.84653 0.159421 -3.66808] covariance = [[0.077424 0.000434095 0.00719072][0.000434095 0.00884526 -0.000979287][0.00719072 -0.000979287 0.00430628]]
weight = 0.00069425 mean = [0.394256 0.828977 -2.44958] covariance = [[0.507143 0.295509 -0.475372][0.295509 0.55093 -0.104424][-0.475372 -0.104424 0.588323]]
weight = 0.000104179 mean = [3.40722 1.6265 -2.18617] covariance = [[1.64376 -0.921985 0.119119][-0.921985 3.60042 -0.530808][0.119119 -0.530808 2.56425]]
weight = 0.113984 mean = [-2.20842 1.75126 -3.02768] covariance = [[0.672773 0.65238 -0.491877][0.65238 1.79864 0.58562][-0.491877 0.58562 1.57541]]
]
2025-05-20 23:04:56 INFO  ren0 [gaussian_mixture_model.h:215] Before splitting
2025-05-20 23:04:56 INFO  ren0 [gaussian_mixture_model.h:216] GMM[
weight = 0.000196557 mean = [1.77244 4.57975 -0.986841] covariance = [[2.16772 -0.961751 -0.0626642][-0.961751 3.57443 1.5048][-0.0626642 1.5048 2.08042]]
