2025-04-07 22:34:57 INFO  main [mitsuba.cpp:274] Mitsuba version 0.6.0 (Linux, 64 bit), Copyright (c) 2017 Wenzel Jakob
2025-04-07 22:34:57 INFO  main [mitsuba.cpp:377] Parsing scene description from "../../scenes/dining-room/dining-room.xml" ..
2025-04-07 22:34:57 INFO  main [scenehandler.cpp:675] In file "/home/julia/PBRT/PMM_focal_guiding/mitsuba/dist/../../scenes/dining-room/dining-room.xml" (near line 18): Parsing included file "pmm_focal_guiding.xml" ..
2025-04-07 22:34:57 INFO  main [PluginManager] Loading plugin "plugins/pmm_focal_guiding.so" ..
2025-04-07 22:34:57 INFO  main [octree.h:482] root weight: 8.000e-20 (0.000000)
2025-04-07 22:34:57 INFO  main [octree.h:483] splitting threshold: 8.000e-23 (0.000000)
2025-04-07 22:34:57 INFO  main [octree.h:498] node count: 1 -> 585 -> 585

2025-04-07 22:34:57 INFO  main [octree.h:482] root weight: 8.000e-20 (0.000000)
2025-04-07 22:34:57 INFO  main [octree.h:483] splitting threshold: 8.000e-23 (0.000000)
2025-04-07 22:34:57 INFO  main [octree.h:498] node count: 1 -> 585 -> 585

2025-04-07 22:34:57 INFO  main [PMMFocalGuidingIntegrator] Saving to:
2025-04-07 22:34:57 INFO  main [PMMFocalGuidingIntegrator] GMM params: alpha = 1.000000, split_th = 4.000000, merge_th = 0.500000, min_num_comp = 3, max_num_comp = 20, init = Random
2025-04-07 22:34:57 INFO  main [PMMFocalGuidingIntegrator] iterationCount: 8
2025-04-07 22:34:57 INFO  main [PMMFocalGuidingIntegrator] PMMFocalGuidingIntegrator
  maxDepth = 40,
  rrDepth = 14,
  strictNormals = 1
  gmm = GMM[
]
]
2025-04-07 22:34:57 WARN  main [scenehandler.cpp:795] In file "/home/julia/PBRT/PMM_focal_guiding/mitsuba/dist/../../scenes/dining-room/../_integrators/pmm_focal_guiding.xml" (near line 49): Unqueried attribute "budget" in element "integrator"
2025-04-07 22:34:57 WARN  main [scenehandler.cpp:795] In file "/home/julia/PBRT/PMM_focal_guiding/mitsuba/dist/../../scenes/dining-room/../_integrators/pmm_focal_guiding.xml" (near line 49): Unqueried attribute "dumpPrimaryRays" in element "integrator"
2025-04-07 22:34:57 WARN  main [scenehandler.cpp:795] In file "/home/julia/PBRT/PMM_focal_guiding/mitsuba/dist/../../scenes/dining-room/../_integrators/pmm_focal_guiding.xml" (near line 49): Unqueried attribute "dumpScene" in element "integrator"
2025-04-07 22:34:57 WARN  main [scenehandler.cpp:795] In file "/home/julia/PBRT/PMM_focal_guiding/mitsuba/dist/../../scenes/dining-room/../_integrators/pmm_focal_guiding.xml" (near line 49): Unqueried attribute "normalBinning" in element "integrator"
2025-04-07 22:34:57 WARN  main [scenehandler.cpp:795] In file "/home/julia/PBRT/PMM_focal_guiding/mitsuba/dist/../../scenes/dining-room/../_integrators/pmm_focal_guiding.xml" (near line 49): Unqueried attribute "samplingMode" in element "integrator"
2025-04-07 22:34:57 WARN  main [scenehandler.cpp:795] In file "/home/julia/PBRT/PMM_focal_guiding/mitsuba/dist/../../scenes/dining-room/../_integrators/pmm_focal_guiding.xml" (near line 49): Unqueried attribute "unboundedSplatting" in element "integrator"
2025-04-07 22:34:57 INFO  main [PluginManager] Loading plugin "plugins/independent.so" ..
2025-04-07 22:34:57 INFO  main [PluginManager] Loading plugin "plugins/box.so" ..
2025-04-07 22:34:57 INFO  main [PluginManager] Loading plugin "plugins/hdrfilm.so" ..
2025-04-07 22:34:57 INFO  main [PluginManager] Loading plugin "plugins/perspective.so" ..
2025-04-07 22:34:57 INFO  main [PluginManager] Loading plugin "plugins/roughplastic.so" ..
2025-04-07 22:34:57 INFO  main [PluginManager] Loading plugin "plugins/twosided.so" ..
2025-04-07 22:34:57 INFO  main [PluginManager] Loading plugin "plugins/roughconductor.so" ..
2025-04-07 22:34:57 INFO  main [spectrum.cpp:599] "Cu.eta.spd": loaded a spectral power distribution with 55 entries (between 302.400421 and 885.601257 nm)
2025-04-07 22:34:57 INFO  main [spectrum.cpp:599] "Cu.k.spd": loaded a spectral power distribution with 55 entries (between 302.400421 and 885.601257 nm)
2025-04-07 22:34:57 INFO  main [PluginManager] Loading plugin "plugins/diffuse.so" ..
2025-04-07 22:34:57 INFO  main [PluginManager] Loading plugin "plugins/bitmap.so" ..
2025-04-07 22:34:57 INFO  main [BitmapTexture] Loading texture "picture3.jpg"
2025-04-07 22:34:58 INFO  main [MIPMap] Mapped MIP map cache file "/home/julia/PBRT/PMM_focal_guiding/mitsuba/dist/../../scenes/dining-room/textures/picture3.mip" into memory (18.8 MiB).
2025-04-07 22:34:58 INFO  main [BitmapTexture] Loading texture "Tiles.jpg"
2025-04-07 22:34:58 INFO  main [PluginManager] Loading plugin "plugins/lanczos.so" ..
2025-04-07 22:34:59 INFO  main [spectrum.cpp:599] "Cu.eta.spd": loaded a spectral power distribution with 55 entries (between 302.400421 and 885.601257 nm)
2025-04-07 22:34:59 INFO  main [spectrum.cpp:599] "Cu.k.spd": loaded a spectral power distribution with 55 entries (between 302.400421 and 885.601257 nm)
2025-04-07 22:34:59 INFO  main [PluginManager] Loading plugin "plugins/conductor.so" ..
2025-04-07 22:34:59 INFO  main [spectrum.cpp:599] "Ir.eta.spd": loaded a spectral power distribution with 28 entries (between 302.389984 and 885.570984 nm)
2025-04-07 22:34:59 INFO  main [spectrum.cpp:599] "Ir.k.spd": loaded a spectral power distribution with 28 entries (between 302.389984 and 885.570984 nm)
2025-04-07 22:34:59 INFO  main [spectrum.cpp:599] "Cu.eta.spd": loaded a spectral power distribution with 55 entries (between 302.400421 and 885.601257 nm)
2025-04-07 22:34:59 INFO  main [spectrum.cpp:599] "Cu.k.spd": loaded a spectral power distribution with 55 entries (between 302.400421 and 885.601257 nm)
2025-04-07 22:34:59 INFO  main [BitmapTexture] Loading texture "Teacup.png"
2025-04-07 22:34:59 INFO  main [spectrum.cpp:599] "Cu.eta.spd": loaded a spectral power distribution with 55 entries (between 302.400421 and 885.601257 nm)
2025-04-07 22:34:59 INFO  main [spectrum.cpp:599] "Cu.k.spd": loaded a spectral power distribution with 55 entries (between 302.400421 and 885.601257 nm)
2025-04-07 22:34:59 INFO  main [PluginManager] Loading plugin "plugins/area.so" ..
2025-04-07 22:34:59 INFO  main [PluginManager] Loading plugin "plugins/disk.so" ..
2025-04-07 22:34:59 INFO  main [PluginManager] Loading plugin "plugins/ply.so" ..
2025-04-07 22:35:00 INFO  main [PLYLoader] Loading geometry from "parabol1.ply" ..
2025-04-07 22:35:00 INFO  main [PLYLoader] "parabol1": Loaded 25856 triangles, 13057 vertices (456.0 KiB in 173 ms).
2025-04-07 22:35:00 INFO  main [PLYLoader] Loading geometry from "parabol2.ply" ..
2025-04-07 22:35:00 INFO  main [PLYLoader] "parabol2": Loaded 25856 triangles, 13057 vertices (456.0 KiB in 155 ms).
2025-04-07 22:35:00 INFO  main [PluginManager] Loading plugin "plugins/obj.so" ..
2025-04-07 22:35:00 INFO  main [WavefrontOBJ] Loading geometry from "Mesh013.obj" ..
2025-04-07 22:35:00 INFO  main [WavefrontOBJ] Mesh013: 1056 triangles, 577 vertices (merged 2591 vertices).
2025-04-07 22:35:00 INFO  main [WavefrontOBJ] Done with "Mesh013.obj" (took 48 ms)
2025-04-07 22:35:00 INFO  main [WavefrontOBJ] Loading geometry from "Mesh016.obj" ..
2025-04-07 22:35:00 INFO  main [WavefrontOBJ] Mesh016: 384 triangles, 768 vertices (merged 384 vertices).
2025-04-07 22:35:00 INFO  main [WavefrontOBJ] Done with "Mesh016.obj" (took 28 ms)
2025-04-07 22:35:00 INFO  main [WavefrontOBJ] Loading geometry from "Mesh015.obj" ..
2025-04-07 22:35:00 INFO  main [WavefrontOBJ] Mesh015: 3136 triangles, 1680 vertices (merged 7728 vertices).
2025-04-07 22:35:00 INFO  main [WavefrontOBJ] Done with "Mesh015.obj" (took 87 ms)
2025-04-07 22:35:00 INFO  main [WavefrontOBJ] Loading geometry from "Mesh023.obj" ..
2025-04-07 22:35:00 INFO  main [WavefrontOBJ] Mesh023: 1056 triangles, 577 vertices (merged 2591 vertices).
2025-04-07 22:35:00 INFO  main [WavefrontOBJ] Done with "Mesh023.obj" (took 43 ms)
2025-04-07 22:35:00 INFO  main [WavefrontOBJ] Loading geometry from "Mesh020.obj" ..
2025-04-07 22:35:00 INFO  main [WavefrontOBJ] Mesh020: 384 triangles, 768 vertices (merged 384 vertices).
2025-04-07 22:35:00 INFO  main [WavefrontOBJ] Done with "Mesh020.obj" (took 18 ms)
2025-04-07 22:35:00 INFO  main [WavefrontOBJ] Loading geometry from "Mesh017.obj" ..
2025-04-07 22:35:00 INFO  main [WavefrontOBJ] Mesh017: 3136 triangles, 1680 vertices (merged 7728 vertices).
2025-04-07 22:35:00 INFO  main [WavefrontOBJ] Done with "Mesh017.obj" (took 128 ms)
2025-04-07 22:35:00 INFO  main [WavefrontOBJ] Loading geometry from "Mesh024.obj" ..
2025-04-07 22:35:00 INFO  main [WavefrontOBJ] Mesh024: 34 triangles, 68 vertices (merged 34 vertices).
2025-04-07 22:35:00 INFO  main [WavefrontOBJ] Done with "Mesh024.obj" (took 4 ms)
2025-04-07 22:35:00 INFO  main [WavefrontOBJ] Loading geometry from "Mesh041.obj" ..
2025-04-07 22:35:00 INFO  main [WavefrontOBJ] Mesh041: 8 triangles, 16 vertices (merged 8 vertices).
2025-04-07 22:35:00 INFO  main [WavefrontOBJ] Done with "Mesh041.obj" (took 1 ms)
2025-04-07 22:35:00 INFO  main [WavefrontOBJ] Loading geometry from "Mesh011.obj" ..
2025-04-07 22:35:01 INFO  main [WavefrontOBJ] Mesh011: 8992 triangles, 4544 vertices (merged 22432 vertices).
2025-04-07 22:35:01 INFO  main [WavefrontOBJ] Done with "Mesh011.obj" (took 354 ms)
2025-04-07 22:35:01 INFO  main [WavefrontOBJ] Loading geometry from "Mesh026.obj" ..
2025-04-07 22:35:01 INFO  main [WavefrontOBJ] Mesh026: 7624 triangles, 4070 vertices (merged 18802 vertices).
2025-04-07 22:35:01 INFO  main [WavefrontOBJ] Done with "Mesh026.obj" (took 429 ms)
2025-04-07 22:35:01 INFO  main [WavefrontOBJ] Loading geometry from "Mesh018.obj" ..
2025-04-07 22:35:01 INFO  main [WavefrontOBJ] Mesh018: 2016 triangles, 1260 vertices (merged 4788 vertices).
2025-04-07 22:35:01 INFO  main [WavefrontOBJ] Done with "Mesh018.obj" (took 130 ms)
2025-04-07 22:35:01 INFO  main [WavefrontOBJ] Loading geometry from "Mesh007.obj" ..
2025-04-07 22:35:02 INFO  main [WavefrontOBJ] Mesh007: 4352 triangles, 2178 vertices (merged 10878 vertices).
2025-04-07 22:35:02 INFO  main [WavefrontOBJ] Done with "Mesh007.obj" (took 270 ms)
2025-04-07 22:35:02 INFO  main [WavefrontOBJ] Loading geometry from "Mesh005.obj" ..
2025-04-07 22:35:02 INFO  main [WavefrontOBJ] Mesh005: 160 triangles, 144 vertices (merged 336 vertices).
2025-04-07 22:35:02 INFO  main [WavefrontOBJ] Done with "Mesh005.obj" (took 17 ms)
2025-04-07 22:35:02 INFO  main [WavefrontOBJ] Loading geometry from "Mesh019.obj" ..
2025-04-07 22:35:02 INFO  main [WavefrontOBJ] Mesh019: 560 triangles, 400 vertices (merged 1280 vertices).
2025-04-07 22:35:02 INFO  main [WavefrontOBJ] Done with "Mesh019.obj" (took 20 ms)
2025-04-07 22:35:02 INFO  main [WavefrontOBJ] Loading geometry from "Mesh021.obj" ..
2025-04-07 22:35:02 INFO  main [WavefrontOBJ] Mesh021: 720 triangles, 482 vertices (merged 1678 vertices).
2025-04-07 22:35:02 INFO  main [WavefrontOBJ] Done with "Mesh021.obj" (took 30 ms)
2025-04-07 22:35:02 INFO  main [WavefrontOBJ] Loading geometry from "Mesh037.obj" ..
2025-04-07 22:35:02 INFO  main [WavefrontOBJ] Mesh037: 7624 triangles, 4070 vertices (merged 18802 vertices).
2025-04-07 22:35:02 INFO  main [WavefrontOBJ] Done with "Mesh037.obj" (took 325 ms)
2025-04-07 22:35:02 INFO  main [WavefrontOBJ] Loading geometry from "Mesh004.obj" ..
2025-04-07 22:35:02 INFO  main [WavefrontOBJ] Mesh004: 2016 triangles, 1260 vertices (merged 4788 vertices).
2025-04-07 22:35:02 INFO  main [WavefrontOBJ] Done with "Mesh004.obj" (took 105 ms)
2025-04-07 22:35:02 INFO  main [WavefrontOBJ] Loading geometry from "Mesh014.obj" ..
2025-04-07 22:35:02 INFO  main [WavefrontOBJ] Mesh014: 160 triangles, 144 vertices (merged 336 vertices).
2025-04-07 22:35:02 INFO  main [WavefrontOBJ] Done with "Mesh014.obj" (took 15 ms)
2025-04-07 22:35:02 INFO  main [WavefrontOBJ] Loading geometry from "Mesh012.obj" ..
2025-04-07 22:35:02 INFO  main [WavefrontOBJ] Mesh012: 560 triangles, 400 vertices (merged 1280 vertices).
2025-04-07 22:35:02 INFO  main [WavefrontOBJ] Done with "Mesh012.obj" (took 54 ms)
2025-04-07 22:35:02 INFO  main [WavefrontOBJ] Loading geometry from "Mesh028.obj" ..
2025-04-07 22:35:02 INFO  main [WavefrontOBJ] Mesh028: 720 triangles, 482 vertices (merged 1678 vertices).
2025-04-07 22:35:02 INFO  main [WavefrontOBJ] Done with "Mesh028.obj" (took 38 ms)
2025-04-07 22:35:02 INFO  main [WavefrontOBJ] Loading geometry from "Mesh025.obj" ..
2025-04-07 22:35:02 INFO  main [WavefrontOBJ] Mesh025: 4352 triangles, 2178 vertices (merged 10878 vertices).
2025-04-07 22:35:02 INFO  main [WavefrontOBJ] Done with "Mesh025.obj" (took 181 ms)
2025-04-07 22:35:02 INFO  main [WavefrontOBJ] Loading geometry from "Mesh008.obj" ..
2025-04-07 22:35:03 INFO  main [WavefrontOBJ] Mesh008: 6320 triangles, 3270 vertices (merged 15690 vertices).
2025-04-07 22:35:03 INFO  main [WavefrontOBJ] Done with "Mesh008.obj" (took 243 ms)
2025-04-07 22:35:03 INFO  main [WavefrontOBJ] Loading geometry from "Mesh032.obj" ..
2025-04-07 22:35:03 INFO  main [WavefrontOBJ] Mesh032: 13248 triangles, 6686 vertices (merged 33058 vertices).
2025-04-07 22:35:03 INFO  main [WavefrontOBJ] Done with "Mesh032.obj" (took 559 ms)
2025-04-07 22:35:03 INFO  main [WavefrontOBJ] Loading geometry from "Mesh035.obj" ..
2025-04-07 22:35:04 INFO  main [WavefrontOBJ] Mesh035: 14480 triangles, 7404 vertices (merged 36036 vertices).
2025-04-07 22:35:04 INFO  main [WavefrontOBJ] Done with "Mesh035.obj" (took 639 ms)
2025-04-07 22:35:04 INFO  main [WavefrontOBJ] Loading geometry from "Mesh042.obj" ..
2025-04-07 22:35:04 INFO  main [WavefrontOBJ] Mesh042: 2320 triangles, 1492 vertices (merged 5468 vertices).
2025-04-07 22:35:04 INFO  main [WavefrontOBJ] Done with "Mesh042.obj" (took 123 ms)
2025-04-07 22:35:04 INFO  main [WavefrontOBJ] Loading geometry from "Mesh010.obj" ..
2025-04-07 22:35:05 INFO  main [WavefrontOBJ] Mesh010: 13248 triangles, 6686 vertices (merged 33058 vertices).
2025-04-07 22:35:05 INFO  main [WavefrontOBJ] Done with "Mesh010.obj" (took 553 ms)
2025-04-07 22:35:05 INFO  main [WavefrontOBJ] Loading geometry from "Mesh036.obj" ..
2025-04-07 22:35:05 INFO  main [WavefrontOBJ] Mesh036: 14480 triangles, 7404 vertices (merged 36036 vertices).
2025-04-07 22:35:05 INFO  main [WavefrontOBJ] Done with "Mesh036.obj" (took 765 ms)
2025-04-07 22:35:05 INFO  main [WavefrontOBJ] Loading geometry from "Mesh027.obj" ..
2025-04-07 22:35:05 INFO  main [WavefrontOBJ] Mesh027: 2320 triangles, 1492 vertices (merged 5468 vertices).
2025-04-07 22:35:05 INFO  main [WavefrontOBJ] Done with "Mesh027.obj" (took 138 ms)
2025-04-07 22:35:06 INFO  main [WavefrontOBJ] Loading geometry from "Mesh043.obj" ..
2025-04-07 22:35:06 INFO  main [WavefrontOBJ] Mesh043: 13248 triangles, 6686 vertices (merged 33058 vertices).
2025-04-07 22:35:06 INFO  main [WavefrontOBJ] Done with "Mesh043.obj" (took 545 ms)
2025-04-07 22:35:06 INFO  main [WavefrontOBJ] Loading geometry from "Mesh044.obj" ..
2025-04-07 22:35:07 INFO  main [WavefrontOBJ] Mesh044: 14480 triangles, 7404 vertices (merged 36036 vertices).
2025-04-07 22:35:07 INFO  main [WavefrontOBJ] Done with "Mesh044.obj" (took 648 ms)
2025-04-07 22:35:07 INFO  main [WavefrontOBJ] Loading geometry from "Mesh031.obj" ..
2025-04-07 22:35:07 INFO  main [WavefrontOBJ] Mesh031: 2320 triangles, 1492 vertices (merged 5468 vertices).
2025-04-07 22:35:07 INFO  main [WavefrontOBJ] Done with "Mesh031.obj" (took 102 ms)
2025-04-07 22:35:07 INFO  main [WavefrontOBJ] Loading geometry from "Mesh022.obj" ..
2025-04-07 22:35:08 INFO  main [WavefrontOBJ] Mesh022: 13248 triangles, 6686 vertices (merged 33058 vertices).
2025-04-07 22:35:08 INFO  main [WavefrontOBJ] Done with "Mesh022.obj" (took 736 ms)
2025-04-07 22:35:08 INFO  main [WavefrontOBJ] Loading geometry from "Mesh038.obj" ..
2025-04-07 22:35:08 INFO  main [WavefrontOBJ] Mesh038: 14480 triangles, 7404 vertices (merged 36036 vertices).
2025-04-07 22:35:08 INFO  main [WavefrontOBJ] Done with "Mesh038.obj" (took 680 ms)
2025-04-07 22:35:08 INFO  main [WavefrontOBJ] Loading geometry from "Mesh030.obj" ..
2025-04-07 22:35:09 INFO  main [WavefrontOBJ] Mesh030: 2320 triangles, 1492 vertices (merged 5468 vertices).
2025-04-07 22:35:09 INFO  main [WavefrontOBJ] Done with "Mesh030.obj" (took 204 ms)
2025-04-07 22:35:09 INFO  main [WavefrontOBJ] Loading geometry from "Mesh046.obj" ..
2025-04-07 22:35:09 INFO  main [WavefrontOBJ] Mesh046: 13248 triangles, 6686 vertices (merged 33058 vertices).
2025-04-07 22:35:09 INFO  main [WavefrontOBJ] Done with "Mesh046.obj" (took 665 ms)
2025-04-07 22:35:09 INFO  main [WavefrontOBJ] Loading geometry from "Mesh047.obj" ..
2025-04-07 22:35:10 INFO  main [WavefrontOBJ] Mesh047: 14480 triangles, 7404 vertices (merged 36036 vertices).
2025-04-07 22:35:10 INFO  main [WavefrontOBJ] Done with "Mesh047.obj" (took 650 ms)
2025-04-07 22:35:10 INFO  main [WavefrontOBJ] Loading geometry from "Mesh034.obj" ..
2025-04-07 22:35:10 INFO  main [WavefrontOBJ] Mesh034: 2320 triangles, 1492 vertices (merged 5468 vertices).
2025-04-07 22:35:10 INFO  main [WavefrontOBJ] Done with "Mesh034.obj" (took 115 ms)
2025-04-07 22:35:10 INFO  main [WavefrontOBJ] Loading geometry from "Mesh033.obj" ..
2025-04-07 22:35:10 INFO  main [WavefrontOBJ] Mesh033: 44 triangles, 96 vertices (merged 36 vertices).
2025-04-07 22:35:10 INFO  main [WavefrontOBJ] Done with "Mesh033.obj" (took 20 ms)
2025-04-07 22:35:10 INFO  main [WavefrontOBJ] Loading geometry from "Mesh006.obj" ..
2025-04-07 22:35:10 INFO  main [WavefrontOBJ] Mesh006: 4 triangles, 6 vertices (merged 6 vertices).
2025-04-07 22:35:10 INFO  main [WavefrontOBJ] Done with "Mesh006.obj" (took 1 ms)
2025-04-07 22:35:10 INFO  main [WavefrontOBJ] Loading geometry from "Mesh048.obj" ..
2025-04-07 22:35:10 INFO  main [WavefrontOBJ] Mesh048: 30 triangles, 38 vertices (merged 52 vertices).
2025-04-07 22:35:10 INFO  main [WavefrontOBJ] Done with "Mesh048.obj" (took 10 ms)
2025-04-07 22:35:10 INFO  main [WavefrontOBJ] Loading geometry from "Mesh049.obj" ..
2025-04-07 22:35:11 INFO  main [WavefrontOBJ] Mesh049: 13248 triangles, 6686 vertices (merged 33058 vertices).
2025-04-07 22:35:11 INFO  main [WavefrontOBJ] Done with "Mesh049.obj" (took 597 ms)
2025-04-07 22:35:11 INFO  main [WavefrontOBJ] Loading geometry from "Mesh051.obj" ..
2025-04-07 22:35:11 INFO  main [WavefrontOBJ] Mesh051: 14480 triangles, 7404 vertices (merged 36036 vertices).
2025-04-07 22:35:11 INFO  main [WavefrontOBJ] Done with "Mesh051.obj" (took 531 ms)
2025-04-07 22:35:11 INFO  main [WavefrontOBJ] Loading geometry from "Mesh040.obj" ..
2025-04-07 22:35:11 INFO  main [WavefrontOBJ] Mesh040: 2320 triangles, 1492 vertices (merged 5468 vertices).
2025-04-07 22:35:11 INFO  main [WavefrontOBJ] Done with "Mesh040.obj" (took 84 ms)
2025-04-07 22:35:11 INFO  main [WavefrontOBJ] Loading geometry from "Mesh003.obj" ..
2025-04-07 22:35:12 INFO  main [WavefrontOBJ] Mesh003: 18176 triangles, 9150 vertices (merged 45378 vertices).
2025-04-07 22:35:12 INFO  main [WavefrontOBJ] Done with "Mesh003.obj" (took 758 ms)
2025-04-07 22:35:12 INFO  main [WavefrontOBJ] Loading geometry from "Mesh002.obj" ..
2025-04-07 22:35:12 INFO  main [WavefrontOBJ] Mesh002: 7624 triangles, 4070 vertices (merged 18802 vertices).
2025-04-07 22:35:12 INFO  main [WavefrontOBJ] Done with "Mesh002.obj" (took 360 ms)
2025-04-07 22:35:12 INFO  main [WavefrontOBJ] Loading geometry from "Mesh009.obj" ..
2025-04-07 22:35:12 INFO  main [WavefrontOBJ] Mesh009: 2016 triangles, 1260 vertices (merged 4788 vertices).
2025-04-07 22:35:12 INFO  main [WavefrontOBJ] Done with "Mesh009.obj" (took 89 ms)
2025-04-07 22:35:13 INFO  main [WavefrontOBJ] Loading geometry from "Mesh045.obj" ..
2025-04-07 22:35:13 INFO  main [WavefrontOBJ] Mesh045: 4352 triangles, 2178 vertices (merged 10878 vertices).
2025-04-07 22:35:13 INFO  main [WavefrontOBJ] Done with "Mesh045.obj" (took 178 ms)
2025-04-07 22:35:13 INFO  main [WavefrontOBJ] Loading geometry from "Mesh029.obj" ..
2025-04-07 22:35:13 INFO  main [WavefrontOBJ] Mesh029: 160 triangles, 144 vertices (merged 336 vertices).
2025-04-07 22:35:13 INFO  main [WavefrontOBJ] Done with "Mesh029.obj" (took 21 ms)
2025-04-07 22:35:13 INFO  main [WavefrontOBJ] Loading geometry from "Mesh039.obj" ..
2025-04-07 22:35:13 INFO  main [WavefrontOBJ] Mesh039: 560 triangles, 400 vertices (merged 1280 vertices).
2025-04-07 22:35:13 INFO  main [WavefrontOBJ] Done with "Mesh039.obj" (took 21 ms)
2025-04-07 22:35:13 INFO  main [WavefrontOBJ] Loading geometry from "Mesh050.obj" ..
2025-04-07 22:35:13 INFO  main [WavefrontOBJ] Mesh050: 720 triangles, 482 vertices (merged 1678 vertices).
2025-04-07 22:35:13 INFO  main [WavefrontOBJ] Done with "Mesh050.obj" (took 38 ms)
2025-04-07 22:35:13 INFO  main [WavefrontOBJ] Loading geometry from "Mesh001.obj" ..
2025-04-07 22:35:13 INFO  main [WavefrontOBJ] Mesh001: 170 triangles, 340 vertices (merged 170 vertices).
2025-04-07 22:35:13 INFO  main [WavefrontOBJ] Done with "Mesh001.obj" (took 28 ms)
2025-04-07 22:35:13 INFO  main [WavefrontOBJ] Loading geometry from "Mesh000.obj" ..
2025-04-07 22:35:13 INFO  main [WavefrontOBJ] Mesh000: 22 triangles, 44 vertices (merged 22 vertices).
2025-04-07 22:35:13 INFO  main [WavefrontOBJ] Done with "Mesh000.obj" (took 3 ms)
2025-04-07 22:35:13 INFO  main [PluginManager] Loading plugin "plugins/rectangle.so" ..
2025-04-07 22:35:13 INFO  ren0 [KDTreeBase] Constructing a SAH kd-tree (321251 primitives) ..
2025-04-07 22:35:30 INFO  ren0 [KDTreeBase] Finished -- took 17290 ms.
2025-04-07 22:35:31 INFO  ren0 [PMMFocalGuidingIntegrator] Starting preprocess
2025-04-07 22:35:31 INFO  ren0 [octree.h:482] root weight: 8.000e-20 (0.000000)
2025-04-07 22:35:31 INFO  ren0 [octree.h:483] splitting threshold: 8.000e-23 (0.000000)
2025-04-07 22:35:31 INFO  ren0 [octree.h:498] node count: 1 -> 585 -> 585

2025-04-07 22:35:31 INFO  ren0 [octree.h:482] root weight: 4.096e-17 (0.000000)
2025-04-07 22:35:31 INFO  ren0 [octree.h:483] splitting threshold: 4.096e-20 (0.000000)
2025-04-07 22:35:31 INFO  ren0 [octree.h:498] node count: 585 -> 585 -> 585

2025-04-07 22:35:31 INFO  ren0 [octree.h:482] root weight: 8.000e-20 (0.000000)
2025-04-07 22:35:31 INFO  ren0 [octree.h:483] splitting threshold: 8.000e-23 (0.000000)
2025-04-07 22:35:31 INFO  ren0 [octree.h:498] node count: 1 -> 585 -> 585

2025-04-07 22:35:31 INFO  ren0 [octree.h:482] root weight: 4.096e-17 (0.000000)
2025-04-07 22:35:31 INFO  ren0 [octree.h:483] splitting threshold: 4.096e-20 (0.000000)
2025-04-07 22:35:31 INFO  ren0 [octree.h:498] node count: 585 -> 585 -> 585

2025-04-07 22:35:31 INFO  ren0 [PMMFocalGuidingIntegrator] Octree[
AABB: AABB3[min=[-6.3658, -1.5274, -4.73046], max=[5.27597, 8.04131, 10.0598]]
Nodes count: 585
]
2025-04-07 22:35:31 INFO  ren0 [PMMFocalGuidingIntegrator] Octree[
AABB: AABB3[min=[-6.3658, -1.5274, -4.73046], max=[5.27597, 8.04131, 10.0598]]
Nodes count: 585
]
2025-04-07 22:35:31 INFO  ren0 [PMMFocalGuidingIntegrator] GMM[
]
2025-04-07 22:35:31 INFO  ren0 [PMMFocalGuidingIntegrator] Starting training... (8) iterations
2025-04-07 22:35:31 INFO  ren0 [PMMFocalGuidingIntegrator] Rendering 0 iteration
2025-04-07 22:35:31 INFO  ren0 [SamplingIntegrator] Starting render job (1280x720, 4 samples, 8 cores, SSE2 enabled) ..
2025-04-07 22:39:26 INFO  ren0 [PMMFocalGuidingIntegrator] iteration render time: 3.9127m
2025-04-07 22:39:26 INFO  ren0 [PMMFocalGuidingIntegrator] Got 1328101 non-zero samples
2025-04-07 22:39:26 INFO  ren0 [gaussian_mixture_model.h:623] Starting batch processing in parallel
2025-04-07 22:39:27 INFO  ren0 [gaussian_mixture_model.h:425] Random
2025-04-07 22:39:27 INFO  ren0 [gaussian_mixture_model.h:491] Starting initialization using random value from the first batch
2025-04-07 22:39:27 INFO  ren0 [gaussian_mixture_model.h:504] Initialized using random value from the first batch
2025-04-07 22:39:27 INFO  ren0 [gaussian_mixture_model.h:646] Finished component cache
2025-04-07 22:40:13 INFO  ren0 [gaussian_mixture_model.h:684] Finish E step
2025-04-07 22:40:57 INFO  ren0 [gaussian_component.h:47] prior mean: [-3.0041 3.02756 -4.5382] prior covaraince: [[1 0 0][0 1 0][0 0 1]] N: 0
2025-04-07 22:40:57 INFO  ren0 [gaussian_component.h:47] prior mean: [1.55215 7.32437 7.20772] prior covaraince: [[1 0 0][0 1 0][0 0 1]] N: 0
2025-04-07 22:40:57 INFO  ren0 [gaussian_component.h:47] prior mean: [-3.07201 7.0879 0.100451] prior covaraince: [[1 0 0][0 1 0][0 0 1]] N: 0
2025-04-07 22:40:57 INFO  ren0 [gaussian_component.h:47] prior mean: [4.40099 -1.07351 9.59758] prior covaraince: [[1 0 0][0 1 0][0 0 1]] N: 0
2025-04-07 22:40:57 INFO  ren0 [gaussian_component.h:47] prior mean: [0.424514 6.60029 -3.94376] prior covaraince: [[1 0 0][0 1 0][0 0 1]] N: 0
2025-04-07 22:40:57 INFO  ren0 [gaussian_component.h:47] prior mean: [-5.05165 6.05826 0.920555] prior covaraince: [[1 0 0][0 1 0][0 0 1]] N: 0
2025-04-07 22:40:57 INFO  ren0 [gaussian_component.h:47] prior mean: [-5.33809 1.20401 0.267418] prior covaraince: [[1 0 0][0 1 0][0 0 1]] N: 0
2025-04-07 22:40:57 INFO  ren0 [gaussian_component.h:47] prior mean: [0.415469 3.05437 -4.46763] prior covaraince: [[1 0 0][0 1 0][0 0 1]] N: 0
2025-04-07 22:40:57 INFO  ren0 [gaussian_component.h:47] prior mean: [0.734125 3.71989 -1.20505] prior covaraince: [[1 0 0][0 1 0][0 0 1]] N: 0
2025-04-07 22:40:57 INFO  ren0 [gaussian_component.h:47] prior mean: [-2.21141 7.0111 1.71164] prior covaraince: [[1 0 0][0 1 0][0 0 1]] N: 0
2025-04-07 22:40:57 INFO  ren0 [gaussian_component.h:47] prior mean: [3.52348 6.22162 -2.86251] prior covaraince: [[1 0 0][0 1 0][0 0 1]] N: 0
2025-04-07 22:40:57 INFO  ren0 [gaussian_component.h:47] prior mean: [-5.47315 1.347 4.57653] prior covaraince: [[1 0 0][0 1 0][0 0 1]] N: 0
2025-04-07 22:40:57 INFO  ren0 [gaussian_component.h:47] prior mean: [-5.57271 5.17548 -1.65053] prior covaraince: [[1 0 0][0 1 0][0 0 1]] N: 0
2025-04-07 22:40:57 INFO  ren0 [gaussian_component.h:47] prior mean: [-4.88545 3.92402 1.72468] prior covaraince: [[1 0 0][0 1 0][0 0 1]] N: 0
2025-04-07 22:40:57 INFO  ren0 [gaussian_component.h:47] prior mean: [1.90519 2.35989 -0.388252] prior covaraince: [[1 0 0][0 1 0][0 0 1]] N: 0
2025-04-07 22:40:57 INFO  ren0 [gaussian_component.h:47] prior mean: [1.59056 3.82818 1.11846] prior covaraince: [[1 0 0][0 1 0][0 0 1]] N: 0
2025-04-07 22:40:57 INFO  ren0 [gaussian_component.h:47] prior mean: [3.38352 1.02442 5.90002] prior covaraince: [[1 0 0][0 1 0][0 0 1]] N: 0
2025-04-07 22:40:57 INFO  ren0 [gaussian_component.h:47] prior mean: [1.49118 3.1941 -1.19461] prior covaraince: [[1 0 0][0 1 0][0 0 1]] N: 0
2025-04-07 22:40:57 INFO  ren0 [gaussian_component.h:47] prior mean: [-2.26373 2.95793 -2.57803] prior covaraince: [[1 0 0][0 1 0][0 0 1]] N: 0
2025-04-07 22:40:57 INFO  ren0 [gaussian_component.h:47] prior mean: [-2.80524 1.88992 -3.11727] prior covaraince: [[1 0 0][0 1 0][0 0 1]] N: 0
2025-04-07 22:40:57 INFO  ren0 [gaussian_mixture_model.h:177] sample count: 1328101
2025-04-07 22:40:57 INFO  ren0 [gaussian_mixture_model.h:239] components before the merge: 20
2025-04-07 22:40:57 INFO  ren0 [gaussian_mixture_model.h:258] components after the merge: 15, merged 5 component
2025-04-07 22:40:57 INFO  ren0 [gaussian_mixture_model.h:276] components after the split: 20, split 5 components
2025-04-07 22:40:57 INFO  ren0 [gaussian_mixture_model.h:706] Finish M step
2025-04-07 22:40:57 INFO  ren0 [octree.h:482] root weight: 9.207e+05 (920714.250000)
2025-04-07 22:40:57 INFO  ren0 [octree.h:483] splitting threshold: 9.207e+02 (920.714294)
2025-04-07 22:40:57 INFO  ren0 [octree.h:482] root weight: 2.102e+05 (210236.953125)
2025-04-07 22:40:57 INFO  ren0 [octree.h:483] splitting threshold: 2.102e+02 (210.236969)
2025-04-07 22:40:57 INFO  ren0 [octree.h:498] node count: 585 -> 589 -> 555

2025-04-07 22:40:57 INFO  ren0 [octree.h:498] node count: 585 -> 593 -> 295

2025-04-07 22:40:57 INFO  ren0 [PMMFocalGuidingIntegrator] diverge probability: 0.186

2025-04-07 22:40:57 INFO  ren0 [PMMFocalGuidingIntegrator] iteration postprocessing time: 1.5140m
2025-04-07 22:40:57 INFO  ren0 [PMMFocalGuidingIntegrator] GMM[
weight = 0.0108922 mean = [1.00678 0.816724 8.80973] covariance = [[4.13158 -0.648763 0.341385][-0.648763 2.72831 -0.293205][0.341385 -0.293205 0.849188]]
weight = 0.115342 mean = [0.8662 5.96756 7.29205] covariance = [[6.69289 1.19854 -1.25646][1.19854 3.50716 -0.610701][-1.25646 -0.610701 2.91717]]
weight = 0.010185 mean = [-5.11096 6.5256 3.04162] covariance = [[0.856906 -0.265681 -0.0922173][-0.265681 1.08829 0.293449][-0.0922173 0.293449 2.42533]]
weight = 0.0108922 mean = [3.75124 -0.286237 9.1611] covariance = [[4.13158 -0.648763 0.341385][-0.648763 2.72831 -0.293205][0.341385 -0.293205 0.849188]]
weight = 0.0210399 mean = [-0.248176 6.47645 -3.22609] covariance = [[2.28824 -0.0125393 -0.270617][-0.0125393 0.862519 0.0426362][-0.270617 0.0426362 1.45771]]
weight = 0.010185 mean = [-4.90988 6.03615 0.869073] covariance = [[0.856906 -0.265681 -0.0922173][-0.265681 1.08829 0.293449][-0.0922173 0.293449 2.42533]]
weight = 0.0477404 mean = [-4.23168 0.431043 0.287332] covariance = [[3.09524 -1.18715 0.690677][-1.18715 2.12893 -0.0744184][0.690677 -0.0744184 1.95831]]
weight = 0.014479 mean = [1.8193 0.946654 -3.55136] covariance = [[1.98345 -0.443757 0.0874682][-0.443757 2.31631 -0.329522][0.0874682 -0.329522 0.826311]]
weight = 0.014479 mean = [0.558214 2.84696 -3.94874] covariance = [[1.98345 -0.443757 0.0874682][-0.443757 2.31631 -0.329522][0.0874682 -0.329522 0.826311]]
weight = 0.0322533 mean = [-2.07826 6.38154 3.23718] covariance = [[2.28816 -0.29409 0.00462181][-0.29409 1.32937 -0.186042][0.00462181 -0.186042 3.42742]]
weight = 0.0262676 mean = [3.52889 6.16986 -2.12202] covariance = [[1.11134 -0.185726 0.00553938][-0.185726 1.88661 0.779639][0.00553938 0.779639 3.09747]]
weight = 0.123328 mean = [-3.90636 1.66543 6.42503] covariance = [[4.5895 -0.108337 2.68842][-0.108337 3.99269 1.57834][2.68842 1.57834 7.53962]]
weight = 0.0269798 mean = [-5.0477 5.24979 -2.40078] covariance = [[1.11556 0.133195 -0.296069][0.133195 1.83123 -0.471245][-0.296069 -0.471245 2.06723]]
weight = 0.0188895 mean = [-3.75634 4.11985 3.43681] covariance = [[2.33801 -0.762055 0.0530887][-0.762055 1.4029 0.367638][0.0530887 0.367638 1.72099]]
weight = 0.0322533 mean = [-2.14967 6.62127 0.624392] covariance = [[2.28816 -0.29409 0.00462181][-0.29409 1.32937 -0.186042][0.00462181 -0.186042 3.42742]]
weight = 0.0699204 mean = [1.56354 4.11696 2.27446] covariance = [[3.01364 1.31907 -0.190464][1.31907 3.18555 0.159093][-0.190464 0.159093 2.9873]]
weight = 0.127537 mean = [2.0593 1.33292 6.11554] covariance = [[5.28096 0.103756 -1.25643][0.103756 2.55284 0.81004][-1.25643 0.81004 3.40004]]
weight = 0.149328 mean = [1.65828 1.71388 -0.86768] covariance = [[3.23851 -1.41197 -0.476963][-1.41197 5.88552 -0.448673][-0.476963 -0.448673 2.37035]]
weight = 0.0188895 mean = [-4.32427 3.62637 1.6717] covariance = [[2.33801 -0.762055 0.0530887][-0.762055 1.4029 0.367638][0.0530887 0.367638 1.72099]]
weight = 0.119118 mean = [-2.60655 2.21352 -2.48702] covariance = [[1.77891 -0.0263456 0.489768][-0.0263456 3.85567 -0.097145][0.489768 -0.097145 1.83075]]
]
2025-04-07 22:40:57 INFO  ren0 [PMMFocalGuidingIntegrator] Octree[
AABB: AABB3[min=[-6.3658, -1.5274, -4.73046], max=[5.27597, 8.04131, 10.0598]]
Nodes count: 555
]
2025-04-07 22:40:57 INFO  ren0 [PMMFocalGuidingIntegrator] Octree[
AABB: AABB3[min=[-6.3658, -1.5274, -4.73046], max=[5.27597, 8.04131, 10.0598]]
Nodes count: 295
]
2025-04-07 22:40:57 INFO  ren0 [PMMFocalGuidingIntegrator] Rendering 1 iteration
2025-04-07 22:40:57 INFO  ren0 [SamplingIntegrator] Starting render job (1280x720, 4 samples, 8 cores, SSE2 enabled) ..
2025-04-07 22:46:31 INFO  ren0 [PMMFocalGuidingIntegrator] iteration render time: 5.5704m
2025-04-07 22:46:42 INFO  ren0 [PMMFocalGuidingIntegrator] Got 2146129 non-zero samples
2025-04-07 22:46:42 INFO  ren0 [gaussian_mixture_model.h:623] Starting batch processing in parallel
2025-04-07 22:46:42 INFO  ren0 [gaussian_mixture_model.h:646] Finished component cache
2025-04-07 22:47:56 INFO  ren0 [gaussian_mixture_model.h:684] Finish E step
2025-04-07 22:49:20 INFO  ren0 [gaussian_component.h:47] prior mean: [1.00678 0.816724 8.80973] prior covaraince: [[4.13158 -0.648763 0.341385][-0.648763 2.72831 -0.293205][0.341385 -0.293205 0.849188]] N: 1328101
2025-04-07 22:49:20 INFO  ren0 [gaussian_component.h:47] prior mean: [0.8662 5.96756 7.29205] prior covaraince: [[6.69289 1.19854 -1.25646][1.19854 3.50716 -0.610701][-1.25646 -0.610701 2.91717]] N: 1328101
2025-04-07 22:49:20 INFO  ren0 [gaussian_component.h:47] prior mean: [-5.11096 6.5256 3.04162] prior covaraince: [[0.856906 -0.265681 -0.0922173][-0.265681 1.08829 0.293449][-0.0922173 0.293449 2.42533]] N: 1328101
2025-04-07 22:49:20 INFO  ren0 [gaussian_component.h:47] prior mean: [3.75124 -0.286237 9.1611] prior covaraince: [[4.13158 -0.648763 0.341385][-0.648763 2.72831 -0.293205][0.341385 -0.293205 0.849188]] N: 1328101
2025-04-07 22:49:20 INFO  ren0 [gaussian_component.h:47] prior mean: [-0.248176 6.47645 -3.22609] prior covaraince: [[2.28824 -0.0125393 -0.270617][-0.0125393 0.862519 0.0426362][-0.270617 0.0426362 1.45771]] N: 1328101
2025-04-07 22:49:20 INFO  ren0 [gaussian_component.h:47] prior mean: [-4.90988 6.03615 0.869073] prior covaraince: [[0.856906 -0.265681 -0.0922173][-0.265681 1.08829 0.293449][-0.0922173 0.293449 2.42533]] N: 1328101
2025-04-07 22:49:20 INFO  ren0 [gaussian_component.h:47] prior mean: [-4.23168 0.431043 0.287332] prior covaraince: [[3.09524 -1.18715 0.690677][-1.18715 2.12893 -0.0744184][0.690677 -0.0744184 1.95831]] N: 1328101
2025-04-07 22:49:20 INFO  ren0 [gaussian_component.h:47] prior mean: [1.8193 0.946654 -3.55136] prior covaraince: [[1.98345 -0.443757 0.0874682][-0.443757 2.31631 -0.329522][0.0874682 -0.329522 0.826311]] N: 1328101
2025-04-07 22:49:20 INFO  ren0 [gaussian_component.h:47] prior mean: [0.558214 2.84696 -3.94874] prior covaraince: [[1.98345 -0.443757 0.0874682][-0.443757 2.31631 -0.329522][0.0874682 -0.329522 0.826311]] N: 1328101
2025-04-07 22:49:20 INFO  ren0 [gaussian_component.h:47] prior mean: [-2.07826 6.38154 3.23718] prior covaraince: [[2.28816 -0.29409 0.00462181][-0.29409 1.32937 -0.186042][0.00462181 -0.186042 3.42742]] N: 1328101
2025-04-07 22:49:20 INFO  ren0 [gaussian_component.h:47] prior mean: [3.52889 6.16986 -2.12202] prior covaraince: [[1.11134 -0.185726 0.00553938][-0.185726 1.88661 0.779639][0.00553938 0.779639 3.09747]] N: 1328101
2025-04-07 22:49:20 INFO  ren0 [gaussian_component.h:47] prior mean: [-3.90636 1.66543 6.42503] prior covaraince: [[4.5895 -0.108337 2.68842][-0.108337 3.99269 1.57834][2.68842 1.57834 7.53962]] N: 1328101
2025-04-07 22:49:20 INFO  ren0 [gaussian_component.h:47] prior mean: [-5.0477 5.24979 -2.40078] prior covaraince: [[1.11556 0.133195 -0.296069][0.133195 1.83123 -0.471245][-0.296069 -0.471245 2.06723]] N: 1328101
2025-04-07 22:49:20 INFO  ren0 [gaussian_component.h:47] prior mean: [-3.75634 4.11985 3.43681] prior covaraince: [[2.33801 -0.762055 0.0530887][-0.762055 1.4029 0.367638][0.0530887 0.367638 1.72099]] N: 1328101
2025-04-07 22:49:20 INFO  ren0 [gaussian_component.h:47] prior mean: [-2.14967 6.62127 0.624392] prior covaraince: [[2.28816 -0.29409 0.00462181][-0.29409 1.32937 -0.186042][0.00462181 -0.186042 3.42742]] N: 1328101
2025-04-07 22:49:20 INFO  ren0 [gaussian_component.h:47] prior mean: [1.56354 4.11696 2.27446] prior covaraince: [[3.01364 1.31907 -0.190464][1.31907 3.18555 0.159093][-0.190464 0.159093 2.9873]] N: 1328101
2025-04-07 22:49:20 INFO  ren0 [gaussian_component.h:47] prior mean: [2.0593 1.33292 6.11554] prior covaraince: [[5.28096 0.103756 -1.25643][0.103756 2.55284 0.81004][-1.25643 0.81004 3.40004]] N: 1328101
2025-04-07 22:49:20 INFO  ren0 [gaussian_component.h:47] prior mean: [1.65828 1.71388 -0.86768] prior covaraince: [[3.23851 -1.41197 -0.476963][-1.41197 5.88552 -0.448673][-0.476963 -0.448673 2.37035]] N: 1328101
2025-04-07 22:49:20 INFO  ren0 [gaussian_component.h:47] prior mean: [-4.32427 3.62637 1.6717] prior covaraince: [[2.33801 -0.762055 0.0530887][-0.762055 1.4029 0.367638][0.0530887 0.367638 1.72099]] N: 1328101
2025-04-07 22:49:20 INFO  ren0 [gaussian_component.h:47] prior mean: [-2.60655 2.21352 -2.48702] prior covaraince: [[1.77891 -0.0263456 0.489768][-0.0263456 3.85567 -0.097145][0.489768 -0.097145 1.83075]] N: 1328101
2025-04-07 22:49:20 INFO  ren0 [gaussian_mixture_model.h:177] sample count: 2146129
2025-04-07 22:49:20 INFO  ren0 [gaussian_mixture_model.h:239] components before the merge: 20
2025-04-07 22:49:20 INFO  ren0 [gaussian_mixture_model.h:258] components after the merge: 10, merged 10 component
2025-04-07 22:49:20 INFO  ren0 [gaussian_mixture_model.h:276] components after the split: 15, split 5 components
2025-04-07 22:49:20 INFO  ren0 [gaussian_mixture_model.h:706] Finish M step
2025-04-07 22:49:20 INFO  ren0 [octree.h:482] root weight: 7.125e+06 (7124961.000000)
2025-04-07 22:49:20 INFO  ren0 [octree.h:483] splitting threshold: 7.125e+03 (7124.961426)
2025-04-07 22:49:20 INFO  ren0 [octree.h:482] root weight: 2.217e+05 (221735.078125)
2025-04-07 22:49:20 INFO  ren0 [octree.h:483] splitting threshold: 2.217e+02 (221.735092)
2025-04-07 22:49:20 INFO  ren0 [octree.h:498] node count: 555 -> 774 -> 296

2025-04-07 22:49:20 INFO  ren0 [octree.h:498] node count: 295 -> 295 -> 225

2025-04-07 22:49:20 INFO  ren0 [PMMFocalGuidingIntegrator] diverge probability: 0.030

2025-04-07 22:49:20 INFO  ren0 [PMMFocalGuidingIntegrator] iteration postprocessing time: 2.8173m
2025-04-07 22:49:20 INFO  ren0 [PMMFocalGuidingIntegrator] GMM[
weight = 0.00285276 mean = [1.72367 0.630094 8.84361] covariance = [[1.49425 0.270929 0.0226475][0.270929 2.24695 -0.137497][0.0226475 -0.137497 0.689352]]
weight = 0.0607728 mean = [0.706177 5.8003 7.29789] covariance = [[7.61744 0.720201 -1.12902][0.720201 2.86478 -0.396544][-1.12902 -0.396544 2.84027]]
weight = 0.0053722 mean = [-5.06879 6.507 3.17755] covariance = [[0.779936 -0.24537 -0.0720829][-0.24537 1.02757 0.235843][-0.0720829 0.235843 2.33745]]
weight = 0.00285276 mean = [3.98571 -0.0706031 9.04772] covariance = [[1.49425 0.270929 0.0226475][0.270929 2.24695 -0.137497][0.0226475 -0.137497 0.689352]]
weight = 0.0173002 mean = [-2.20752 6.43627 3.08442] covariance = [[2.74587 -0.647335 -0.0228869][-0.647335 1.55659 0.0229726][-0.0228869 0.0229726 3.14597]]
weight = 0.0053722 mean = [-4.9116 6.10693 1.0354] covariance = [[0.779936 -0.24537 -0.0720829][-0.24537 1.02757 0.235843][-0.0720829 0.235843 2.33745]]
weight = 0.0247318 mean = [-4.01966 0.410559 0.366595] covariance = [[2.92767 -0.878728 0.922569][-0.878728 1.80517 -0.0713857][0.922569 -0.0713857 2.36588]]
weight = 0.00285276 mean = [2.3862 0.424865 8.90339] covariance = [[1.49425 0.270929 0.0226475][0.270929 2.24695 -0.137497][0.0226475 -0.137497 0.689352]]
weight = 0.00285276 mean = [0.124161 1.12556 8.69928] covariance = [[1.49425 0.270929 0.0226475][0.270929 2.24695 -0.137497][0.0226475 -0.137497 0.689352]]
weight = 0.0655354 mean = [-3.81836 1.67363 6.42915] covariance = [[3.64482 -0.282122 1.48826][-0.282122 4.11118 1.24439][1.48826 1.24439 6.10288]]
weight = 0.0143331 mean = [-5.03041 5.25969 -2.43717] covariance = [[0.976186 0.0931516 -0.116995][0.0931516 1.98491 -0.446767][-0.116995 -0.446767 1.90603]]
weight = 0.0173002 mean = [-1.66645 6.18184 0.645283] covariance = [[2.74587 -0.647335 -0.0228869][-0.647335 1.55659 0.0229726][-0.0228869 0.0229726 3.14597]]
weight = 0.0674794 mean = [1.91931 1.3224 6.05989] covariance = [[4.92688 0.255594 -1.0618][0.255594 2.60286 0.819449][-1.0618 0.819449 3.7453]]
weight = 0.0200117 mean = [-3.8304 3.78395 2.56615] covariance = [[2.42316 -0.732624 0.217669][-0.732624 1.49571 0.634407][0.217669 0.634407 2.74624]]
weight = 0.69038 mean = [1.0089 3.07067 -1.5469] covariance = [[3.09842 -0.586776 0.685118][-0.586776 5.2536 -1.17865][0.685118 -1.17865 3.2656]]
]
2025-04-07 22:49:20 INFO  ren0 [PMMFocalGuidingIntegrator] Octree[
AABB: AABB3[min=[-6.3658, -1.5274, -4.73046], max=[5.27597, 8.04131, 10.0598]]
Nodes count: 296
]
