2025-05-19 10:51:19 INFO  main [mitsuba.cpp:274] Mitsuba version 0.6.0 (Linux, 64 bit), Copyright (c) 2017 Wenzel Jakob
2025-05-19 10:51:19 INFO  main [mitsuba.cpp:377] Parsing scene description from "scene/modern-living-room/modern-living-room.xml" ..
2025-05-19 10:51:19 INFO  main [scenehandler.cpp:675] In file "/mitsuba/scene/modern-living-room/modern-living-room.xml" (near line 13): Parsing included file "pmm_focal_recursive.xml" ..
2025-05-19 10:51:19 INFO  main [PluginManager] Loading plugin "plugins/pmm_focal_recursive.so" ..
2025-05-19 10:51:19 INFO  main [octree.h:535] root weight: 8.000e-20 (0.000000)
2025-05-19 10:51:19 INFO  main [octree.h:536] splitting threshold: 8.000e-23 (0.000000)
2025-05-19 10:51:19 INFO  main [octree.h:551] node count: 1 -> 585 -> 585

2025-05-19 10:51:19 INFO  main [octree.h:535] root weight: 8.000e-20 (0.000000)
2025-05-19 10:51:19 INFO  main [octree.h:536] splitting threshold: 8.000e-23 (0.000000)
2025-05-19 10:51:19 INFO  main [octree.h:551] node count: 1 -> 585 -> 585

2025-05-19 10:51:19 INFO  main [MIFocalGuidingPathTracer] Final render will have 32 spp, m_budget will not be taken into account.
2025-05-19 10:51:19 INFO  main [MIFocalGuidingPathTracer] budget: 6000
2025-05-19 10:51:19 INFO  main [MIFocalGuidingPathTracer] dumpPrimaryRays: false
2025-05-19 10:51:19 INFO  main [MIFocalGuidingPathTracer] dumpScene: false
2025-05-19 10:51:19 INFO  main [MIFocalGuidingPathTracer] finalSpp: 32
2025-05-19 10:51:19 INFO  main [MIFocalGuidingPathTracer] gmm.alpha: 0.4
2025-05-19 10:51:19 INFO  main [MIFocalGuidingPathTracer] gmm.initMethod: KMeans
2025-05-19 10:51:19 INFO  main [MIFocalGuidingPathTracer] gmm.maxNumComp: 10
2025-05-19 10:51:19 INFO  main [MIFocalGuidingPathTracer] gmm.mergingThreshold: 0.65
2025-05-19 10:51:19 INFO  main [MIFocalGuidingPathTracer] gmm.minNumComp: 3
2025-05-19 10:51:19 INFO  main [MIFocalGuidingPathTracer] gmm.splittingThreshold: 100
2025-05-19 10:51:19 INFO  main [MIFocalGuidingPathTracer] iterationBudget: 10
2025-05-19 10:51:19 INFO  main [MIFocalGuidingPathTracer] iterationCount: 15
2025-05-19 10:51:19 INFO  main [MIFocalGuidingPathTracer] maxDepth: 40
2025-05-19 10:51:19 INFO  main [MIFocalGuidingPathTracer] minSamplesToStartFitting: 10
2025-05-19 10:51:19 INFO  main [MIFocalGuidingPathTracer] normalBinning: disabled
2025-05-19 10:51:19 INFO  main [MIFocalGuidingPathTracer] renderMaxSeconds: 36000
2025-05-19 10:51:19 INFO  main [MIFocalGuidingPathTracer] rrDepth: 14
2025-05-19 10:51:19 INFO  main [MIFocalGuidingPathTracer] samplingMode: 2
2025-05-19 10:51:19 INFO  main [MIFocalGuidingPathTracer] strictNormals: true
2025-05-19 10:51:19 INFO  main [MIFocalGuidingPathTracer] trainingSamples: 4
2025-05-19 10:51:19 INFO  main [MIFocalGuidingPathTracer] tree.threshold: 0.001
2025-05-19 10:51:19 INFO  main [MIFocalGuidingPathTracer] unboundedSplatting: true
2025-05-19 10:51:19 INFO  main [PluginManager] Loading plugin "plugins/independent.so" ..
2025-05-19 10:51:19 INFO  main [PluginManager] Loading plugin "plugins/box.so" ..
2025-05-19 10:51:19 INFO  main [PluginManager] Loading plugin "plugins/hdrfilm.so" ..
2025-05-19 10:51:19 INFO  main [PluginManager] Loading plugin "plugins/perspective.so" ..
2025-05-19 10:51:19 INFO  main [PluginManager] Loading plugin "plugins/bitmap.so" ..
2025-05-19 10:51:19 INFO  main [BitmapTexture] Loading texture "Abstract.jpg"
2025-05-19 10:51:19 INFO  main [PluginManager] Loading plugin "plugins/lanczos.so" ..
2025-05-19 10:51:19 INFO  main [PluginManager] Loading plugin "plugins/diffuse.so" ..
2025-05-19 10:51:19 INFO  main [PluginManager] Loading plugin "plugins/twosided.so" ..
2025-05-19 10:51:19 INFO  main [BitmapTexture] Loading texture "WoodFloor.jpg"
2025-05-19 10:51:19 INFO  main [MIPMap] Generating MIP map cache file "/mitsuba/scene/modern-living-room/textures/WoodFloor.mip" ..
2025-05-19 10:51:19 INFO  main [PluginManager] Loading plugin "plugins/roughplastic.so" ..
2025-05-19 10:51:19 INFO  main [PluginManager] Loading plugin "plugins/dielectric.so" ..
2025-05-19 10:51:19 INFO  main [PluginManager] Loading plugin "plugins/roughconductor.so" ..
2025-05-19 10:51:19 INFO  main [spectrum.cpp:599] "Cu.eta.spd": loaded a spectral power distribution with 55 entries (between 302.400421 and 885.601257 nm)
2025-05-19 10:51:19 INFO  main [spectrum.cpp:599] "Cu.k.spd": loaded a spectral power distribution with 55 entries (between 302.400421 and 885.601257 nm)
2025-05-19 10:51:19 INFO  main [BitmapTexture] Loading texture "Fabric.jpg"
2025-05-19 10:51:19 INFO  main [PluginManager] Loading plugin "plugins/obj.so" ..
2025-05-19 10:51:19 INFO  main [WavefrontOBJ] Loading geometry from "Mesh019.obj" ..
2025-05-19 10:51:19 INFO  main [WavefrontOBJ] Mesh019: 22528 triangles, 11268 vertices (merged 56316 vertices).
2025-05-19 10:51:19 INFO  main [WavefrontOBJ] Done with "Mesh019.obj" (took 49 ms)
2025-05-19 10:51:19 INFO  main [WavefrontOBJ] Loading geometry from "Mesh033.obj" ..
2025-05-19 10:51:19 INFO  main [WavefrontOBJ] Mesh033: 22528 triangles, 11268 vertices (merged 56316 vertices).
2025-05-19 10:51:19 INFO  main [WavefrontOBJ] Done with "Mesh033.obj" (took 48 ms)
2025-05-19 10:51:19 INFO  main [WavefrontOBJ] Loading geometry from "Mesh020.obj" ..
2025-05-19 10:51:19 INFO  main [WavefrontOBJ] Mesh020: 6784 triangles, 3425 vertices (merged 16927 vertices).
2025-05-19 10:51:19 INFO  main [WavefrontOBJ] Done with "Mesh020.obj" (took 14 ms)
2025-05-19 10:51:19 INFO  main [WavefrontOBJ] Loading geometry from "Mesh016.obj" ..
2025-05-19 10:51:19 INFO  main [WavefrontOBJ] Mesh016: 18944 triangles, 9537 vertices (merged 47295 vertices).
2025-05-19 10:51:19 INFO  main [WavefrontOBJ] Done with "Mesh016.obj" (took 40 ms)
2025-05-19 10:51:19 INFO  main [WavefrontOBJ] Loading geometry from "Mesh017.obj" ..
2025-05-19 10:51:19 INFO  main [WavefrontOBJ] Mesh017: 4864 triangles, 2434 vertices (merged 12158 vertices).
2025-05-19 10:51:19 INFO  main [WavefrontOBJ] Done with "Mesh017.obj" (took 10 ms)
2025-05-19 10:51:19 INFO  main [WavefrontOBJ] Loading geometry from "Mesh014.obj" ..
2025-05-19 10:51:19 INFO  main [WavefrontOBJ] Mesh014: 4864 triangles, 2434 vertices (merged 12158 vertices).
2025-05-19 10:51:19 INFO  main [WavefrontOBJ] Done with "Mesh014.obj" (took 10 ms)
2025-05-19 10:51:19 INFO  main [WavefrontOBJ] Loading geometry from "Mesh025.obj" ..
2025-05-19 10:51:19 INFO  main [WavefrontOBJ] Mesh025: 19456 triangles, 9730 vertices (merged 48638 vertices).
2025-05-19 10:51:19 INFO  main [WavefrontOBJ] Done with "Mesh025.obj" (took 41 ms)
2025-05-19 10:51:19 INFO  main [WavefrontOBJ] Loading geometry from "Mesh013.obj" ..
2025-05-19 10:51:19 INFO  main [WavefrontOBJ] Mesh013: 35840 triangles, 17922 vertices (merged 89598 vertices).
2025-05-19 10:51:19 INFO  main [WavefrontOBJ] Done with "Mesh013.obj" (took 76 ms)
2025-05-19 10:51:19 INFO  main [WavefrontOBJ] Loading geometry from "Mesh021.obj" ..
2025-05-19 10:51:19 INFO  main [WavefrontOBJ] Mesh021: 35840 triangles, 17922 vertices (merged 89598 vertices).
2025-05-19 10:51:19 INFO  main [WavefrontOBJ] Done with "Mesh021.obj" (took 77 ms)
2025-05-19 10:51:19 INFO  main [WavefrontOBJ] Loading geometry from "Mesh022.obj" ..
2025-05-19 10:51:19 INFO  main [WavefrontOBJ] Mesh022: 18944 triangles, 9537 vertices (merged 47295 vertices).
2025-05-19 10:51:19 INFO  main [WavefrontOBJ] Done with "Mesh022.obj" (took 42 ms)
2025-05-19 10:51:19 INFO  main [WavefrontOBJ] Loading geometry from "Mesh015.obj" ..
2025-05-19 10:51:19 INFO  main [WavefrontOBJ] Mesh015: 63488 triangles, 31752 vertices (merged 158712 vertices).
2025-05-19 10:51:19 INFO  main [WavefrontOBJ] Done with "Mesh015.obj" (took 144 ms)
2025-05-19 10:51:19 INFO  main [WavefrontOBJ] Loading geometry from "Mesh024.obj" ..
2025-05-19 10:51:19 INFO  main [WavefrontOBJ] Mesh024: 6272 triangles, 3169 vertices (merged 15647 vertices).
2025-05-19 10:51:19 INFO  main [WavefrontOBJ] Done with "Mesh024.obj" (took 13 ms)
2025-05-19 10:51:19 INFO  main [WavefrontOBJ] Loading geometry from "Mesh026.obj" ..
2025-05-19 10:51:20 INFO  main [WavefrontOBJ] Mesh026: 25088 triangles, 12609 vertices (merged 62655 vertices).
2025-05-19 10:51:20 INFO  main [WavefrontOBJ] Done with "Mesh026.obj" (took 57 ms)
2025-05-19 10:51:20 INFO  main [WavefrontOBJ] Loading geometry from "Mesh034.obj" ..
2025-05-19 10:51:20 INFO  main [WavefrontOBJ] Mesh034: 20736 triangles, 10704 vertices (merged 51504 vertices).
2025-05-19 10:51:20 INFO  main [WavefrontOBJ] Done with "Mesh034.obj" (took 48 ms)
2025-05-19 10:51:20 INFO  main [WavefrontOBJ] Loading geometry from "Mesh029.obj" ..
2025-05-19 10:51:20 INFO  main [WavefrontOBJ] Mesh029: 4320 triangles, 2178 vertices (merged 10782 vertices).
2025-05-19 10:51:20 INFO  main [WavefrontOBJ] Done with "Mesh029.obj" (took 9 ms)
2025-05-19 10:51:20 INFO  main [WavefrontOBJ] Loading geometry from "Mesh018.obj" ..
2025-05-19 10:51:20 INFO  main [WavefrontOBJ] Mesh018: 53248 triangles, 26624 vertices (merged 133120 vertices).
2025-05-19 10:51:20 INFO  main [WavefrontOBJ] Done with "Mesh018.obj" (took 126 ms)
2025-05-19 10:51:20 INFO  main [WavefrontOBJ] Loading geometry from "Mesh032.obj" ..
2025-05-19 10:51:20 INFO  main [WavefrontOBJ] Mesh032: 30 triangles, 64 vertices (merged 26 vertices).
2025-05-19 10:51:20 INFO  main [WavefrontOBJ] Done with "Mesh032.obj" (took 0 ms)
2025-05-19 10:51:20 INFO  main [WavefrontOBJ] Loading geometry from "Mesh035.obj" ..
2025-05-19 10:51:20 INFO  main [WavefrontOBJ] Mesh035: 13312 triangles, 6656 vertices (merged 33280 vertices).
2025-05-19 10:51:20 INFO  main [WavefrontOBJ] Done with "Mesh035.obj" (took 30 ms)
2025-05-19 10:51:20 INFO  main [WavefrontOBJ] Loading geometry from "Mesh031.obj" ..
2025-05-19 10:51:20 INFO  main [WavefrontOBJ] Mesh031: 792 triangles, 1304 vertices (merged 1072 vertices).
2025-05-19 10:51:20 INFO  main [WavefrontOBJ] Done with "Mesh031.obj" (took 3 ms)
2025-05-19 10:51:20 INFO  main [WavefrontOBJ] Loading geometry from "Mesh012.obj" ..
2025-05-19 10:51:20 INFO  main [WavefrontOBJ] Mesh012: 102 triangles, 162 vertices (merged 144 vertices).
2025-05-19 10:51:20 INFO  main [WavefrontOBJ] Done with "Mesh012.obj" (took 0 ms)
2025-05-19 10:51:20 INFO  main [WavefrontOBJ] Loading geometry from "Mesh011.obj" ..
2025-05-19 10:51:20 INFO  main [WavefrontOBJ] Mesh011: 102 triangles, 162 vertices (merged 144 vertices).
2025-05-19 10:51:20 INFO  main [WavefrontOBJ] Done with "Mesh011.obj" (took 0 ms)
2025-05-19 10:51:20 INFO  main [WavefrontOBJ] Loading geometry from "Mesh010.obj" ..
2025-05-19 10:51:20 INFO  main [WavefrontOBJ] Mesh010: 102 triangles, 166 vertices (merged 140 vertices).
2025-05-19 10:51:20 INFO  main [WavefrontOBJ] Done with "Mesh010.obj" (took 0 ms)
2025-05-19 10:51:20 INFO  main [WavefrontOBJ] Loading geometry from "Mesh028.obj" ..
2025-05-19 10:51:20 INFO  main [WavefrontOBJ] Mesh028: 105472 triangles, 52738 vertices (merged 263678 vertices).
2025-05-19 10:51:20 INFO  main [WavefrontOBJ] Done with "Mesh028.obj" (took 234 ms)
2025-05-19 10:51:20 INFO  main [WavefrontOBJ] Loading geometry from "Mesh009.obj" ..
2025-05-19 10:51:20 INFO  main [WavefrontOBJ] Mesh009: 65472 triangles, 50844 vertices (merged 145572 vertices).
2025-05-19 10:51:20 INFO  main [WavefrontOBJ] Done with "Mesh009.obj" (took 190 ms)
2025-05-19 10:51:20 INFO  main [WavefrontOBJ] Loading geometry from "Mesh007.obj" ..
2025-05-19 10:51:20 INFO  main [WavefrontOBJ] Mesh007: 65472 triangles, 50844 vertices (merged 145572 vertices).
2025-05-19 10:51:20 INFO  main [WavefrontOBJ] Done with "Mesh007.obj" (took 191 ms)
2025-05-19 10:51:20 INFO  main [WavefrontOBJ] Loading geometry from "Mesh006.obj" ..
2025-05-19 10:51:21 INFO  main [WavefrontOBJ] Mesh006: 71680 triangles, 35844 vertices (merged 179196 vertices).
2025-05-19 10:51:21 INFO  main [WavefrontOBJ] Done with "Mesh006.obj" (took 161 ms)
2025-05-19 10:51:21 INFO  main [WavefrontOBJ] Loading geometry from "Mesh030.obj" ..
2025-05-19 10:51:21 INFO  main [WavefrontOBJ] Mesh030: 27136 triangles, 13638 vertices (merged 67770 vertices).
2025-05-19 10:51:21 INFO  main [WavefrontOBJ] Done with "Mesh030.obj" (took 61 ms)
2025-05-19 10:51:21 INFO  main [WavefrontOBJ] Loading geometry from "Mesh005.obj" ..
2025-05-19 10:51:21 INFO  main [WavefrontOBJ] Mesh005: 96 triangles, 192 vertices (merged 96 vertices).
2025-05-19 10:51:21 INFO  main [WavefrontOBJ] Done with "Mesh005.obj" (took 0 ms)
2025-05-19 10:51:21 INFO  main [WavefrontOBJ] Loading geometry from "Mesh004.obj" ..
2025-05-19 10:51:21 INFO  main [WavefrontOBJ] Mesh004: 65472 triangles, 50844 vertices (merged 145572 vertices).
2025-05-19 10:51:21 INFO  main [WavefrontOBJ] Done with "Mesh004.obj" (took 200 ms)
2025-05-19 10:51:21 INFO  main [WavefrontOBJ] Loading geometry from "Mesh023.obj" ..
2025-05-19 10:51:21 INFO  main [WavefrontOBJ] Mesh023: 6912 triangles, 3458 vertices (merged 17278 vertices).
2025-05-19 10:51:21 INFO  main [WavefrontOBJ] Done with "Mesh023.obj" (took 14 ms)
2025-05-19 10:51:21 INFO  main [WavefrontOBJ] Loading geometry from "Mesh002.obj" ..
2025-05-19 10:51:21 INFO  main [WavefrontOBJ] Mesh002: 96 triangles, 192 vertices (merged 96 vertices).
2025-05-19 10:51:21 INFO  main [WavefrontOBJ] Done with "Mesh002.obj" (took 0 ms)
2025-05-19 10:51:21 INFO  main [WavefrontOBJ] Loading geometry from "Mesh008.obj" ..
2025-05-19 10:51:21 INFO  main [WavefrontOBJ] Mesh008: 2 triangles, 4 vertices (merged 2 vertices).
2025-05-19 10:51:21 INFO  main [WavefrontOBJ] Done with "Mesh008.obj" (took 0 ms)
2025-05-19 10:51:21 INFO  main [WavefrontOBJ] Loading geometry from "Mesh027.obj" ..
2025-05-19 10:51:21 INFO  main [WavefrontOBJ] Mesh027: 8 triangles, 16 vertices (merged 8 vertices).
2025-05-19 10:51:21 INFO  main [WavefrontOBJ] Done with "Mesh027.obj" (took 0 ms)
2025-05-19 10:51:21 INFO  main [WavefrontOBJ] Loading geometry from "Mesh003.obj" ..
2025-05-19 10:51:21 INFO  main [WavefrontOBJ] Mesh003: 2 triangles, 4 vertices (merged 2 vertices).
2025-05-19 10:51:21 INFO  main [WavefrontOBJ] Done with "Mesh003.obj" (took 0 ms)
2025-05-19 10:51:21 INFO  main [WavefrontOBJ] Loading geometry from "Mesh001.obj" ..
2025-05-19 10:51:21 INFO  main [WavefrontOBJ] Mesh001: 204 triangles, 398 vertices (merged 214 vertices).
2025-05-19 10:51:21 INFO  main [WavefrontOBJ] Done with "Mesh001.obj" (took 1 ms)
2025-05-19 10:51:21 INFO  main [PluginManager] Loading plugin "plugins/area.so" ..
2025-05-19 10:51:21 INFO  main [PluginManager] Loading plugin "plugins/sphere.so" ..
2025-05-19 10:51:21 INFO  ren0 [KDTreeBase] Constructing a SAH kd-tree (786209 primitives) ..
2025-05-19 10:51:22 INFO  ren0 [KDTreeBase] Finished -- took 767 ms.
2025-05-19 10:51:22 INFO  ren0 [octree.h:535] root weight: 8.000e-20 (0.000000)
2025-05-19 10:51:22 INFO  ren0 [octree.h:536] splitting threshold: 8.000e-23 (0.000000)
2025-05-19 10:51:22 INFO  ren0 [octree.h:551] node count: 1 -> 585 -> 585

2025-05-19 10:51:22 INFO  ren0 [octree.h:535] root weight: 4.096e-17 (0.000000)
2025-05-19 10:51:22 INFO  ren0 [octree.h:536] splitting threshold: 4.096e-20 (0.000000)
2025-05-19 10:51:22 INFO  ren0 [octree.h:551] node count: 585 -> 585 -> 585

2025-05-19 10:51:22 INFO  ren0 [octree.h:535] root weight: 8.000e-20 (0.000000)
2025-05-19 10:51:22 INFO  ren0 [octree.h:536] splitting threshold: 8.000e-23 (0.000000)
2025-05-19 10:51:22 INFO  ren0 [octree.h:551] node count: 1 -> 585 -> 585

2025-05-19 10:51:22 INFO  ren0 [octree.h:535] root weight: 8.000e-20 (0.000000)
2025-05-19 10:51:22 INFO  ren0 [octree.h:536] splitting threshold: 8.000e-23 (0.000000)
2025-05-19 10:51:22 INFO  ren0 [octree.h:551] node count: 1 -> 585 -> 585

2025-05-19 10:51:22 INFO  ren0 [octree.h:535] root weight: 4.096e-17 (0.000000)
2025-05-19 10:51:22 INFO  ren0 [octree.h:536] splitting threshold: 4.096e-20 (0.000000)
2025-05-19 10:51:22 INFO  ren0 [octree.h:551] node count: 585 -> 585 -> 585

2025-05-19 10:51:22 INFO  ren0 [octree.h:535] root weight: 8.000e-20 (0.000000)
2025-05-19 10:51:22 INFO  ren0 [octree.h:536] splitting threshold: 8.000e-23 (0.000000)
2025-05-19 10:51:22 INFO  ren0 [octree.h:551] node count: 1 -> 585 -> 585

2025-05-19 10:51:22 INFO  ren0 [MIFocalGuidingPathTracer] AABB3[min=[-6.02975, -0.00717345, -6.68615], max=[0.32406, 2.72573, 0.00770017]]
2025-05-19 10:51:22 INFO  ren0 [MIFocalGuidingPathTracer] Starting render job (1280x720, 12 cores, SSE2 enabled) ..
2025-05-19 10:51:22 INFO  ren0 [MIFocalGuidingPathTracer] ITERATION 0, until 10.0 seconds
2025-05-19 10:51:36 INFO  ren0 [MIFocalGuidingPathTracer]   14.65 seconds elapsed, passes this iteration: 2, total passes: 2
2025-05-19 10:51:36 INFO  ren0 [MIFocalGuidingPathTracer] Got 315753381 non-zero samples
2025-05-19 10:51:37 INFO  ren0 [gaussian_mixture_model.h:808] Processing mega batch of size 26255450
2025-05-19 10:51:38 INFO  ren0 [gaussian_mixture_model.h:547] KMeans
2025-05-19 10:52:02 INFO  ren0 [gaussian_mixture_model.h:808] Processing mega batch of size 26917431
2025-05-19 10:52:28 INFO  ren0 [gaussian_mixture_model.h:808] Processing mega batch of size 26598989
2025-05-19 10:52:53 INFO  ren0 [gaussian_mixture_model.h:808] Processing mega batch of size 27137191
2025-05-19 10:53:18 INFO  ren0 [gaussian_mixture_model.h:808] Processing mega batch of size 25086054
2025-05-19 10:53:42 INFO  ren0 [gaussian_mixture_model.h:808] Processing mega batch of size 27090848
2025-05-19 10:54:07 INFO  ren0 [gaussian_mixture_model.h:808] Processing mega batch of size 25998539
2025-05-19 10:54:32 INFO  ren0 [gaussian_mixture_model.h:808] Processing mega batch of size 27083615
2025-05-19 10:54:57 INFO  ren0 [gaussian_mixture_model.h:808] Processing mega batch of size 26077672
2025-05-19 10:55:20 INFO  ren0 [gaussian_mixture_model.h:808] Processing mega batch of size 26774210
2025-05-19 10:55:47 INFO  ren0 [gaussian_mixture_model.h:808] Processing mega batch of size 24669748
2025-05-19 10:56:11 INFO  ren0 [gaussian_mixture_model.h:808] Processing mega batch of size 26063634
2025-05-19 10:56:35 INFO  ren0 [MIFocalGuidingPathTracer] GMM[
weight = 0.00733138 mean = [-5.54068 2.2547 -1.44351] covariance = [[0.160221 0.000846381 0.00669256][0.000846381 0.189291 -0.00193575][0.00669256 -0.00193575 0.231307]]
weight = 0.0259685 mean = [-5.68423 2.13637 -0.289832] covariance = [[0.115987 -0.00314851 -0.0201499][-0.00314851 0.156177 -0.00352954][-0.0201499 -0.00352954 0.0654206]]
weight = 0.0298564 mean = [-5.45489 2.25937 -0.973344] covariance = [[0.234781 0.0155274 0.0357801][0.0155274 0.180306 0.031347][0.0357801 0.031347 0.501008]]
weight = 0.00307634 mean = [-5.51872 1.44459 -0.41987] covariance = [[0.183493 0.0139826 -0.0257266][0.0139826 0.161114 0.000835906][-0.0257266 0.000835906 0.120097]]
weight = 0.00733138 mean = [-5.6035 2.28416 -2.12115] covariance = [[0.160221 0.000846381 0.00669256][0.000846381 0.189291 -0.00193575][0.00669256 -0.00193575 0.231307]]
weight = 0.0361867 mean = [-5.47513 0.48834 -0.357511] covariance = [[0.23959 0.00509638 0.000952438][0.00509638 0.119793 -0.0197864][0.000952438 -0.0197864 0.13589]]
weight = 0.211135 mean = [-1.54856 1.43593 -0.123441] covariance = [[1.56895 -0.128615 -0.024848][-0.128615 0.472029 -0.00373746][-0.024848 -0.00373746 0.0140556]]
weight = 0.679114 mean = [-2.61576 1.48589 -2.10044] covariance = [[3.95682 -0.11454 0.633137][-0.11454 0.80911 -0.158777][0.633137 -0.158777 2.18137]]
]
2025-05-19 10:56:35 INFO  ren0 [octree.h:535] root weight: 4.271e+06 (4270742.500000)
2025-05-19 10:56:35 INFO  ren0 [octree.h:536] splitting threshold: 4.271e+03 (4270.742676)
2025-05-19 10:56:35 INFO  ren0 [octree.h:535] root weight: 1.371e+06 (1371127.875000)
2025-05-19 10:56:35 INFO  ren0 [octree.h:536] splitting threshold: 1.371e+03 (1371.127930)
2025-05-19 10:56:35 INFO  ren0 [octree.h:551] node count: 585 -> 678 -> 451

2025-05-19 10:56:35 INFO  ren0 [octree.h:551] node count: 585 -> 609 -> 360

2025-05-19 10:56:35 INFO  ren0 [MIFocalGuidingPathTracer] ITERATION 1, until 20.0 seconds
2025-05-19 10:57:21 INFO  ren0 [MIFocalGuidingPathTracer]   358.98 seconds elapsed, passes this iteration: 1, total passes: 3
2025-05-19 10:57:21 INFO  ren0 [MIFocalGuidingPathTracer] Got 80519395 non-zero samples
2025-05-19 10:57:27 INFO  ren0 [gaussian_mixture_model.h:808] Processing mega batch of size 80519395
2025-05-19 10:58:50 INFO  ren0 [MIFocalGuidingPathTracer] GMM[
weight = 0.000138429 mean = [-6.00494 1.88626 -0.0123796] covariance = [[0.000388603 -0.00127704 -0.000212236][-0.00127704 0.199141 -0.00100524][-0.000212236 -0.00100524 0.000225946]]
weight = 0.000138429 mean = [-6.00899 2.51734 -0.0155643] covariance = [[0.000388603 -0.00127704 -0.000212236][-0.00127704 0.199141 -0.00100524][-0.000212236 -0.00100524 0.000225946]]
weight = 0.00120179 mean = [-5.98673 1.0974 -0.019923] covariance = [[0.00106884 -0.00887388 0.000200587][-0.00887388 0.352711 -0.00568226][0.000200587 -0.00568226 0.000381762]]
weight = 0.0411046 mean = [-1.63477 2.65849 -0.52064] covariance = [[1.32806 -0.0016062 0.0374794][-0.0016062 0.00515422 -0.00117126][0.0374794 -0.00117126 0.210189]]
weight = 0.0285788 mean = [-4.70683 2.47829 -0.677467] covariance = [[0.685116 -0.0329884 0.0717245][-0.0329884 0.0367083 -0.0326879][0.0717245 -0.0326879 0.284011]]
weight = 0.0313324 mean = [-5.65686 1.56233 -0.193367] covariance = [[0.0720582 -0.0470548 0.00510654][-0.0470548 0.560165 -0.0402965][0.00510654 -0.0402965 0.0233218]]
weight = 0.897506 mean = [-2.28092 1.513 -1.5999] covariance = [[4.14778 0.107836 0.751154][0.107836 0.729153 -0.314352][0.751154 -0.314352 2.0889]]
]
2025-05-19 10:58:50 INFO  ren0 [octree.h:535] root weight: 1.804e+07 (18038478.000000)
2025-05-19 10:58:50 INFO  ren0 [octree.h:536] splitting threshold: 1.804e+04 (18038.478516)
2025-05-19 10:58:50 INFO  ren0 [octree.h:535] root weight: 5.651e+06 (5651191.500000)
2025-05-19 10:58:50 INFO  ren0 [octree.h:536] splitting threshold: 5.651e+03 (5651.191895)
2025-05-19 10:58:50 INFO  ren0 [octree.h:551] node count: 451 -> 474 -> 436

2025-05-19 10:58:50 INFO  ren0 [octree.h:551] node count: 360 -> 376 -> 356

2025-05-19 10:58:50 INFO  ren0 [MIFocalGuidingPathTracer] ITERATION 2, until 30.0 seconds
2025-05-19 10:59:32 INFO  ren0 [MIFocalGuidingPathTracer]   490.77 seconds elapsed, passes this iteration: 1, total passes: 4
2025-05-19 10:59:32 INFO  ren0 [MIFocalGuidingPathTracer] Got 84916837 non-zero samples
2025-05-19 10:59:38 INFO  ren0 [gaussian_mixture_model.h:808] Processing mega batch of size 84916837
2025-05-19 11:01:05 INFO  ren0 [MIFocalGuidingPathTracer] GMM[
weight = 0.0035149 mean = [-3.79 2.03068 -0.125653] covariance = [[1.57529 -0.596975 -0.0279884][-0.596975 0.438129 0.0483015][-0.0279884 0.0483015 0.0106354]]
weight = 0.0759555 mean = [-2.96855 1.52988 -1.49403] covariance = [[1.7338 0.0246435 -0.283787][0.0246435 0.786434 -0.0958827][-0.283787 -0.0958827 2.07776]]
weight = 0.0759555 mean = [-4.51801 1.58646 -2.35744] covariance = [[1.7338 0.0246435 -0.283787][0.0246435 0.786434 -0.0958827][-0.283787 -0.0958827 2.07776]]
weight = 0.00672293 mean = [-1.94933 1.21214 -0.200737] covariance = [[0.929824 -0.31848 -0.0238783][-0.31848 0.218892 0.0288262][-0.0238783 0.0288262 0.0104582]]
weight = 0.00672293 mean = [-3.30358 1.73101 -0.155357] covariance = [[0.929824 -0.31848 -0.0238783][-0.31848 0.218892 0.0288262][-0.0238783 0.0288262 0.0104582]]
weight = 0.122791 mean = [-0.806879 1.6728 -0.104986] covariance = [[0.517609 -0.00470785 -0.0209149][-0.00470785 0.433975 -0.00176538][-0.0209149 -0.00176538 0.00975437]]
weight = 0.708337 mean = [-2.08394 1.40812 -1.98495] covariance = [[4.24399 -0.173729 -0.0873946][-0.173729 0.892394 0.0402751][-0.0873946 0.0402751 2.31966]]
]
2025-05-19 11:01:05 INFO  ren0 [octree.h:535] root weight: 3.152e+07 (31524420.000000)
2025-05-19 11:01:05 INFO  ren0 [octree.h:536] splitting threshold: 3.152e+04 (31524.421875)
2025-05-19 11:01:05 INFO  ren0 [octree.h:535] root weight: 9.993e+06 (9992919.000000)
2025-05-19 11:01:05 INFO  ren0 [octree.h:536] splitting threshold: 9.993e+03 (9992.919922)
2025-05-19 11:01:05 INFO  ren0 [octree.h:551] node count: 436 -> 469 -> 441

2025-05-19 11:01:05 INFO  ren0 [octree.h:551] node count: 356 -> 372 -> 355

2025-05-19 11:01:05 INFO  ren0 [MIFocalGuidingPathTracer] ITERATION 3, until 40.0 seconds
2025-05-19 11:01:44 INFO  ren0 [MIFocalGuidingPathTracer]   621.92 seconds elapsed, passes this iteration: 1, total passes: 5
2025-05-19 11:01:44 INFO  ren0 [MIFocalGuidingPathTracer] Got 78256792 non-zero samples
2025-05-19 11:01:49 INFO  ren0 [gaussian_mixture_model.h:808] Processing mega batch of size 78256792
2025-05-19 11:03:09 INFO  ren0 [MIFocalGuidingPathTracer] GMM[
weight = 0.00702184 mean = [-5.96799 0.424486 -1.7277] covariance = [[0.0135266 0.0269417 0.0181715][0.0269417 0.294764 0.0235159][0.0181715 0.0235159 0.307341]]
weight = 0.0116716 mean = [-5.90523 0.804835 -2.35656] covariance = [[0.0206322 0.0188325 -0.0225027][0.0188325 0.45998 -0.169005][-0.0225027 -0.169005 1.60707]]
weight = 0.00702184 mean = [-5.88854 0.928108 -1.0977] covariance = [[0.0135266 0.0269417 0.0181715][0.0269417 0.294764 0.0235159][0.0181715 0.0235159 0.307341]]
weight = 0.0214638 mean = [-5.86737 1.34086 -4.88877] covariance = [[0.0244925 -0.0323341 0.0261958][-0.0323341 0.799944 -0.313821][0.0261958 -0.313821 1.30107]]
weight = 0.000926335 mean = [-5.99073 2.25248 -0.544658] covariance = [[0.00196109 0.00138057 0.004329][0.00138057 0.0302089 0.00864374][0.004329 0.00864374 0.0577428]]
weight = 0.0731286 mean = [-2.12478 2.71874 -1.27077] covariance = [[2.11134 -0.00209166 0.545046][-0.00209166 0.000161277 -0.00264965][0.545046 -0.00264965 1.91124]]
weight = 0.0419586 mean = [-5.66165 2.14733 -1.31228] covariance = [[0.0404094 0.00906755 -0.0330869][0.00906755 0.100647 -0.0579144][-0.0330869 -0.0579144 2.61248]]
weight = 0.836807 mean = [-1.852 1.38038 -1.40805] covariance = [[3.18052 -0.107561 0.13736][-0.107561 0.748059 0.164105][0.13736 0.164105 1.98032]]
]
2025-05-19 11:03:09 INFO  ren0 [octree.h:535] root weight: 3.944e+07 (39438584.000000)
2025-05-19 11:03:09 INFO  ren0 [octree.h:536] splitting threshold: 3.944e+04 (39438.585938)
2025-05-19 11:03:09 INFO  ren0 [octree.h:535] root weight: 1.267e+07 (12669238.000000)
2025-05-19 11:03:09 INFO  ren0 [octree.h:536] splitting threshold: 1.267e+04 (12669.238281)
2025-05-19 11:03:09 INFO  ren0 [octree.h:551] node count: 441 -> 466 -> 446

2025-05-19 11:03:09 INFO  ren0 [octree.h:551] node count: 355 -> 375 -> 361

2025-05-19 11:03:09 INFO  ren0 [MIFocalGuidingPathTracer] ITERATION 4, until 50.0 seconds
2025-05-19 11:03:53 INFO  ren0 [MIFocalGuidingPathTracer]   751.24 seconds elapsed, passes this iteration: 1, total passes: 6
2025-05-19 11:03:53 INFO  ren0 [MIFocalGuidingPathTracer] Got 82575993 non-zero samples
2025-05-19 11:03:59 INFO  ren0 [gaussian_mixture_model.h:808] Processing mega batch of size 82575993
2025-05-19 11:05:12 INFO  ren0 [MIFocalGuidingPathTracer] GMM[
weight = 0.000870807 mean = [-5.48034 2.13051 -2.43787] covariance = [[0.0469412 -0.0154592 -0.0155678][-0.0154592 0.055442 0.0549524][-0.0155678 0.0549524 0.185187]]
weight = 0.000824097 mean = [-5.4946 2.34515 -1.76091] covariance = [[0.114413 -0.0203362 0.00196238][-0.0203362 0.0500426 0.0182036][0.00196238 0.0182036 0.0933238]]
weight = 0.014913 mean = [-4.25021 2.64094 -2.17369] covariance = [[1.26354 0.00683694 0.795776][0.00683694 0.00766372 0.0207558][0.795776 0.0207558 2.51755]]
weight = 0.000824097 mean = [-5.59228 2.22983 -2.17894] covariance = [[0.114413 -0.0203362 0.00196238][-0.0203362 0.0500426 0.0182036][0.00196238 0.0182036 0.0933238]]
weight = 0.0875906 mean = [-4.75663 0.911427 -2.47173] covariance = [[1.5659 0.151464 0.994773][0.151464 0.62255 0.228361][0.994773 0.228361 2.57066]]
weight = 0.0118494 mean = [-5.64781 2.46733 -0.655351] covariance = [[0.190154 -0.0594329 -0.109933][-0.0594329 0.0636154 0.078266][-0.109933 0.078266 0.30225]]
weight = 0.122613 mean = [-1.73982 2.59785 -2.09163] covariance = [[2.72001 -0.0666569 -0.189927][-0.0666569 0.010883 0.0160969][-0.189927 0.0160969 1.9065]]
weight = 0.760515 mean = [-1.70523 1.29561 -1.27538] covariance = [[2.8598 0.319044 0.363567][0.319044 0.617389 0.0939971][0.363567 0.0939971 1.53156]]
]
2025-05-19 11:05:12 INFO  ren0 [octree.h:535] root weight: 5.266e+07 (52659872.000000)
2025-05-19 11:05:12 INFO  ren0 [octree.h:536] splitting threshold: 5.266e+04 (52659.875000)
2025-05-19 11:05:12 INFO  ren0 [octree.h:535] root weight: 1.766e+07 (17656326.000000)
2025-05-19 11:05:12 INFO  ren0 [octree.h:536] splitting threshold: 1.766e+04 (17656.326172)
2025-05-19 11:05:12 INFO  ren0 [octree.h:551] node count: 446 -> 466 -> 432

2025-05-19 11:05:12 INFO  ren0 [octree.h:551] node count: 361 -> 382 -> 367

2025-05-19 11:05:12 INFO  ren0 [MIFocalGuidingPathTracer] ITERATION 5, until 60.0 seconds
2025-05-19 11:05:55 INFO  ren0 [MIFocalGuidingPathTracer]   873.14 seconds elapsed, passes this iteration: 1, total passes: 7
2025-05-19 11:05:55 INFO  ren0 [MIFocalGuidingPathTracer] Got 88111571 non-zero samples
2025-05-19 11:06:00 INFO  ren0 [gaussian_mixture_model.h:808] Processing mega batch of size 88111571
2025-05-19 11:07:05 INFO  ren0 [MIFocalGuidingPathTracer] GMM[
weight = 0.00425382 mean = [-0.915445 0.939799 -5.63954] covariance = [[1.3505 0.0270919 -0.538598][0.0270919 0.438632 -0.168203][-0.538598 -0.168203 0.622236]]
weight = 0.0138227 mean = [-5.85584 0.51659 -0.418163] covariance = [[0.0773537 0.0262547 -0.0198281][0.0262547 0.110677 -0.0150268][-0.0198281 -0.0150268 0.0580733]]
weight = 0.0113356 mean = [-5.63938 1.40188 -0.50435] covariance = [[0.0940126 0.0676998 -0.00497475][0.0676998 0.438814 -0.0137001][-0.00497475 -0.0137001 0.124231]]
weight = 0.0657533 mean = [-5.18886 1.33463 -3.56776] covariance = [[0.30085 -0.089846 -0.115841][-0.089846 0.588893 -0.0789][-0.115841 -0.0789 0.52868]]
weight = 0.00425382 mean = [-2.50403 0.784 -4.77766] covariance = [[1.3505 0.0270919 -0.538598][0.0270919 0.438632 -0.168203][-0.538598 -0.168203 0.622236]]
weight = 0.900581 mean = [-1.37644 1.41552 -1.07459] covariance = [[2.06637 -0.154685 0.223367][-0.154685 0.649413 -0.0854238][0.223367 -0.0854238 0.950869]]
]
2025-05-19 11:07:19 INFO  ren0 [octree.h:535] root weight: 5.004e+07 (50038756.000000)
2025-05-19 11:07:19 INFO  ren0 [octree.h:536] splitting threshold: 5.004e+04 (50038.757812)
2025-05-19 11:07:19 INFO  ren0 [octree.h:535] root weight: 1.721e+07 (17205102.000000)
2025-05-19 11:07:19 INFO  ren0 [octree.h:536] splitting threshold: 1.721e+04 (17205.103516)
2025-05-19 11:07:19 INFO  ren0 [octree.h:551] node count: 432 -> 452 -> 434

2025-05-19 11:07:19 INFO  ren0 [octree.h:551] node count: 367 -> 389 -> 368

2025-05-19 11:07:19 INFO  ren0 [MIFocalGuidingPathTracer] ITERATION 6, until 70.0 seconds
2025-05-19 11:07:53 INFO  ren0 [MIFocalGuidingPathTracer]   990.95 seconds elapsed, passes this iteration: 1, total passes: 8
2025-05-19 11:07:53 INFO  ren0 [MIFocalGuidingPathTracer] Got 85211052 non-zero samples
2025-05-19 11:07:58 INFO  ren0 [gaussian_mixture_model.h:808] Processing mega batch of size 85211052
2025-05-19 11:09:12 INFO  ren0 [MIFocalGuidingPathTracer] GMM[
weight = 0.0073552 mean = [-5.17646 0.405153 -0.816512] covariance = [[0.198286 0.00181231 -0.017754][0.00181231 0.0615561 0.00600267][-0.017754 0.00600267 0.285242]]
weight = 0.00236057 mean = [-5.73438 0.208369 -1.62685] covariance = [[0.0580426 0.01178 -0.107829][0.01178 0.013641 -0.033385][-0.107829 -0.033385 0.504274]]
weight = 0.00230477 mean = [-5.85317 0.474331 -3.93004] covariance = [[0.0252126 -0.0161257 -0.0155543][-0.0161257 0.0858165 0.0783123][-0.0155543 0.0783123 0.418353]]
weight = 0.0110753 mean = [-5.60448 1.72175 -0.490303] covariance = [[0.0658189 0.0271769 -0.0149092][0.0271769 0.499917 -0.0666021][-0.0149092 -0.0666021 0.136225]]
weight = 0.00544129 mean = [-5.83328 0.630631 -2.39421] covariance = [[0.0224914 -0.016347 0.00876411][-0.016347 0.121941 0.0546952][0.00876411 0.0546952 0.316883]]
weight = 0.0073552 mean = [-4.56387 0.418858 -0.697084] covariance = [[0.198286 0.00181231 -0.017754][0.00181231 0.0615561 0.00600267][-0.017754 0.00600267 0.285242]]
weight = 0.00844411 mean = [-2.74031 0.398691 -0.728493] covariance = [[0.299981 0.0429365 -0.0245148][0.0429365 0.0579858 0.0491315][-0.0245148 0.0491315 0.143322]]
weight = 0.955664 mean = [-1.55657 1.54322 -1.48509] covariance = [[2.73874 -0.161967 0.511038][-0.161967 0.546448 -0.120885][0.511038 -0.120885 2.25389]]
]
2025-05-19 11:09:12 INFO  ren0 [octree.h:535] root weight: 4.313e+07 (43134904.000000)
2025-05-19 11:09:12 INFO  ren0 [octree.h:536] splitting threshold: 4.313e+04 (43134.906250)
2025-05-19 11:09:12 INFO  ren0 [octree.h:535] root weight: 1.486e+07 (14856266.000000)
2025-05-19 11:09:12 INFO  ren0 [octree.h:536] splitting threshold: 1.486e+04 (14856.266602)
2025-05-19 11:09:12 INFO  ren0 [octree.h:551] node count: 434 -> 455 -> 433

2025-05-19 11:09:12 INFO  ren0 [octree.h:551] node count: 368 -> 388 -> 365

2025-05-19 11:09:12 INFO  ren0 [MIFocalGuidingPathTracer] ITERATION 7, until 80.0 seconds
2025-05-19 11:09:50 INFO  ren0 [MIFocalGuidingPathTracer]   1108.79 seconds elapsed, passes this iteration: 1, total passes: 9
2025-05-19 11:09:50 INFO  ren0 [MIFocalGuidingPathTracer] Got 77699601 non-zero samples
2025-05-19 11:09:55 INFO  ren0 [gaussian_mixture_model.h:808] Processing mega batch of size 77699601
2025-05-19 11:11:02 INFO  ren0 [MIFocalGuidingPathTracer] GMM[
weight = 0.00113821 mean = [-0.442673 2.60873 -3.6669] covariance = [[0.403699 -0.0169033 -0.00589203][-0.0169033 0.0124285 -0.0290166][-0.00589203 -0.0290166 0.514987]]
weight = 0.0873795 mean = [-2.40534 1.65586 -4.15305] covariance = [[2.58187 -0.267291 0.0918528][-0.267291 0.680884 -0.378232][0.0918528 -0.378232 1.62617]]
weight = 0.00113821 mean = [-0.486982 2.55188 -2.65274] covariance = [[0.403699 -0.0169033 -0.00589203][-0.0169033 0.0124285 -0.0290166][-0.00589203 -0.0290166 0.514987]]
weight = 0.0167591 mean = [-4.88984 1.14929 -0.501875] covariance = [[0.497196 0.017735 0.0847743][0.017735 0.311861 0.0352065][0.0847743 0.0352065 0.196681]]
weight = 0.0873795 mean = [-2.76034 1.11585 -2.41183] covariance = [[2.58187 -0.267291 0.0918528][-0.267291 0.680884 -0.378232][0.0918528 -0.378232 1.62617]]
weight = 0.00410313 mean = [-0.549355 2.69609 -5.58923] covariance = [[0.283415 0.0144076 -0.2705][0.0144076 0.00404099 -0.029478][-0.2705 -0.029478 0.531428]]
weight = 0.0167591 mean = [-5.02604 1.9197 -0.369944] covariance = [[0.497196 0.017735 0.0847743][0.017735 0.311861 0.0352065][0.0847743 0.0352065 0.196681]]
weight = 0.0523843 mean = [-3.8511 2.71253 -2.69348] covariance = [[1.05865 -0.00174688 0.461463][-0.00174688 0.000757741 -0.0136009][0.461463 -0.0136009 1.03194]]
weight = 0.732959 mean = [-1.29807 1.23897 -0.900351] covariance = [[1.0258 0.655162 0.0948257][0.655162 0.877056 0.0981432][0.0948257 0.0981432 0.252802]]
]
2025-05-19 11:11:02 INFO  ren0 [octree.h:535] root weight: 4.905e+07 (49046288.000000)
2025-05-19 11:11:02 INFO  ren0 [octree.h:536] splitting threshold: 4.905e+04 (49046.289062)
2025-05-19 11:11:02 INFO  ren0 [octree.h:535] root weight: 1.751e+07 (17512778.000000)
2025-05-19 11:11:02 INFO  ren0 [octree.h:536] splitting threshold: 1.751e+04 (17512.779297)
2025-05-19 11:11:02 INFO  ren0 [octree.h:551] node count: 433 -> 459 -> 429

2025-05-19 11:11:02 INFO  ren0 [octree.h:551] node count: 365 -> 391 -> 362

2025-05-19 11:11:02 INFO  ren0 [MIFocalGuidingPathTracer] ITERATION 8, until 90.0 seconds
2025-05-19 11:11:47 INFO  ren0 [MIFocalGuidingPathTracer]   1225.51 seconds elapsed, passes this iteration: 1, total passes: 10
2025-05-19 11:11:47 INFO  ren0 [MIFocalGuidingPathTracer] Got 82744003 non-zero samples
2025-05-19 11:11:52 INFO  ren0 [gaussian_mixture_model.h:808] Processing mega batch of size 82744003
2025-05-19 11:12:56 INFO  ren0 [MIFocalGuidingPathTracer] GMM[
weight = 0.00896303 mean = [-5.93283 0.836761 -0.71049] covariance = [[0.00681975 0.00406637 0.00911744][0.00406637 0.380959 -0.0715354][0.00911744 -0.0715354 0.349941]]
weight = 0.136199 mean = [-3.17105 0.502413 -0.286306] covariance = [[0.197702 -0.0840777 0.0338161][-0.0840777 0.0931943 -0.0185344][0.0338161 -0.0185344 0.0683089]]
weight = 0.0289455 mean = [-4.50117 1.34327 -0.51099] covariance = [[0.857888 -0.276712 0.0896257][-0.276712 0.592591 -0.0886624][0.0896257 -0.0886624 0.171784]]
weight = 0.0348081 mean = [-5.6003 1.74972 -3.40015] covariance = [[0.112158 0.0308011 0.0118852][0.0308011 0.606812 -0.147108][0.0118852 -0.147108 1.21435]]
weight = 0.00559048 mean = [-5.87004 2.18115 -0.762785] covariance = [[0.0112084 0.00632316 0.00680822][0.00632316 0.152851 -0.0630772][0.00680822 -0.0630772 0.294427]]
weight = 0.785494 mean = [-1.9998 1.03731 -0.820042] covariance = [[1.75355 0.199978 -0.270077][0.199978 0.596511 -0.147503][-0.270077 -0.147503 0.882392]]
]
2025-05-19 11:13:11 INFO  ren0 [octree.h:535] root weight: 3.531e+07 (35305864.000000)
2025-05-19 11:13:11 INFO  ren0 [octree.h:536] splitting threshold: 3.531e+04 (35305.867188)
2025-05-19 11:13:11 INFO  ren0 [octree.h:535] root weight: 1.248e+07 (12480140.000000)
2025-05-19 11:13:11 INFO  ren0 [octree.h:536] splitting threshold: 1.248e+04 (12480.140625)
2025-05-19 11:13:11 INFO  ren0 [octree.h:551] node count: 429 -> 455 -> 437

2025-05-19 11:13:11 INFO  ren0 [octree.h:551] node count: 362 -> 377 -> 364

2025-05-19 11:13:11 INFO  ren0 [MIFocalGuidingPathTracer] ITERATION 9, until 100.0 seconds
2025-05-19 11:13:40 INFO  ren0 [MIFocalGuidingPathTracer]   1338.60 seconds elapsed, passes this iteration: 1, total passes: 11
2025-05-19 11:13:40 INFO  ren0 [pmm_focal_guiding_recursive.cpp:219] starting iterative narrowing
2025-05-19 11:13:40 INFO  ren0 [MIFocalGuidingPathTracer] Got 70339780 non-zero samples
2025-05-19 11:13:45 INFO  ren0 [gaussian_mixture_model.h:808] Processing mega batch of size 70339780
2025-05-19 11:14:38 INFO  ren0 [MIFocalGuidingPathTracer] GMM[
weight = 0.0017943 mean = [-5.9826 0.643997 -0.485324] covariance = [[0.0029746 0.0113034 -0.0150821][0.0113034 0.238971 -0.0370767][-0.0150821 -0.0370767 0.217323]]
weight = 0.0193428 mean = [-5.82714 0.925451 -3.59744] covariance = [[0.0267706 -0.0207535 -0.0773385][-0.0207535 0.283127 -0.0503691][-0.0773385 -0.0503691 1.52738]]
weight = 0.0622098 mean = [-5.56302 2.46302 -2.54235] covariance = [[0.135233 0.0108124 -0.0918776][0.0108124 0.0666653 0.0136733][-0.0918776 0.0136733 2.7737]]
weight = 0.040445 mean = [-5.55764 1.45825 -0.336619] covariance = [[0.110904 -0.0914461 -0.01852][-0.0914461 0.83648 0.000259919][-0.01852 0.000259919 0.0321669]]
weight = 0.876208 mean = [-2.16502 1.51261 -1.29061] covariance = [[2.61437 0.136592 -0.0458502][0.136592 0.766311 0.0540135][-0.0458502 0.0540135 1.81894]]
]
2025-05-19 11:14:38 INFO  ren0 [octree.h:535] root weight: 2.861e+07 (28610374.000000)
2025-05-19 11:14:38 INFO  ren0 [octree.h:536] splitting threshold: 2.861e+04 (28610.375000)
2025-05-19 11:14:38 INFO  ren0 [octree.h:535] root weight: 1.015e+07 (10151724.000000)
2025-05-19 11:14:38 INFO  ren0 [octree.h:536] splitting threshold: 1.015e+04 (10151.724609)
2025-05-19 11:14:51 INFO  ren0 [octree.h:551] node count: 437 -> 454 -> 429

2025-05-19 11:14:51 INFO  ren0 [octree.h:551] node count: 364 -> 386 -> 369

2025-05-19 11:14:51 INFO  ren0 [MIFocalGuidingPathTracer] ITERATION 10, until 110.0 seconds
2025-05-19 11:15:22 INFO  ren0 [MIFocalGuidingPathTracer]   1439.93 seconds elapsed, passes this iteration: 1, total passes: 12
2025-05-19 11:15:22 INFO  ren0 [MIFocalGuidingPathTracer] Got 84115597 non-zero samples
2025-05-19 11:15:28 INFO  ren0 [gaussian_mixture_model.h:808] Processing mega batch of size 84115597
2025-05-19 11:16:49 INFO  ren0 [MIFocalGuidingPathTracer] GMM[
weight = 0.00196748 mean = [-2.67066 1.58891 -4.23717] covariance = [[0.385473 -0.00792396 -0.0686535][-0.00792396 0.38518 -0.0716213][-0.0686535 -0.0716213 0.237826]]
