2025-05-18 17:25:51 INFO  main [mitsuba.cpp:274] Mitsuba version 0.6.0 (Linux, 64 bit), Copyright (c) 2017 Wenzel Jakob
2025-05-18 17:25:51 INFO  main [mitsuba.cpp:377] Parsing scene description from "scene/modern-hall/modern-hall.xml" ..
2025-05-18 17:25:51 INFO  main [scenehandler.cpp:675] In file "/mitsuba/scene/modern-hall/modern-hall.xml" (near line 20): Parsing included file "pmm_focal_recursive.xml" ..
2025-05-18 17:25:51 INFO  main [PluginManager] Loading plugin "plugins/pmm_focal_recursive.so" ..
2025-05-18 17:25:51 INFO  main [octree.h:535] root weight: 8.000e-20 (0.000000)
2025-05-18 17:25:51 INFO  main [octree.h:536] splitting threshold: 8.000e-23 (0.000000)
2025-05-18 17:25:51 INFO  main [octree.h:551] node count: 1 -> 585 -> 585

2025-05-18 17:25:51 INFO  main [octree.h:535] root weight: 8.000e-20 (0.000000)
2025-05-18 17:25:51 INFO  main [octree.h:536] splitting threshold: 8.000e-23 (0.000000)
2025-05-18 17:25:51 INFO  main [octree.h:551] node count: 1 -> 585 -> 585

2025-05-18 17:25:51 INFO  main [MIFocalGuidingPathTracer] budget: 600
2025-05-18 17:25:51 INFO  main [MIFocalGuidingPathTracer] dumpPrimaryRays: false
2025-05-18 17:25:51 INFO  main [MIFocalGuidingPathTracer] dumpScene: false
2025-05-18 17:25:51 INFO  main [MIFocalGuidingPathTracer] gmm.alpha: 0.4
2025-05-18 17:25:51 INFO  main [MIFocalGuidingPathTracer] gmm.initMethod: KMeans
2025-05-18 17:25:51 INFO  main [MIFocalGuidingPathTracer] gmm.maxNumComp: 10
2025-05-18 17:25:51 INFO  main [MIFocalGuidingPathTracer] gmm.mergingThreshold: 0.65
2025-05-18 17:25:51 INFO  main [MIFocalGuidingPathTracer] gmm.minNumComp: 3
2025-05-18 17:25:51 INFO  main [MIFocalGuidingPathTracer] gmm.splittingThreshold: 100
2025-05-18 17:25:51 INFO  main [MIFocalGuidingPathTracer] iterationBudget: 10
2025-05-18 17:25:51 INFO  main [MIFocalGuidingPathTracer] iterationCount: 15
2025-05-18 17:25:51 INFO  main [MIFocalGuidingPathTracer] maxDepth: 40
2025-05-18 17:25:51 INFO  main [MIFocalGuidingPathTracer] minSamplesToStartFitting: 128
2025-05-18 17:25:51 INFO  main [MIFocalGuidingPathTracer] normalBinning: disabled
2025-05-18 17:25:51 INFO  main [MIFocalGuidingPathTracer] renderMaxSeconds: 36000
2025-05-18 17:25:51 INFO  main [MIFocalGuidingPathTracer] rrDepth: 14
2025-05-18 17:25:51 INFO  main [MIFocalGuidingPathTracer] samplingMode: 2
2025-05-18 17:25:51 INFO  main [MIFocalGuidingPathTracer] strictNormals: true
2025-05-18 17:25:51 INFO  main [MIFocalGuidingPathTracer] trainingSamples: 4
2025-05-18 17:25:51 INFO  main [MIFocalGuidingPathTracer] tree.threshold: 0.001
2025-05-18 17:25:51 INFO  main [MIFocalGuidingPathTracer] unboundedSplatting: true
2025-05-18 17:25:51 INFO  main [PluginManager] Loading plugin "plugins/independent.so" ..
2025-05-18 17:25:51 INFO  main [PluginManager] Loading plugin "plugins/box.so" ..
2025-05-18 17:25:51 INFO  main [PluginManager] Loading plugin "plugins/hdrfilm.so" ..
2025-05-18 17:25:51 INFO  main [PluginManager] Loading plugin "plugins/perspective.so" ..
2025-05-18 17:25:51 INFO  main [PluginManager] Loading plugin "plugins/dielectric.so" ..
2025-05-18 17:25:51 INFO  main [PluginManager] Loading plugin "plugins/bitmap.so" ..
2025-05-18 17:25:51 INFO  main [BitmapTexture] Loading texture "wood5.jpg"
2025-05-18 17:25:51 INFO  main [PluginManager] Loading plugin "plugins/lanczos.so" ..
2025-05-18 17:25:51 INFO  main [MIPMap] Generating MIP map cache file "/mitsuba/scene/modern-hall/textures/wood5.mip" ..
2025-05-18 17:25:51 INFO  main [PluginManager] Loading plugin "plugins/roughplastic.so" ..
2025-05-18 17:25:51 INFO  main [PluginManager] Loading plugin "plugins/twosided.so" ..
2025-05-18 17:25:51 INFO  main [BitmapTexture] Loading texture "Tiles.jpg"
2025-05-18 17:25:51 INFO  main [PluginManager] Loading plugin "plugins/diffuse.so" ..
2025-05-18 17:25:51 INFO  main [BitmapTexture] Loading texture "Wallpaper.jpg"
2025-05-18 17:25:51 INFO  main [PluginManager] Loading plugin "plugins/roughconductor.so" ..
2025-05-18 17:25:51 INFO  main [spectrum.cpp:599] "Cu.eta.spd": loaded a spectral power distribution with 55 entries (between 302.400421 and 885.601257 nm)
2025-05-18 17:25:51 INFO  main [spectrum.cpp:599] "Cu.k.spd": loaded a spectral power distribution with 55 entries (between 302.400421 and 885.601257 nm)
2025-05-18 17:25:51 INFO  main [spectrum.cpp:599] "Cu.eta.spd": loaded a spectral power distribution with 55 entries (between 302.400421 and 885.601257 nm)
2025-05-18 17:25:51 INFO  main [spectrum.cpp:599] "Cu.k.spd": loaded a spectral power distribution with 55 entries (between 302.400421 and 885.601257 nm)
2025-05-18 17:25:51 INFO  main [PluginManager] Loading plugin "plugins/difftrans.so" ..
2025-05-18 17:25:51 INFO  main [PluginManager] Loading plugin "plugins/area.so" ..
2025-05-18 17:25:51 INFO  main [PluginManager] Loading plugin "plugins/rectangle.so" ..
2025-05-18 17:25:51 INFO  main [PluginManager] Loading plugin "plugins/cube.so" ..
2025-05-18 17:25:51 INFO  main [PluginManager] Loading plugin "plugins/obj.so" ..
2025-05-18 17:25:51 INFO  main [WavefrontOBJ] Loading geometry from "Mesh008.obj" ..
2025-05-18 17:25:51 INFO  main [WavefrontOBJ] Mesh008: 5184 triangles, 2664 vertices (merged 12888 vertices).
2025-05-18 17:25:51 INFO  main [WavefrontOBJ] Done with "Mesh008.obj" (took 12 ms)
2025-05-18 17:25:51 INFO  main [WavefrontOBJ] Loading geometry from "Mesh004.obj" ..
2025-05-18 17:25:51 INFO  main [WavefrontOBJ] Mesh004: 5184 triangles, 2664 vertices (merged 12888 vertices).
2025-05-18 17:25:51 INFO  main [WavefrontOBJ] Done with "Mesh004.obj" (took 11 ms)
2025-05-18 17:25:51 INFO  main [WavefrontOBJ] Loading geometry from "Mesh003.obj" ..
2025-05-18 17:25:51 INFO  main [WavefrontOBJ] Mesh003: 5184 triangles, 2664 vertices (merged 12888 vertices).
2025-05-18 17:25:51 INFO  main [WavefrontOBJ] Done with "Mesh003.obj" (took 10 ms)
2025-05-18 17:25:51 INFO  main [WavefrontOBJ] Loading geometry from "Mesh006.obj" ..
2025-05-18 17:25:51 INFO  main [WavefrontOBJ] Mesh006: 5184 triangles, 2664 vertices (merged 12888 vertices).
2025-05-18 17:25:51 INFO  main [WavefrontOBJ] Done with "Mesh006.obj" (took 11 ms)
2025-05-18 17:25:51 INFO  main [WavefrontOBJ] Loading geometry from "Mesh012.obj" ..
2025-05-18 17:25:51 INFO  main [WavefrontOBJ] Mesh012: 444 triangles, 882 vertices (merged 450 vertices).
2025-05-18 17:25:51 INFO  main [WavefrontOBJ] Done with "Mesh012.obj" (took 2 ms)
2025-05-18 17:25:51 INFO  main [WavefrontOBJ] Loading geometry from "Mesh013.obj" ..
2025-05-18 17:25:52 INFO  main [WavefrontOBJ] Mesh013: 5184 triangles, 2664 vertices (merged 12888 vertices).
2025-05-18 17:25:52 INFO  main [WavefrontOBJ] Done with "Mesh013.obj" (took 11 ms)
2025-05-18 17:25:52 INFO  main [WavefrontOBJ] Loading geometry from "Mesh010.obj" ..
2025-05-18 17:25:52 INFO  main [WavefrontOBJ] Mesh010: 32 triangles, 60 vertices (merged 36 vertices).
2025-05-18 17:25:52 INFO  main [WavefrontOBJ] Done with "Mesh010.obj" (took 0 ms)
2025-05-18 17:25:52 INFO  main [WavefrontOBJ] Loading geometry from "Mesh015.obj" ..
2025-05-18 17:25:52 INFO  main [WavefrontOBJ] Mesh015: 32 triangles, 60 vertices (merged 36 vertices).
2025-05-18 17:25:52 INFO  main [WavefrontOBJ] Done with "Mesh015.obj" (took 0 ms)
2025-05-18 17:25:52 INFO  main [WavefrontOBJ] Loading geometry from "Mesh002.obj" ..
2025-05-18 17:25:52 INFO  main [WavefrontOBJ] Mesh002: 32 triangles, 60 vertices (merged 36 vertices).
2025-05-18 17:25:52 INFO  main [WavefrontOBJ] Done with "Mesh002.obj" (took 0 ms)
2025-05-18 17:25:52 INFO  main [WavefrontOBJ] Loading geometry from "Mesh007.obj" ..
2025-05-18 17:25:52 INFO  main [WavefrontOBJ] Mesh007: 32 triangles, 60 vertices (merged 36 vertices).
2025-05-18 17:25:52 INFO  main [WavefrontOBJ] Done with "Mesh007.obj" (took 0 ms)
2025-05-18 17:25:52 INFO  main [WavefrontOBJ] Loading geometry from "Mesh005.obj" ..
2025-05-18 17:25:52 INFO  main [WavefrontOBJ] Mesh005: 12 triangles, 20 vertices (merged 16 vertices).
2025-05-18 17:25:52 INFO  main [WavefrontOBJ] Done with "Mesh005.obj" (took 0 ms)
2025-05-18 17:25:52 INFO  main [WavefrontOBJ] Loading geometry from "Mesh016.obj" ..
2025-05-18 17:25:52 INFO  main [WavefrontOBJ] Mesh016: 120 triangles, 204 vertices (merged 156 vertices).
2025-05-18 17:25:52 INFO  main [WavefrontOBJ] Done with "Mesh016.obj" (took 0 ms)
2025-05-18 17:25:52 INFO  main [WavefrontOBJ] Loading geometry from "Mesh017.obj" ..
2025-05-18 17:25:52 INFO  main [WavefrontOBJ] Mesh017: 20 triangles, 40 vertices (merged 20 vertices).
2025-05-18 17:25:52 INFO  main [WavefrontOBJ] Done with "Mesh017.obj" (took 0 ms)
2025-05-18 17:25:52 INFO  main [WavefrontOBJ] Loading geometry from "Mesh018.obj" ..
2025-05-18 17:25:52 INFO  main [WavefrontOBJ] Mesh018: 2 triangles, 4 vertices (merged 2 vertices).
2025-05-18 17:25:52 INFO  main [WavefrontOBJ] Done with "Mesh018.obj" (took 0 ms)
2025-05-18 17:25:52 INFO  main [WavefrontOBJ] Loading geometry from "Mesh011.obj" ..
2025-05-18 17:25:52 INFO  main [WavefrontOBJ] Mesh011: 32 triangles, 30 vertices (merged 66 vertices).
2025-05-18 17:25:52 INFO  main [WavefrontOBJ] Done with "Mesh011.obj" (took 0 ms)
2025-05-18 17:25:52 INFO  main [PluginManager] Loading plugin "plugins/homogeneous.so" ..
2025-05-18 17:25:52 INFO  main [PluginManager] Loading plugin "plugins/isotropic.so" ..
2025-05-18 17:25:52 INFO  main [WavefrontOBJ] Loading geometry from "Mesh014.obj" ..
2025-05-18 17:25:52 INFO  main [WavefrontOBJ] Mesh014: 36 triangles, 72 vertices (merged 36 vertices).
2025-05-18 17:25:52 INFO  main [WavefrontOBJ] Done with "Mesh014.obj" (took 0 ms)
2025-05-18 17:25:52 INFO  main [WavefrontOBJ] Loading geometry from "Mesh001.obj" ..
2025-05-18 17:25:52 INFO  main [WavefrontOBJ] Mesh001: 924 triangles, 2016 vertices (merged 756 vertices).
2025-05-18 17:25:52 INFO  main [WavefrontOBJ] Done with "Mesh001.obj" (took 5 ms)
2025-05-18 17:25:52 INFO  main [WavefrontOBJ] Loading geometry from "Mesh000.obj" ..
2025-05-18 17:25:52 INFO  main [WavefrontOBJ] Mesh000: 3127 triangles, 2075 vertices (merged 7306 vertices).
2025-05-18 17:25:52 INFO  main [WavefrontOBJ] Done with "Mesh000.obj" (took 12 ms)
2025-05-18 17:25:52 INFO  main [WavefrontOBJ] Loading geometry from "Mesh009.obj" ..
2025-05-18 17:25:52 INFO  main [WavefrontOBJ] Mesh009: 146 triangles, 110 vertices (merged 328 vertices).
2025-05-18 17:25:52 INFO  main [WavefrontOBJ] Done with "Mesh009.obj" (took 0 ms)
2025-05-18 17:25:52 INFO  ren0 [KDTreeBase] Constructing a SAH kd-tree (30963 primitives) ..
2025-05-18 17:25:52 INFO  ren0 [KDTreeBase] Finished -- took 108 ms.
2025-05-18 17:25:52 INFO  ren0 [octree.h:535] root weight: 8.000e-20 (0.000000)
2025-05-18 17:25:52 INFO  ren0 [octree.h:536] splitting threshold: 8.000e-23 (0.000000)
2025-05-18 17:25:52 INFO  ren0 [octree.h:551] node count: 1 -> 585 -> 585

2025-05-18 17:25:52 INFO  ren0 [octree.h:535] root weight: 4.096e-17 (0.000000)
2025-05-18 17:25:52 INFO  ren0 [octree.h:536] splitting threshold: 4.096e-20 (0.000000)
2025-05-18 17:25:52 INFO  ren0 [octree.h:551] node count: 585 -> 585 -> 585

2025-05-18 17:25:52 INFO  ren0 [octree.h:535] root weight: 8.000e-20 (0.000000)
2025-05-18 17:25:52 INFO  ren0 [octree.h:536] splitting threshold: 8.000e-23 (0.000000)
2025-05-18 17:25:52 INFO  ren0 [octree.h:551] node count: 1 -> 585 -> 585

2025-05-18 17:25:52 INFO  ren0 [octree.h:535] root weight: 8.000e-20 (0.000000)
2025-05-18 17:25:52 INFO  ren0 [octree.h:536] splitting threshold: 8.000e-23 (0.000000)
2025-05-18 17:25:52 INFO  ren0 [octree.h:551] node count: 1 -> 585 -> 585

2025-05-18 17:25:52 INFO  ren0 [octree.h:535] root weight: 4.096e-17 (0.000000)
2025-05-18 17:25:52 INFO  ren0 [octree.h:536] splitting threshold: 4.096e-20 (0.000000)
2025-05-18 17:25:52 INFO  ren0 [octree.h:551] node count: 585 -> 585 -> 585

2025-05-18 17:25:52 INFO  ren0 [octree.h:535] root weight: 8.000e-20 (0.000000)
2025-05-18 17:25:52 INFO  ren0 [octree.h:536] splitting threshold: 8.000e-23 (0.000000)
2025-05-18 17:25:52 INFO  ren0 [octree.h:551] node count: 1 -> 585 -> 585

2025-05-18 17:25:52 INFO  ren0 [MIFocalGuidingPathTracer] AABB3[min=[-21.7494, -3.70393, -3.09172], max=[7.19249, 11.2965, 6.96201]]
2025-05-18 17:25:52 INFO  ren0 [MIFocalGuidingPathTracer] Starting render job (1280x720, 12 cores, SSE2 enabled) ..
2025-05-18 17:25:52 INFO  ren0 [MIFocalGuidingPathTracer] ITERATION 0, until 10.0 seconds
2025-05-18 17:26:02 INFO  ren0 [MIFocalGuidingPathTracer]   10.05 seconds elapsed, passes this iteration: 6, total passes: 6
2025-05-18 17:26:02 INFO  ren0 [MIFocalGuidingPathTracer] Got 119982 non-zero samples
2025-05-18 17:26:02 INFO  ren0 [gaussian_mixture_model.h:808] Processing mega batch of size 119982
2025-05-18 17:26:02 INFO  ren0 [gaussian_mixture_model.h:547] KMeans
2025-05-18 17:26:02 INFO  ren0 [MIFocalGuidingPathTracer] GMM[
weight = 0.0161028 mean = [-7.95701 2.34448 0.849242] covariance = [[7.44812 0.0761205 -0.205151][0.0761205 7.24437 0.531092][-0.205151 0.531092 6.12805]]
weight = 0.367709 mean = [2.78059 1.32727 -2.6139] covariance = [[0.829207 0.198763 0.151195][0.198763 0.819523 0.205455][0.151195 0.205455 0.541724]]
weight = 0.0961394 mean = [-4.97189 4.59722 -2.13868] covariance = [[2.97534 0.685479 -0.568599][0.685479 3.24435 -0.597834][-0.568599 -0.597834 1.50412]]
weight = 0.0161028 mean = [-11.6884 2.96245 1.65823] covariance = [[7.44812 0.0761205 -0.205151][0.0761205 7.24437 0.531092][-0.205151 0.531092 6.12805]]
weight = 0.0269534 mean = [-0.786563 -0.845935 1.03096] covariance = [[10.9747 0.0620326 0.538477][0.0620326 2.3998 -0.417777][0.538477 -0.417777 4.83528]]
weight = 0.0770586 mean = [5.45754 2.69106 5.09778] covariance = [[1.49175 0.183536 -0.0603937][0.183536 3.42168 -0.0848775][-0.0603937 -0.0848775 2.03751]]
weight = 0.205376 mean = [-0.465686 3.03736 -2.79062] covariance = [[1.9372 -0.735038 0.100821][-0.735038 0.841544 0.0693892][0.100821 0.0693892 0.233346]]
weight = 0.0101785 mean = [-6.51467 7.75508 1.70406] covariance = [[8.23508 -0.00148848 1.55749][-0.00148848 5.10751 -2.33272][1.55749 -2.33272 5.65204]]
weight = 0.18438 mean = [2.81896 3.15881 1.08226] covariance = [[9.28359 -2.76554 -1.84695][-2.76554 5.03312 0.815194][-1.84695 0.815194 2.97435]]
]
2025-05-18 17:26:02 INFO  ren0 [octree.h:535] root weight: 2.763e+06 (2762649.000000)
2025-05-18 17:26:02 INFO  ren0 [octree.h:536] splitting threshold: 2.763e+03 (2762.649170)
2025-05-18 17:26:02 INFO  ren0 [octree.h:535] root weight: 3.175e+05 (317486.843750)
2025-05-18 17:26:02 INFO  ren0 [octree.h:536] splitting threshold: 3.175e+02 (317.486847)
2025-05-18 17:26:02 INFO  ren0 [octree.h:551] node count: 585 -> 887 -> 701

2025-05-18 17:26:02 INFO  ren0 [octree.h:551] node count: 585 -> 603 -> 438

2025-05-18 17:26:02 INFO  ren0 [MIFocalGuidingPathTracer] ITERATION 1, until 20.0 seconds
2025-05-18 17:26:20 INFO  ren0 [MIFocalGuidingPathTracer]   28.29 seconds elapsed, passes this iteration: 1, total passes: 7
2025-05-18 17:26:20 INFO  ren0 [MIFocalGuidingPathTracer] Got 70090 non-zero samples
2025-05-18 17:26:20 INFO  ren0 [gaussian_mixture_model.h:808] Processing mega batch of size 70090
2025-05-18 17:26:20 INFO  ren0 [MIFocalGuidingPathTracer] GMM[
weight = 0.305984 mean = [2.74964 1.30648 -2.62884] covariance = [[0.647083 0.187012 0.106598][0.187012 0.801498 0.127368][0.106598 0.127368 0.387342]]
weight = 0.170436 mean = [-4.97038 5.07352 -2.48797] covariance = [[1.48153 0.314786 -0.323538][0.314786 1.66861 -0.624511][-0.323538 -0.624511 1.02971]]
weight = 0.0362551 mean = [-0.106901 -0.825 1.31747] covariance = [[12.1823 -0.691181 0.234155][-0.691181 2.57867 -0.232824][0.234155 -0.232824 5.99087]]
weight = 0.0599442 mean = [5.30143 2.24548 4.72733] covariance = [[1.97388 0.298798 -0.405247][0.298798 2.7897 0.057395][-0.405247 0.057395 2.01634]]
weight = 0.162998 mean = [-0.712335 3.15114 -2.77908] covariance = [[2.97058 -1.41705 0.113311][-1.41705 1.13078 0.0190914][0.113311 0.0190914 0.180935]]
weight = 0.0445791 mean = [-8.16063 3.93896 1.25761] covariance = [[10.0475 1.40375 0.259834][1.40375 11.3742 -0.191138][0.259834 -0.191138 6.01331]]
weight = 0.219803 mean = [3.11215 2.72747 0.610083] covariance = [[7.92872 -1.73091 -1.71625][-1.73091 4.60968 -0.324025][-1.71625 -0.324025 3.62573]]
]
2025-05-18 17:26:20 INFO  ren0 [octree.h:535] root weight: 2.085e+06 (2084846.625000)
2025-05-18 17:26:20 INFO  ren0 [octree.h:536] splitting threshold: 2.085e+03 (2084.846680)
2025-05-18 17:26:20 INFO  ren0 [octree.h:535] root weight: 2.312e+05 (231196.687500)
2025-05-18 17:26:20 INFO  ren0 [octree.h:536] splitting threshold: 2.312e+02 (231.196701)
2025-05-18 17:26:20 INFO  ren0 [octree.h:551] node count: 701 -> 788 -> 756

2025-05-18 17:26:20 INFO  ren0 [octree.h:551] node count: 438 -> 457 -> 453

2025-05-18 17:26:20 INFO  ren0 [MIFocalGuidingPathTracer] ITERATION 2, until 30.0 seconds
2025-05-18 17:26:35 INFO  ren0 [MIFocalGuidingPathTracer]   43.44 seconds elapsed, passes this iteration: 1, total passes: 8
2025-05-18 17:26:35 INFO  ren0 [MIFocalGuidingPathTracer] Got 73569 non-zero samples
2025-05-18 17:26:35 INFO  ren0 [gaussian_mixture_model.h:808] Processing mega batch of size 73569
2025-05-18 17:26:35 INFO  ren0 [MIFocalGuidingPathTracer] GMM[
weight = 0.182263 mean = [2.44016 0.935081 -2.83085] covariance = [[0.327408 -0.0202084 0.0210259][-0.0202084 0.327424 0.0158638][0.0210259 0.0158638 0.226623]]
weight = 0.182263 mean = [2.96071 1.49065 -2.60699] covariance = [[0.327408 -0.0202084 0.0210259][-0.0202084 0.327424 0.0158638][0.0210259 0.0158638 0.226623]]
weight = 0.0449949 mean = [-4.58034 5.55855 -2.80357] covariance = [[1.21996 -0.119642 0.045294][-0.119642 0.917473 -0.206715][0.045294 -0.206715 0.75143]]
weight = 0.0449949 mean = [-5.2456 4.56097 -2.06667] covariance = [[1.21996 -0.119642 0.045294][-0.119642 0.917473 -0.206715][0.045294 -0.206715 0.75143]]
weight = 0.0161856 mean = [1.36898 -0.822703 0.705095] covariance = [[6.01549 -0.192204 -0.0117474][-0.192204 2.59579 0.303351][-0.0117474 0.303351 5.34893]]
weight = 0.0161856 mean = [-2.09349 -0.615283 0.857756] covariance = [[6.01549 -0.192204 -0.0117474][-0.192204 2.59579 0.303351][-0.0117474 0.303351 5.34893]]
weight = 0.192494 mean = [-0.544481 2.99301 -2.84323] covariance = [[2.76111 -1.45636 0.0576196][-1.45636 1.01657 0.0135349][0.0576196 0.0135349 0.108683]]
weight = 0.020982 mean = [-6.17587 4.26044 1.97625] covariance = [[6.09147 -0.247955 -0.764831][-0.247955 9.42734 -0.788049][-0.764831 -0.788049 6.36687]]
weight = 0.299636 mean = [3.50176 2.82262 1.1113] covariance = [[7.05062 -1.02664 -0.289637][-1.02664 3.58116 0.0852588][-0.289637 0.0852588 5.18455]]
]
2025-05-18 17:26:35 INFO  ren0 [octree.h:535] root weight: 1.642e+06 (1641966.000000)
2025-05-18 17:26:35 INFO  ren0 [octree.h:536] splitting threshold: 1.642e+03 (1641.966064)
2025-05-18 17:26:35 INFO  ren0 [octree.h:535] root weight: 2.087e+05 (208686.703125)
2025-05-18 17:26:35 INFO  ren0 [octree.h:536] splitting threshold: 2.087e+02 (208.686707)
2025-05-18 17:26:35 INFO  ren0 [octree.h:551] node count: 756 -> 854 -> 754

2025-05-18 17:26:35 INFO  ren0 [octree.h:551] node count: 453 -> 470 -> 453

2025-05-18 17:26:35 INFO  ren0 [MIFocalGuidingPathTracer] ITERATION 3, until 40.0 seconds
2025-05-18 17:26:55 INFO  ren0 [MIFocalGuidingPathTracer]   63.64 seconds elapsed, passes this iteration: 1, total passes: 9
2025-05-18 17:26:55 INFO  ren0 [MIFocalGuidingPathTracer] Got 144173 non-zero samples
2025-05-18 17:26:55 INFO  ren0 [gaussian_mixture_model.h:808] Processing mega batch of size 144173
2025-05-18 17:26:55 INFO  ren0 [MIFocalGuidingPathTracer] GMM[
weight = 0.0547253 mean = [2.56002 1.16406 -2.97709] covariance = [[0.0403089 -0.000807124 0.002365][-0.000807124 0.0346791 -0.00217411][0.002365 -0.00217411 0.0327617]]
weight = 0.0624002 mean = [2.96169 1.39631 -2.61057] covariance = [[0.273354 -0.0160126 0.024504][-0.0160126 0.285693 -0.000578415][0.024504 -0.000578415 0.191516]]
weight = 0.0547253 mean = [2.47117 0.937473 -2.86972] covariance = [[0.0403089 -0.000807124 0.002365][-0.000807124 0.0346791 -0.00217411][0.002365 -0.00217411 0.0327617]]
weight = 0.0290793 mean = [-5.11281 5.01002 -2.21844] covariance = [[1.72971 0.244229 -0.137052][0.244229 0.873598 -0.302319][-0.137052 -0.302319 0.935618]]
weight = 0.0624002 mean = [2.42622 0.928695 -2.78049] covariance = [[0.273354 -0.0160126 0.024504][-0.0160126 0.285693 -0.000578415][0.024504 -0.000578415 0.191516]]
weight = 0.0420985 mean = [2.50579 0.971272 -2.89416] covariance = [[0.0199342 -0.000549443 0.00177403][-0.000549443 0.0354801 -0.0131118][0.00177403 -0.0131118 0.0292739]]
weight = 0.225711 mean = [-0.140711 2.64651 -2.93898] covariance = [[1.61594 -0.915282 0.00256573][-0.915282 0.6402 0.0039409][0.00256573 0.0039409 0.0349083]]
weight = 0.0618864 mean = [-3.71419 1.78129 0.324894] covariance = [[19.4162 -7.25852 -1.57057][-7.25852 11.2537 1.2831][-1.57057 1.2831 4.8638]]
weight = 0.406974 mean = [3.84944 3.14417 1.56104] covariance = [[6.05242 0.0289787 1.70154][0.0289787 3.72886 1.14269][1.70154 1.14269 8.05108]]
]
2025-05-18 17:26:55 INFO  ren0 [octree.h:535] root weight: 1.558e+06 (1557618.500000)
2025-05-18 17:26:55 INFO  ren0 [octree.h:536] splitting threshold: 1.558e+03 (1557.618530)
2025-05-18 17:26:55 INFO  ren0 [octree.h:535] root weight: 2.011e+05 (201105.625000)
2025-05-18 17:26:55 INFO  ren0 [octree.h:536] splitting threshold: 2.011e+02 (201.105637)
2025-05-18 17:26:55 INFO  ren0 [octree.h:551] node count: 754 -> 874 -> 776

2025-05-18 17:26:55 INFO  ren0 [octree.h:551] node count: 453 -> 465 -> 449

2025-05-18 17:26:55 INFO  ren0 [MIFocalGuidingPathTracer] ITERATION 4, until 50.0 seconds
2025-05-18 17:27:17 INFO  ren0 [MIFocalGuidingPathTracer]   85.23 seconds elapsed, passes this iteration: 1, total passes: 10
2025-05-18 17:27:17 INFO  ren0 [MIFocalGuidingPathTracer] Got 377482 non-zero samples
2025-05-18 17:27:17 INFO  ren0 [gaussian_mixture_model.h:808] Processing mega batch of size 377482
2025-05-18 17:27:17 INFO  ren0 [MIFocalGuidingPathTracer] GMM[
weight = 0.00147545 mean = [-5.45467 3.42747 -1.5548] covariance = [[1.0279 0.020737 0.114017][0.020737 0.519103 -0.239703][0.114017 -0.239703 0.359307]]
weight = 0.00147545 mean = [-6.87787 3.48814 -1.81168] covariance = [[1.0279 0.020737 0.114017][0.020737 0.519103 -0.239703][0.114017 -0.239703 0.359307]]
weight = 0.0101779 mean = [-4.41678 4.30336 -2.11803] covariance = [[3.43564 0.217373 -0.0521972][0.217373 0.46006 -0.175456][-0.0521972 -0.175456 0.22673]]
weight = 0.235261 mean = [2.58517 1.08569 -2.93] covariance = [[0.0281477 0.00045926 0.00439431][0.00045926 0.029141 -0.000911348][0.00439431 -0.000911348 0.0257953]]
weight = 0.0101779 mean = [-7.03694 4.10994 -2.06512] covariance = [[3.43564 0.217373 -0.0521972][0.217373 0.46006 -0.175456][-0.0521972 -0.175456 0.22673]]
weight = 0.00220219 mean = [-7.87627 3.80881 -1.90523] covariance = [[0.459851 -0.165522 0.113452][-0.165522 0.119823 -0.0297284][0.113452 -0.0297284 0.0593906]]
weight = 0.249828 mean = [-0.410173 2.84384 -2.96944] covariance = [[4.20304 -2.53885 -0.010217][-2.53885 1.55152 0.0051528][-0.010217 0.0051528 0.00286281]]
weight = 0.0785707 mean = [-2.94764 3.52898 1.13924] covariance = [[10.118 1.37108 -0.701629][1.37108 6.73773 0.264315][-0.701629 0.264315 4.79595]]
weight = 0.410832 mean = [3.62143 2.83145 0.278425] covariance = [[4.6232 0.26698 1.42404][0.26698 4.0671 0.8506][1.42404 0.8506 6.54446]]
]
2025-05-18 17:27:17 INFO  ren0 [octree.h:535] root weight: 1.431e+06 (1430646.375000)
2025-05-18 17:27:17 INFO  ren0 [octree.h:536] splitting threshold: 1.431e+03 (1430.646484)
2025-05-18 17:27:17 INFO  ren0 [octree.h:535] root weight: 1.619e+05 (161858.078125)
2025-05-18 17:27:17 INFO  ren0 [octree.h:536] splitting threshold: 1.619e+02 (161.858093)
2025-05-18 17:27:17 INFO  ren0 [octree.h:551] node count: 776 -> 875 -> 776

2025-05-18 17:27:17 INFO  ren0 [octree.h:551] node count: 449 -> 460 -> 449

2025-05-18 17:27:17 INFO  ren0 [MIFocalGuidingPathTracer] ITERATION 5, until 60.0 seconds
2025-05-18 17:27:39 INFO  ren0 [MIFocalGuidingPathTracer]   107.19 seconds elapsed, passes this iteration: 1, total passes: 11
2025-05-18 17:27:39 INFO  ren0 [MIFocalGuidingPathTracer] Got 977051 non-zero samples
2025-05-18 17:27:39 INFO  ren0 [gaussian_mixture_model.h:808] Processing mega batch of size 977051
2025-05-18 17:27:40 INFO  ren0 [MIFocalGuidingPathTracer] GMM[
weight = 0.00227635 mean = [-0.956461 3.15185 -2.55297] covariance = [[4.17281 -1.25787 -0.132918][-1.25787 1.50138 -0.0779344][-0.132918 -0.0779344 0.222541]]
weight = 0.0767009 mean = [0.627334 2.31929 -2.69108] covariance = [[5.12433 -2.52618 -0.194651][-2.52618 1.493 0.0958605][-0.194651 0.0958605 0.0986268]]
weight = 0.160883 mean = [2.56902 1.09763 -2.98303] covariance = [[0.00277942 -6.85933e-05 -0.000231574][-6.85933e-05 0.00219703 -5.37856e-05][-0.000231574 -5.37856e-05 0.000137603]]
weight = 0.00440294 mean = [-2.75044 4.21677 -2.98402] covariance = [[3.37265 -2.00833 -0.00636132][-2.00833 1.20001 0.00390406][-0.00636132 0.00390406 1.62843e-05]]
weight = 0.00879404 mean = [-5.60467 4.65298 -2.35122] covariance = [[6.66891 -1.24332 -0.718395][-1.24332 1.10197 -0.0411089][-0.718395 -0.0411089 0.252994]]
weight = 0.185296 mean = [0.511276 2.27299 -2.98419] covariance = [[2.57907 -1.55446 -0.00397034][-1.55446 0.942689 0.00234127][-0.00397034 0.00234127 2.8069e-05]]
weight = 0.0207496 mean = [-7.99031 2.53969 -0.476158] covariance = [[4.4133 -1.1941 -0.386214][-1.1941 8.1247 -1.98343][-0.386214 -1.98343 3.68573]]
weight = 0.540896 mean = [3.31887 2.68583 0.409182] covariance = [[6.74452 0.512087 0.322349][0.512087 3.9805 0.431003][0.322349 0.431003 6.35785]]
]
2025-05-18 17:27:40 INFO  ren0 [octree.h:535] root weight: 1.459e+06 (1459299.875000)
2025-05-18 17:27:40 INFO  ren0 [octree.h:536] splitting threshold: 1.459e+03 (1459.299927)
2025-05-18 17:27:40 INFO  ren0 [octree.h:535] root weight: 1.610e+05 (160954.203125)
2025-05-18 17:27:40 INFO  ren0 [octree.h:536] splitting threshold: 1.610e+02 (160.954208)
2025-05-18 17:27:40 INFO  ren0 [octree.h:551] node count: 776 -> 883 -> 786

2025-05-18 17:27:40 INFO  ren0 [octree.h:551] node count: 449 -> 457 -> 445

2025-05-18 17:27:40 INFO  ren0 [MIFocalGuidingPathTracer] ITERATION 6, until 70.0 seconds
2025-05-18 17:28:02 INFO  ren0 [MIFocalGuidingPathTracer]   130.14 seconds elapsed, passes this iteration: 1, total passes: 12
2025-05-18 17:28:02 INFO  ren0 [MIFocalGuidingPathTracer] Got 4130226 non-zero samples
2025-05-18 17:28:02 INFO  ren0 [gaussian_mixture_model.h:808] Processing mega batch of size 4130226
2025-05-18 17:28:05 INFO  ren0 [MIFocalGuidingPathTracer] GMM[
weight = 0.00107639 mean = [0.0917482 2.52314 -2.96101] covariance = [[2.22345e-05 -1.38966e-06 1.78667e-06][-1.38966e-06 2.14386e-05 2.33782e-06][1.78667e-06 2.33782e-06 1.8445e-05]]
weight = 0.00107639 mean = [0.0958967 2.52008 -2.96096] covariance = [[2.22345e-05 -1.38966e-06 1.78667e-06][-1.38966e-06 2.14386e-05 2.33782e-06][1.78667e-06 2.33782e-06 1.8445e-05]]
weight = 3.23941e-05 mean = [-0.0190997 2.57757 -2.98543] covariance = [[1.00426e-05 1.98915e-08 1.34424e-09][1.98915e-08 9.43336e-06 6.75294e-07][1.34424e-09 6.75294e-07 9.22411e-06]]
weight = 0.00781558 mean = [0.0199823 2.53519 -2.98764] covariance = [[0.004774 -0.00068332 0.000219675][-0.00068332 0.000361009 -1.16338e-05][0.000219675 -1.16338e-05 7.48573e-05]]
weight = 0.0259592 mean = [0.0934788 2.52182 -2.96121] covariance = [[4.17105e-05 -2.24931e-05 1.40452e-05][-2.24931e-05 2.82808e-05 -8.06617e-06][1.40452e-05 -8.06617e-06 1.90214e-05]]
weight = 0.0194052 mean = [0.129755 2.61367 -2.99121] covariance = [[5.08136e-05 3.22194e-05 -1.90901e-05][3.22194e-05 4.19427e-05 -1.68208e-05][-1.90901e-05 -1.68208e-05 2.01014e-05]]
weight = 0.000178143 mean = [0.00640457 2.57933 -2.97491] covariance = [[0.000246566 -0.000171282 9.99035e-05][-0.000171282 0.000173766 -0.000118417][9.99035e-05 -0.000118417 0.000168417]]
weight = 0.944457 mean = [1.99784 2.68408 -0.0239829] covariance = [[13.6465 -3.42852 4.23893][-3.42852 4.51128 -0.0352815][4.23893 -0.0352815 9.58771]]
]
2025-05-18 17:28:05 INFO  ren0 [octree.h:535] root weight: 1.417e+06 (1416724.500000)
2025-05-18 17:28:05 INFO  ren0 [octree.h:536] splitting threshold: 1.417e+03 (1416.724609)
2025-05-18 17:28:05 INFO  ren0 [octree.h:535] root weight: 1.762e+05 (176207.046875)
2025-05-18 17:28:05 INFO  ren0 [octree.h:536] splitting threshold: 1.762e+02 (176.207062)
2025-05-18 17:28:05 INFO  ren0 [octree.h:551] node count: 786 -> 897 -> 811

2025-05-18 17:28:05 INFO  ren0 [octree.h:551] node count: 445 -> 458 -> 453

2025-05-18 17:28:05 INFO  ren0 [MIFocalGuidingPathTracer] ITERATION 7, until 80.0 seconds
2025-05-18 17:28:23 INFO  ren0 [MIFocalGuidingPathTracer]   150.91 seconds elapsed, passes this iteration: 1, total passes: 13
2025-05-18 17:28:23 INFO  ren0 [MIFocalGuidingPathTracer] Got 1122933 non-zero samples
2025-05-18 17:28:23 INFO  ren0 [gaussian_mixture_model.h:808] Processing mega batch of size 1122933
2025-05-18 17:28:23 INFO  ren0 [MIFocalGuidingPathTracer] GMM[
weight = 0.000470915 mean = [0.154802 2.50411 -2.98905] covariance = [[0.00021038 -2.61928e-06 -2.99986e-05][-2.61928e-06 0.000161538 -4.59913e-05][-2.99986e-05 -4.59913e-05 7.63906e-05]]
weight = 2.23258e-05 mean = [0.128034 2.49004 -2.98987] covariance = [[7.96462e-05 1.93771e-05 4.81209e-06][1.93771e-05 7.53406e-05 1.02774e-05][4.81209e-06 1.02774e-05 3.8043e-05]]
weight = 0.000278926 mean = [0.12043 2.50334 -2.98191] covariance = [[0.00051416 -1.48491e-05 -0.00012085][-1.48491e-05 0.000128878 -3.76133e-05][-0.00012085 -3.76133e-05 0.000158701]]
weight = 0.000470915 mean = [0.135368 2.50077 -2.98385] covariance = [[0.00021038 -2.61928e-06 -2.99986e-05][-2.61928e-06 0.000161538 -4.59913e-05][-2.99986e-05 -4.59913e-05 7.63906e-05]]
weight = 2.23258e-05 mean = [0.118417 2.4811 -2.99214] covariance = [[7.96462e-05 1.93771e-05 4.81209e-06][1.93771e-05 7.53406e-05 1.02774e-05][4.81209e-06 1.02774e-05 3.8043e-05]]
weight = 0.000278926 mean = [0.0889747 2.50359 -2.97225] covariance = [[0.00051416 -1.48491e-05 -0.00012085][-1.48491e-05 0.000128878 -3.76133e-05][-0.00012085 -3.76133e-05 0.000158701]]
weight = 0.0323475 mean = [0.0698913 2.49952 -2.96823] covariance = [[0.000833388 -5.98934e-05 0.000171536][-5.98934e-05 0.00167771 1.01143e-05][0.000171536 1.01143e-05 8.92141e-05]]
weight = 0.0365735 mean = [0.118332 2.54297 -2.98383] covariance = [[0.000771786 -5.1505e-05 0.000277867][-5.1505e-05 0.000556535 -9.48433e-05][0.000277867 -9.48433e-05 0.000187014]]
weight = 0.929535 mean = [0.755416 2.11555 -1.22269] covariance = [[22.9882 -1.29426 -3.09853][-1.29426 4.31574 0.739891][-3.09853 0.739891 6.20251]]
]
2025-05-18 17:28:23 INFO  ren0 [octree.h:535] root weight: 1.619e+06 (1618539.125000)
2025-05-18 17:28:23 INFO  ren0 [octree.h:536] splitting threshold: 1.619e+03 (1618.539185)
2025-05-18 17:28:23 INFO  ren0 [octree.h:535] root weight: 2.280e+05 (228043.640625)
2025-05-18 17:28:23 INFO  ren0 [octree.h:536] splitting threshold: 2.280e+02 (228.043655)
2025-05-18 17:28:23 INFO  ren0 [octree.h:551] node count: 811 -> 932 -> 797

2025-05-18 17:28:23 INFO  ren0 [octree.h:551] node count: 453 -> 476 -> 458

2025-05-18 17:28:23 INFO  ren0 [MIFocalGuidingPathTracer] ITERATION 8, until 90.0 seconds
2025-05-18 17:28:40 INFO  ren0 [MIFocalGuidingPathTracer]   167.88 seconds elapsed, passes this iteration: 1, total passes: 14
2025-05-18 17:28:40 INFO  ren0 [MIFocalGuidingPathTracer] Got 1036986 non-zero samples
2025-05-18 17:28:40 INFO  ren0 [gaussian_mixture_model.h:808] Processing mega batch of size 1036986
2025-05-18 17:28:40 INFO  ren0 [MIFocalGuidingPathTracer] GMM[
weight = 0.00158858 mean = [0.14027 2.61933 -2.98428] covariance = [[0.000235766 8.47649e-05 1.25405e-05][8.47649e-05 0.000638885 6.7108e-05][1.25405e-05 6.7108e-05 1.82293e-05]]
weight = 0.00112734 mean = [0.171287 2.41408 -2.97906] covariance = [[0.000789147 -0.00038445 0.000113172][-0.00038445 0.00158243 -0.000128657][0.000113172 -0.000128657 6.21183e-05]]
weight = 0.0152742 mean = [0.105769 2.48855 -2.99509] covariance = [[0.000140596 0.000259541 2.64739e-05][0.000259541 0.000889223 0.000100654][2.64739e-05 0.000100654 1.25414e-05]]
weight = 0.000133915 mean = [0.188914 2.44304 -2.97288] covariance = [[0.00116456 -0.000847478 0.000242494][-0.000847478 0.00109871 -0.000115345][0.000242494 -0.000115345 7.62404e-05]]
weight = 0.00158858 mean = [0.133171 2.58409 -2.98808] covariance = [[0.000235766 8.47649e-05 1.25405e-05][8.47649e-05 0.000638885 6.7108e-05][1.25405e-05 6.7108e-05 1.82293e-05]]
weight = 0.00112734 mean = [0.148952 2.46846 -2.98469] covariance = [[0.000789147 -0.00038445 0.000113172][-0.00038445 0.00158243 -0.000128657][0.000113172 -0.000128657 6.21183e-05]]
weight = 0.00204032 mean = [0.0836486 2.5573 -2.97128] covariance = [[0.000265201 -1.87775e-05 -8.56565e-06][-1.87775e-05 7.10827e-05 -3.82916e-06][-8.56565e-06 -3.82916e-06 0.00012865]]
weight = 0.00472306 mean = [0.123533 2.54003 -2.98323] covariance = [[0.000288938 -3.81041e-05 -1.38274e-05][-3.81041e-05 0.000300977 2.5061e-05][-1.38274e-05 2.5061e-05 0.000150722]]
weight = 0.972397 mean = [1.22811 2.55798 -1.03458] covariance = [[13.0209 -2.69024 0.125348][-2.69024 3.88274 1.19099][0.125348 1.19099 5.84221]]
]
2025-05-18 17:28:40 INFO  ren0 [octree.h:535] root weight: 1.485e+06 (1485110.500000)
2025-05-18 17:28:40 INFO  ren0 [octree.h:536] splitting threshold: 1.485e+03 (1485.110596)
2025-05-18 17:28:40 INFO  ren0 [octree.h:535] root weight: 1.925e+05 (192549.671875)
2025-05-18 17:28:40 INFO  ren0 [octree.h:536] splitting threshold: 1.925e+02 (192.549683)
2025-05-18 17:28:40 INFO  ren0 [octree.h:551] node count: 797 -> 915 -> 827

2025-05-18 17:28:40 INFO  ren0 [octree.h:551] node count: 458 -> 474 -> 458

2025-05-18 17:28:40 INFO  ren0 [MIFocalGuidingPathTracer] ITERATION 9, until 100.0 seconds
2025-05-18 17:28:58 INFO  ren0 [MIFocalGuidingPathTracer]   186.49 seconds elapsed, passes this iteration: 1, total passes: 15
2025-05-18 17:28:58 INFO  ren0 [pmm_focal_guiding_recursive.cpp:214] starting iterative narrowing
2025-05-18 17:28:58 INFO  ren0 [MIFocalGuidingPathTracer] Got 468481 non-zero samples
2025-05-18 17:28:58 INFO  ren0 [gaussian_mixture_model.h:808] Processing mega batch of size 468481
2025-05-18 17:28:58 INFO  ren0 [MIFocalGuidingPathTracer] GMM[
weight = 4.42321e-05 mean = [0.162918 2.56112 -2.96901] covariance = [[0.000154368 2.09117e-05 -3.23762e-05][2.09117e-05 0.000138667 -1.1717e-05][-3.23762e-05 -1.1717e-05 8.01178e-05]]
weight = 4.42321e-05 mean = [0.155551 2.57426 -2.96714] covariance = [[0.000154368 2.09117e-05 -3.23762e-05][2.09117e-05 0.000138667 -1.1717e-05][-3.23762e-05 -1.1717e-05 8.01178e-05]]
weight = 2.27177e-05 mean = [0.14277 2.57972 -2.97126] covariance = [[0.000176741 8.46974e-05 -6.14134e-05][8.46974e-05 0.00021084 -9.92452e-05][-6.14134e-05 -9.92452e-05 0.000186325]]
weight = 0.00151936 mean = [0.0737287 2.48934 -2.99454] covariance = [[0.000153178 -9.7906e-05 1.46631e-06][-9.7906e-05 0.00013455 2.08643e-05][1.46631e-06 2.08643e-05 1.31598e-05]]
weight = 0.000238879 mean = [0.161286 2.56314 -2.96066] covariance = [[0.000422999 -0.000105977 -0.000368776][-0.000105977 0.00156605 -0.000155474][-0.000368776 -0.000155474 0.000915898]]
weight = 0.0496142 mean = [0.10212 2.47983 -2.986] covariance = [[0.00353654 0.00141663 0.000168324][0.00141663 0.00104786 0.00013927][0.000168324 0.00013927 7.33544e-05]]
weight = 0.0156565 mean = [0.0752049 2.56828 -2.98733] covariance = [[0.000260254 4.07703e-05 -5.27123e-05][4.07703e-05 0.000105624 -4.83953e-05][-5.27123e-05 -4.83953e-05 0.000125155]]
weight = 0.00630477 mean = [0.112474 2.48664 -2.96445] covariance = [[0.000366966 0.000106186 5.06276e-05][0.000106186 0.000135342 5.04709e-05][5.06276e-05 5.04709e-05 7.66966e-05]]
weight = 0.926555 mean = [1.79759 2.46697 -0.919811] covariance = [[12.9203 -1.43639 0.230294][-1.43639 3.73736 1.21222][0.230294 1.21222 5.55066]]
]
2025-05-18 17:28:58 INFO  ren0 [octree.h:535] root weight: 1.733e+06 (1733218.500000)
2025-05-18 17:28:58 INFO  ren0 [octree.h:536] splitting threshold: 1.733e+03 (1733.218628)
2025-05-18 17:28:58 INFO  ren0 [octree.h:535] root weight: 2.297e+05 (229717.078125)
2025-05-18 17:28:58 INFO  ren0 [octree.h:536] splitting threshold: 2.297e+02 (229.717087)
2025-05-18 17:28:58 INFO  ren0 [octree.h:551] node count: 827 -> 932 -> 802

2025-05-18 17:28:58 INFO  ren0 [octree.h:551] node count: 458 -> 478 -> 463

2025-05-18 17:28:58 INFO  ren0 [MIFocalGuidingPathTracer] ITERATION 10, until 110.0 seconds
2025-05-18 17:29:18 INFO  ren0 [MIFocalGuidingPathTracer]   206.03 seconds elapsed, passes this iteration: 1, total passes: 16
2025-05-18 17:29:18 INFO  ren0 [MIFocalGuidingPathTracer] Got 1128563 non-zero samples
2025-05-18 17:29:18 INFO  ren0 [gaussian_mixture_model.h:808] Processing mega batch of size 1128563
2025-05-18 17:29:18 INFO  ren0 [MIFocalGuidingPathTracer] GMM[
weight = 0.000250726 mean = [0.134946 2.53984 -2.96511] covariance = [[0.00043653 -0.000164386 2.6306e-05][-0.000164386 0.000553023 -2.36252e-06][2.6306e-05 -2.36252e-06 0.000138101]]
weight = 0.000138643 mean = [0.0850245 2.51384 -2.94269] covariance = [[0.000117375 -0.0001829 -4.19473e-05][-0.0001829 0.000455697 0.000141898][-4.19473e-05 0.000141898 8.72808e-05]]
weight = 0.999611 mean = [2.37873 1.19842 -2.97453] covariance = [[1.3279 -0.793526 -0.000154263][-0.793526 0.475299 0.000468675][-0.000154263 0.000468675 0.000472148]]
]
2025-05-18 17:29:18 INFO  ren0 [octree.h:535] root weight: 3.495e+07 (34954316.000000)
2025-05-18 17:29:18 INFO  ren0 [octree.h:536] splitting threshold: 3.495e+04 (34954.316406)
2025-05-18 17:29:18 INFO  ren0 [octree.h:535] root weight: 6.111e+04 (61107.843750)
2025-05-18 17:29:18 INFO  ren0 [octree.h:536] splitting threshold: 6.111e+01 (61.107845)
2025-05-18 17:29:18 INFO  ren0 [octree.h:551] node count: 802 -> 1176 -> 1031

2025-05-18 17:29:18 INFO  ren0 [octree.h:551] node count: 463 -> 463 -> 455

2025-05-18 17:29:18 INFO  ren0 [MIFocalGuidingPathTracer] ITERATION 11, until 120.0 seconds
2025-05-18 17:29:24 INFO  ren0 [MIFocalGuidingPathTracer]   212.80 seconds elapsed, passes this iteration: 1, total passes: 17
2025-05-18 17:29:24 INFO  ren0 [MIFocalGuidingPathTracer] Got 3637596 non-zero samples
2025-05-18 17:29:25 INFO  ren0 [gaussian_mixture_model.h:808] Processing mega batch of size 3637596
2025-05-18 17:29:27 INFO  ren0 [MIFocalGuidingPathTracer] GMM[
weight = 0.000140673 mean = [-2.30867 3.97626 -2.93264] covariance = [[2.27646e-05 -3.76185e-06 3.29499e-07][-3.76185e-06 2.57299e-05 -2.38486e-06][3.29499e-07 -2.38486e-06 2.61753e-05]]
weight = 0.000511462 mean = [1.01991 1.93502 -2.95375] covariance = [[0.925887 -0.104963 -0.0130542][-0.104963 0.359076 0.00165173][-0.0130542 0.00165173 0.000228962]]
weight = 0.000140673 mean = [-2.30517 3.97891 -2.93181] covariance = [[2.27646e-05 -3.76185e-06 3.29499e-07][-3.76185e-06 2.57299e-05 -2.38486e-06][3.29499e-07 -2.38486e-06 2.61753e-05]]
weight = 0.0296656 mean = [-2.22579 3.96229 -2.89436] covariance = [[0.0240551 -0.0151294 -0.000447899][-0.0151294 0.0103988 0.000315879][-0.000447899 0.000315879 1.06636e-05]]
weight = 5.51316e-05 mean = [5.78085 1.06433 -2.94029] covariance = [[0.0461132 -0.00819613 -0.000167962][-0.00819613 0.00201995 -5.17015e-05][-0.000167962 -5.17015e-05 2.70528e-05]]
weight = 0.000511462 mean = [-0.333083 2.1775 -2.93463] covariance = [[0.925887 -0.104963 -0.0130542][-0.104963 0.359076 0.00165173][-0.0130542 0.00165173 0.000228962]]
weight = 0.968975 mean = [-1.55707 3.53394 -2.94515] covariance = [[3.89229 -1.85965 -0.0201445][-1.85965 0.976377 0.0110668][-0.0201445 0.0110668 0.000204014]]
]
2025-05-18 17:29:27 INFO  ren0 [octree.h:535] root weight: 1.825e+08 (182517168.000000)
2025-05-18 17:29:27 INFO  ren0 [octree.h:536] splitting threshold: 1.825e+05 (182517.171875)
2025-05-18 17:29:27 INFO  ren0 [octree.h:535] root weight: 1.516e+04 (15156.827148)
2025-05-18 17:29:27 INFO  ren0 [octree.h:536] splitting threshold: 1.516e+01 (15.156828)
