2025-03-25 23:01:33 INFO  main [mitsuba.cpp:274] Mitsuba version 0.6.0 (Linux, 64 bit), Copyright (c) 2017 Wenzel Jakob
2025-03-25 23:01:33 INFO  main [mitsuba.cpp:377] Parsing scene description from "../scenes/modern-hall/modern-hall.xml" ..
2025-03-25 23:01:33 INFO  main [scenehandler.cpp:675] In file "/home/julia/PBRT/PMM_focal_guiding/mitsuba/../scenes/modern-hall/modern-hall.xml" (near line 20): Parsing included file "pmm_focal_guiding.xml" ..
2025-03-25 23:01:33 INFO  main [PluginManager] Loading plugin "plugins/pmm_focal_guiding.so" ..
2025-03-25 23:01:33 INFO  main [octree.h:482] root weight: 8.000e-20 (0.000000)
2025-03-25 23:01:33 INFO  main [octree.h:483] splitting threshold: 8.000e-23 (0.000000)
2025-03-25 23:01:33 INFO  main [octree.h:498] node count: 1 -> 585 -> 585

2025-03-25 23:01:33 INFO  main [octree.h:482] root weight: 8.000e-20 (0.000000)
2025-03-25 23:01:33 INFO  main [octree.h:483] splitting threshold: 8.000e-23 (0.000000)
2025-03-25 23:01:33 INFO  main [octree.h:498] node count: 1 -> 585 -> 585

2025-03-25 23:01:33 INFO  main [PMMFocalGuidingIntegrator] Saving to: 
2025-03-25 23:01:33 INFO  main [PMMFocalGuidingIntegrator] GMM params: alpha = 0.250000, split_th = 4.000000, merge_th = 0.500000, min_num_comp = 3, max_num_comp = 10, init = 1262540080
2025-03-25 23:01:33 INFO  main [PMMFocalGuidingIntegrator] iterationCount: 8
2025-03-25 23:01:33 INFO  main [PMMFocalGuidingIntegrator] PMMFocalGuidingIntegrator
  maxDepth = 40,
  rrDepth = 14,
  strictNormals = 1
  gmm = GMM[
]
]
2025-03-25 23:01:33 WARN  main [scenehandler.cpp:795] In file "/home/julia/PBRT/PMM_focal_guiding/mitsuba/../scenes/modern-hall/../_integrators/pmm_focal_guiding.xml" (near line 49): Unqueried attribute "budget" in element "integrator"
2025-03-25 23:01:33 WARN  main [scenehandler.cpp:795] In file "/home/julia/PBRT/PMM_focal_guiding/mitsuba/../scenes/modern-hall/../_integrators/pmm_focal_guiding.xml" (near line 49): Unqueried attribute "dumpPrimaryRays" in element "integrator"
2025-03-25 23:01:33 WARN  main [scenehandler.cpp:795] In file "/home/julia/PBRT/PMM_focal_guiding/mitsuba/../scenes/modern-hall/../_integrators/pmm_focal_guiding.xml" (near line 49): Unqueried attribute "dumpScene" in element "integrator"
2025-03-25 23:01:33 WARN  main [scenehandler.cpp:795] In file "/home/julia/PBRT/PMM_focal_guiding/mitsuba/../scenes/modern-hall/../_integrators/pmm_focal_guiding.xml" (near line 49): Unqueried attribute "normalBinning" in element "integrator"
2025-03-25 23:01:33 WARN  main [scenehandler.cpp:795] In file "/home/julia/PBRT/PMM_focal_guiding/mitsuba/../scenes/modern-hall/../_integrators/pmm_focal_guiding.xml" (near line 49): Unqueried attribute "samplingMode" in element "integrator"
2025-03-25 23:01:33 WARN  main [scenehandler.cpp:795] In file "/home/julia/PBRT/PMM_focal_guiding/mitsuba/../scenes/modern-hall/../_integrators/pmm_focal_guiding.xml" (near line 49): Unqueried attribute "unboundedSplatting" in element "integrator"
2025-03-25 23:01:33 INFO  main [PluginManager] Loading plugin "plugins/independent.so" ..
2025-03-25 23:01:33 INFO  main [PluginManager] Loading plugin "plugins/box.so" ..
2025-03-25 23:01:33 INFO  main [PluginManager] Loading plugin "plugins/hdrfilm.so" ..
2025-03-25 23:01:33 INFO  main [PluginManager] Loading plugin "plugins/perspective.so" ..
2025-03-25 23:01:33 INFO  main [PluginManager] Loading plugin "plugins/dielectric.so" ..
2025-03-25 23:01:33 INFO  main [PluginManager] Loading plugin "plugins/bitmap.so" ..
2025-03-25 23:01:33 INFO  main [BitmapTexture] Loading texture "wood5.jpg"
2025-03-25 23:01:33 INFO  main [MIPMap] Mapped MIP map cache file "/home/julia/PBRT/PMM_focal_guiding/mitsuba/../scenes/modern-hall/textures/wood5.mip" into memory (14.7 MiB).
2025-03-25 23:01:33 INFO  main [PluginManager] Loading plugin "plugins/roughplastic.so" ..
2025-03-25 23:01:33 INFO  main [PluginManager] Loading plugin "plugins/twosided.so" ..
2025-03-25 23:01:33 INFO  main [BitmapTexture] Loading texture "Tiles.jpg"
2025-03-25 23:01:33 INFO  main [PluginManager] Loading plugin "plugins/lanczos.so" ..
2025-03-25 23:01:33 INFO  main [PluginManager] Loading plugin "plugins/diffuse.so" ..
2025-03-25 23:01:33 INFO  main [BitmapTexture] Loading texture "Wallpaper.jpg"
2025-03-25 23:01:33 INFO  main [PluginManager] Loading plugin "plugins/roughconductor.so" ..
2025-03-25 23:01:33 INFO  main [spectrum.cpp:599] "Cu.eta.spd": loaded a spectral power distribution with 55 entries (between 302.400421 and 885.601257 nm)
2025-03-25 23:01:33 INFO  main [spectrum.cpp:599] "Cu.k.spd": loaded a spectral power distribution with 55 entries (between 302.400421 and 885.601257 nm)
2025-03-25 23:01:33 INFO  main [spectrum.cpp:599] "Cu.eta.spd": loaded a spectral power distribution with 55 entries (between 302.400421 and 885.601257 nm)
2025-03-25 23:01:33 INFO  main [spectrum.cpp:599] "Cu.k.spd": loaded a spectral power distribution with 55 entries (between 302.400421 and 885.601257 nm)
2025-03-25 23:01:33 INFO  main [PluginManager] Loading plugin "plugins/difftrans.so" ..
2025-03-25 23:01:33 INFO  main [PluginManager] Loading plugin "plugins/area.so" ..
2025-03-25 23:01:33 INFO  main [PluginManager] Loading plugin "plugins/rectangle.so" ..
2025-03-25 23:01:33 INFO  main [PluginManager] Loading plugin "plugins/cube.so" ..
2025-03-25 23:01:33 INFO  main [PluginManager] Loading plugin "plugins/obj.so" ..
2025-03-25 23:01:33 INFO  main [WavefrontOBJ] Loading geometry from "Mesh008.obj" ..
2025-03-25 23:01:33 INFO  main [WavefrontOBJ] Mesh008: 5184 triangles, 2664 vertices (merged 12888 vertices).
2025-03-25 23:01:33 INFO  main [WavefrontOBJ] Done with "Mesh008.obj" (took 28 ms)
2025-03-25 23:01:33 INFO  main [WavefrontOBJ] Loading geometry from "Mesh004.obj" ..
2025-03-25 23:01:33 INFO  main [WavefrontOBJ] Mesh004: 5184 triangles, 2664 vertices (merged 12888 vertices).
2025-03-25 23:01:33 INFO  main [WavefrontOBJ] Done with "Mesh004.obj" (took 30 ms)
2025-03-25 23:01:33 INFO  main [WavefrontOBJ] Loading geometry from "Mesh003.obj" ..
2025-03-25 23:01:33 INFO  main [WavefrontOBJ] Mesh003: 5184 triangles, 2664 vertices (merged 12888 vertices).
2025-03-25 23:01:34 INFO  main [WavefrontOBJ] Done with "Mesh003.obj" (took 35 ms)
2025-03-25 23:01:34 INFO  main [WavefrontOBJ] Loading geometry from "Mesh006.obj" ..
2025-03-25 23:01:34 INFO  main [WavefrontOBJ] Mesh006: 5184 triangles, 2664 vertices (merged 12888 vertices).
2025-03-25 23:01:34 INFO  main [WavefrontOBJ] Done with "Mesh006.obj" (took 30 ms)
2025-03-25 23:01:34 INFO  main [WavefrontOBJ] Loading geometry from "Mesh012.obj" ..
2025-03-25 23:01:34 INFO  main [WavefrontOBJ] Mesh012: 444 triangles, 882 vertices (merged 450 vertices).
2025-03-25 23:01:34 INFO  main [WavefrontOBJ] Done with "Mesh012.obj" (took 6 ms)
2025-03-25 23:01:34 INFO  main [WavefrontOBJ] Loading geometry from "Mesh013.obj" ..
2025-03-25 23:01:34 INFO  main [WavefrontOBJ] Mesh013: 5184 triangles, 2664 vertices (merged 12888 vertices).
2025-03-25 23:01:34 INFO  main [WavefrontOBJ] Done with "Mesh013.obj" (took 31 ms)
2025-03-25 23:01:34 INFO  main [WavefrontOBJ] Loading geometry from "Mesh010.obj" ..
2025-03-25 23:01:34 INFO  main [WavefrontOBJ] Mesh010: 32 triangles, 60 vertices (merged 36 vertices).
2025-03-25 23:01:34 INFO  main [WavefrontOBJ] Done with "Mesh010.obj" (took 1 ms)
2025-03-25 23:01:34 INFO  main [WavefrontOBJ] Loading geometry from "Mesh015.obj" ..
2025-03-25 23:01:34 INFO  main [WavefrontOBJ] Mesh015: 32 triangles, 60 vertices (merged 36 vertices).
2025-03-25 23:01:34 INFO  main [WavefrontOBJ] Done with "Mesh015.obj" (took 0 ms)
2025-03-25 23:01:34 INFO  main [WavefrontOBJ] Loading geometry from "Mesh002.obj" ..
2025-03-25 23:01:34 INFO  main [WavefrontOBJ] Mesh002: 32 triangles, 60 vertices (merged 36 vertices).
2025-03-25 23:01:34 INFO  main [WavefrontOBJ] Done with "Mesh002.obj" (took 1 ms)
2025-03-25 23:01:34 INFO  main [WavefrontOBJ] Loading geometry from "Mesh007.obj" ..
2025-03-25 23:01:34 INFO  main [WavefrontOBJ] Mesh007: 32 triangles, 60 vertices (merged 36 vertices).
2025-03-25 23:01:34 INFO  main [WavefrontOBJ] Done with "Mesh007.obj" (took 1 ms)
2025-03-25 23:01:34 INFO  main [WavefrontOBJ] Loading geometry from "Mesh005.obj" ..
2025-03-25 23:01:34 INFO  main [WavefrontOBJ] Mesh005: 12 triangles, 20 vertices (merged 16 vertices).
2025-03-25 23:01:34 INFO  main [WavefrontOBJ] Done with "Mesh005.obj" (took 0 ms)
2025-03-25 23:01:34 INFO  main [WavefrontOBJ] Loading geometry from "Mesh016.obj" ..
2025-03-25 23:01:34 INFO  main [WavefrontOBJ] Mesh016: 120 triangles, 204 vertices (merged 156 vertices).
2025-03-25 23:01:34 INFO  main [WavefrontOBJ] Done with "Mesh016.obj" (took 2 ms)
2025-03-25 23:01:34 INFO  main [WavefrontOBJ] Loading geometry from "Mesh017.obj" ..
2025-03-25 23:01:34 INFO  main [WavefrontOBJ] Mesh017: 20 triangles, 40 vertices (merged 20 vertices).
2025-03-25 23:01:34 INFO  main [WavefrontOBJ] Done with "Mesh017.obj" (took 1 ms)
2025-03-25 23:01:34 INFO  main [WavefrontOBJ] Loading geometry from "Mesh018.obj" ..
2025-03-25 23:01:34 INFO  main [WavefrontOBJ] Mesh018: 2 triangles, 4 vertices (merged 2 vertices).
2025-03-25 23:01:34 INFO  main [WavefrontOBJ] Done with "Mesh018.obj" (took 0 ms)
2025-03-25 23:01:34 INFO  main [WavefrontOBJ] Loading geometry from "Mesh011.obj" ..
2025-03-25 23:01:34 INFO  main [WavefrontOBJ] Mesh011: 32 triangles, 30 vertices (merged 66 vertices).
2025-03-25 23:01:34 INFO  main [WavefrontOBJ] Done with "Mesh011.obj" (took 0 ms)
2025-03-25 23:01:34 INFO  main [PluginManager] Loading plugin "plugins/homogeneous.so" ..
2025-03-25 23:01:34 INFO  main [PluginManager] Loading plugin "plugins/isotropic.so" ..
2025-03-25 23:01:34 INFO  main [WavefrontOBJ] Loading geometry from "Mesh014.obj" ..
2025-03-25 23:01:34 INFO  main [WavefrontOBJ] Mesh014: 36 triangles, 72 vertices (merged 36 vertices).
2025-03-25 23:01:34 INFO  main [WavefrontOBJ] Done with "Mesh014.obj" (took 1 ms)
2025-03-25 23:01:34 INFO  main [WavefrontOBJ] Loading geometry from "Mesh001.obj" ..
2025-03-25 23:01:34 INFO  main [WavefrontOBJ] Mesh001: 924 triangles, 2016 vertices (merged 756 vertices).
2025-03-25 23:01:34 INFO  main [WavefrontOBJ] Done with "Mesh001.obj" (took 11 ms)
2025-03-25 23:01:34 INFO  main [WavefrontOBJ] Loading geometry from "Mesh000.obj" ..
2025-03-25 23:01:34 INFO  main [WavefrontOBJ] Mesh000: 3127 triangles, 2075 vertices (merged 7306 vertices).
2025-03-25 23:01:34 INFO  main [WavefrontOBJ] Done with "Mesh000.obj" (took 24 ms)
2025-03-25 23:01:34 INFO  main [WavefrontOBJ] Loading geometry from "Mesh009.obj" ..
2025-03-25 23:01:34 INFO  main [WavefrontOBJ] Mesh009: 146 triangles, 110 vertices (merged 328 vertices).
2025-03-25 23:01:34 INFO  main [WavefrontOBJ] Done with "Mesh009.obj" (took 2 ms)
2025-03-25 23:01:34 INFO  ren0 [KDTreeBase] Constructing a SAH kd-tree (30963 primitives) ..
2025-03-25 23:01:34 INFO  ren0 [KDTreeBase] Finished -- took 375 ms.
2025-03-25 23:01:34 INFO  ren0 [PMMFocalGuidingIntegrator] Starting preprocess
2025-03-25 23:01:34 INFO  ren0 [octree.h:482] root weight: 8.000e-20 (0.000000)
2025-03-25 23:01:34 INFO  ren0 [octree.h:483] splitting threshold: 8.000e-23 (0.000000)
2025-03-25 23:01:34 INFO  ren0 [octree.h:498] node count: 1 -> 585 -> 585

2025-03-25 23:01:34 INFO  ren0 [octree.h:482] root weight: 4.096e-17 (0.000000)
2025-03-25 23:01:34 INFO  ren0 [octree.h:483] splitting threshold: 4.096e-20 (0.000000)
2025-03-25 23:01:34 INFO  ren0 [octree.h:498] node count: 585 -> 585 -> 585

2025-03-25 23:01:34 INFO  ren0 [octree.h:482] root weight: 8.000e-20 (0.000000)
2025-03-25 23:01:34 INFO  ren0 [octree.h:483] splitting threshold: 8.000e-23 (0.000000)
2025-03-25 23:01:34 INFO  ren0 [octree.h:498] node count: 1 -> 585 -> 585

2025-03-25 23:01:34 INFO  ren0 [octree.h:482] root weight: 4.096e-17 (0.000000)
2025-03-25 23:01:34 INFO  ren0 [octree.h:483] splitting threshold: 4.096e-20 (0.000000)
2025-03-25 23:01:34 INFO  ren0 [octree.h:498] node count: 585 -> 585 -> 585

2025-03-25 23:01:34 INFO  ren0 [PMMFocalGuidingIntegrator] Octree[
AABB: AABB3[min=[-21.7494, -3.70393, -3.09172], max=[7.19249, 11.2965, 6.96201]]
Nodes count: 585
]
2025-03-25 23:01:34 INFO  ren0 [PMMFocalGuidingIntegrator] Octree[
AABB: AABB3[min=[-21.7494, -3.70393, -3.09172], max=[7.19249, 11.2965, 6.96201]]
Nodes count: 585
]
2025-03-25 23:01:34 INFO  ren0 [PMMFocalGuidingIntegrator] GMM[
]
2025-03-25 23:01:34 INFO  ren0 [PMMFocalGuidingIntegrator] Starting training... (8) iterations
2025-03-25 23:01:34 INFO  ren0 [PMMFocalGuidingIntegrator] Rendering 0 iteration
2025-03-25 23:01:34 INFO  ren0 [SamplingIntegrator] Starting render job (1280x720, 4 samples, 8 cores, SSE2 enabled) ..
2025-03-25 23:02:24 INFO  ren0 [PMMFocalGuidingIntegrator] iteration render time: 50.0916s
2025-03-25 23:02:24 INFO  ren0 [PMMFocalGuidingIntegrator] Got 60721 non-zero samples and 0 zero samples
2025-03-25 23:02:24 INFO  ren0 [gaussian_mixture_model.h:569] Start processing batch
2025-03-25 23:02:24 INFO  ren0 [gaussian_mixture_model.h:437] Starting initialization using random value from the first batch
2025-03-25 23:02:24 INFO  ren0 [gaussian_mixture_model.h:450] Initialized using random value from the first batch
2025-03-25 23:02:26 INFO  ren0 [gaussian_mixture_model.h:596] Finish E step
2025-03-25 23:02:28 INFO  ren0 [gaussian_mixture_model.h:194] components before the merge: 10
2025-03-25 23:02:28 INFO  ren0 [gaussian_mixture_model.h:213] components after the merge: 9, merged 1 component
2025-03-25 23:02:28 INFO  ren0 [gaussian_mixture_model.h:231] components after the split: 10, split 1 components
2025-03-25 23:02:28 INFO  ren0 [gaussian_mixture_model.h:608] Finish M step
2025-03-25 23:02:28 INFO  ren0 [octree.h:482] root weight: 1.227e+08 (122670808.000000)
2025-03-25 23:02:28 INFO  ren0 [octree.h:483] splitting threshold: 1.227e+05 (122670.812500)
2025-03-25 23:02:28 INFO  ren0 [octree.h:482] root weight: 1.460e+08 (145981136.000000)
2025-03-25 23:02:28 INFO  ren0 [octree.h:483] splitting threshold: 1.460e+05 (145981.140625)
2025-03-25 23:02:28 INFO  ren0 [octree.h:498] node count: 585 -> 715 -> 541

2025-03-25 23:02:28 INFO  ren0 [octree.h:498] node count: 585 -> 632 -> 386

2025-03-25 23:02:28 INFO  ren0 [PMMFocalGuidingIntegrator] diverge probability: 0.543

2025-03-25 23:02:28 INFO  ren0 [PMMFocalGuidingIntegrator] iteration postprocessing time: 3.4252s
2025-03-25 23:02:28 INFO  ren0 [PMMFocalGuidingIntegrator] GMM[
weight = 0.0407272 mean = [-5.65472 2.51085 3.73073] covariance = [[10.1211 0.794347 -0.130916][0.794347 7.80419 0.194247][-0.130916 0.194247 3.44474]]
weight = 0.123742 mean = [4.58151 3.4448 -0.506949] covariance = [[2.61891 0.854752 0.402767][0.854752 2.73761 -0.42241][0.402767 -0.42241 1.85901]]
weight = 0.165328 mean = [0.821642 0.828974 -1.80155] covariance = [[4.30866 0.360819 -1.13953][0.360819 2.1229 -0.376516][-1.13953 -0.376516 1.32179]]
weight = 0.0559029 mean = [5.03942 0.0110187 -1.46943] covariance = [[1.89291 0.128556 0.412449][0.128556 2.00707 -0.211991][0.412449 -0.211991 1.26562]]
weight = 0.0961371 mean = [2.28506 -1.04647 2.47905] covariance = [[8.67101 1.18494 -1.39154][1.18494 2.23861 -0.977537][-1.39154 -0.977537 3.10346]]
weight = 0.0815711 mean = [-4.8916 4.6616 -0.954282] covariance = [[2.54967 -2.33275 0.619149][-2.33275 7.06372 -1.0751][0.619149 -1.0751 3.23741]]
weight = 0.0825354 mean = [-9.63924 1.21781 0.0422387] covariance = [[13.9138 -2.39048 -2.98016][-2.39048 11.4236 -4.11532][-2.98016 -4.11532 8.73977]]
weight = 0.109771 mean = [5.10807 2.78549 4.51209] covariance = [[3.95708 0.839833 0.0335998][0.839833 3.58509 -0.197802][0.0335998 -0.197802 2.13379]]
weight = 0.0407272 mean = [-6.80001 6.22355 3.94189] covariance = [[10.1211 0.794347 -0.130916][0.794347 7.80419 0.194247][-0.130916 0.194247 3.44474]]
weight = 0.203557 mean = [0.0943666 4.83739 0.203273] covariance = [[4.28122 0.449951 1.19076][0.449951 5.97698 -0.472355][1.19076 -0.472355 4.38361]]
]
2025-03-25 23:02:28 INFO  ren0 [PMMFocalGuidingIntegrator] Octree[
AABB: AABB3[min=[-21.7494, -3.70393, -3.09172], max=[7.19249, 11.2965, 6.96201]]
Nodes count: 541
]
2025-03-25 23:02:28 INFO  ren0 [PMMFocalGuidingIntegrator] Octree[
AABB: AABB3[min=[-21.7494, -3.70393, -3.09172], max=[7.19249, 11.2965, 6.96201]]
Nodes count: 386
]
2025-03-25 23:02:28 INFO  ren0 [PMMFocalGuidingIntegrator] Rendering 1 iteration
2025-03-25 23:02:28 INFO  ren0 [SamplingIntegrator] Starting render job (1280x720, 4 samples, 8 cores, SSE2 enabled) ..
2025-03-25 23:03:19 INFO  ren0 [PMMFocalGuidingIntegrator] iteration render time: 51.0487s
2025-03-25 23:03:19 INFO  ren0 [PMMFocalGuidingIntegrator] Got 75708 non-zero samples and 0 zero samples
2025-03-25 23:03:19 INFO  ren0 [gaussian_mixture_model.h:569] Start processing batch
2025-03-25 23:03:20 INFO  ren0 [gaussian_mixture_model.h:596] Finish E step
2025-03-25 23:03:23 INFO  ren0 [gaussian_mixture_model.h:194] components before the merge: 10
2025-03-25 23:03:23 INFO  ren0 [gaussian_mixture_model.h:213] components after the merge: 9, merged 1 component
2025-03-25 23:03:23 INFO  ren0 [gaussian_mixture_model.h:231] components after the split: 10, split 1 components
2025-03-25 23:03:23 INFO  ren0 [gaussian_mixture_model.h:608] Finish M step
2025-03-25 23:03:23 INFO  ren0 [octree.h:482] root weight: 9.465e+07 (94652496.000000)
2025-03-25 23:03:23 INFO  ren0 [octree.h:483] splitting threshold: 9.465e+04 (94652.500000)
2025-03-25 23:03:23 INFO  ren0 [octree.h:482] root weight: 1.039e+08 (103887632.000000)
2025-03-25 23:03:23 INFO  ren0 [octree.h:483] splitting threshold: 1.039e+05 (103887.640625)
2025-03-25 23:03:23 INFO  ren0 [octree.h:498] node count: 541 -> 558 -> 540

2025-03-25 23:03:23 INFO  ren0 [octree.h:498] node count: 386 -> 402 -> 393

2025-03-25 23:03:23 INFO  ren0 [PMMFocalGuidingIntegrator] diverge probability: 0.523

2025-03-25 23:03:23 INFO  ren0 [PMMFocalGuidingIntegrator] iteration postprocessing time: 4.2886s
2025-03-25 23:03:23 INFO  ren0 [PMMFocalGuidingIntegrator] GMM[
weight = 0.0930141 mean = [0.00249794 0.950158 -1.60263] covariance = [[2.01657 -0.100316 -0.288869][-0.100316 2.09375 -0.331829][-0.288869 -0.331829 0.938023]]
weight = 0.130546 mean = [4.40434 3.28573 -0.376137] covariance = [[2.56558 0.748204 0.480735][0.748204 2.58697 -0.330854][0.480735 -0.330854 2.03145]]
weight = 0.0930141 mean = [1.93626 1.26607 -2.1803] covariance = [[2.01657 -0.100316 -0.288869][-0.100316 2.09375 -0.331829][-0.288869 -0.331829 0.938023]]
weight = 0.0523648 mean = [4.90653 0.0540993 -1.40101] covariance = [[2.05648 0.0631426 0.380022][0.0631426 2.37067 -0.31315][0.380022 -0.31315 1.18526]]
weight = 0.0916813 mean = [2.17462 -0.935866 2.42829] covariance = [[9.04522 0.88005 -1.24605][0.88005 2.30776 -1.02978][-1.24605 -1.02978 3.45207]]
weight = 0.0806683 mean = [-4.77006 4.45532 -0.759608] covariance = [[2.72136 -2.22463 0.383323][-2.22463 7.43001 -0.950527][0.383323 -0.950527 2.82123]]
weight = 0.0764408 mean = [-9.40552 1.33657 0.110192] covariance = [[16.4387 -3.80076 -2.20079][-3.80076 11.297 -1.6373][-2.20079 -1.6373 5.70262]]
weight = 0.104976 mean = [5.11123 2.78091 4.35672] covariance = [[2.47062 0.381804 0.113794][0.381804 3.59393 -0.297661][0.113794 -0.297661 2.34969]]
weight = 0.0754749 mean = [-5.84989 4.38889 3.55577] covariance = [[12.0089 -0.764457 0.266321][-0.764457 13.4648 0.715378][0.266321 0.715378 3.57339]]
weight = 0.201819 mean = [0.0984649 4.62947 0.107054] covariance = [[4.75349 0.450934 1.25552][0.450934 6.46423 -0.186548][1.25552 -0.186548 4.11002]]
]
2025-03-25 23:03:23 INFO  ren0 [PMMFocalGuidingIntegrator] Octree[
AABB: AABB3[min=[-21.7494, -3.70393, -3.09172], max=[7.19249, 11.2965, 6.96201]]
Nodes count: 540
]
2025-03-25 23:03:23 INFO  ren0 [PMMFocalGuidingIntegrator] Octree[
AABB: AABB3[min=[-21.7494, -3.70393, -3.09172], max=[7.19249, 11.2965, 6.96201]]
Nodes count: 393
]
2025-03-25 23:03:23 INFO  ren0 [PMMFocalGuidingIntegrator] Rendering 2 iteration
2025-03-25 23:03:23 INFO  ren0 [SamplingIntegrator] Starting render job (1280x720, 4 samples, 8 cores, SSE2 enabled) ..
2025-03-25 23:04:17 INFO  ren0 [PMMFocalGuidingIntegrator] iteration render time: 54.4085s
2025-03-25 23:04:17 INFO  ren0 [PMMFocalGuidingIntegrator] Got 91771 non-zero samples and 0 zero samples
2025-03-25 23:04:17 INFO  ren0 [gaussian_mixture_model.h:569] Start processing batch
2025-03-25 23:04:19 INFO  ren0 [gaussian_mixture_model.h:596] Finish E step
2025-03-25 23:04:22 INFO  ren0 [gaussian_mixture_model.h:194] components before the merge: 10
2025-03-25 23:04:22 INFO  ren0 [gaussian_mixture_model.h:213] components after the merge: 8, merged 2 component
2025-03-25 23:04:22 INFO  ren0 [gaussian_mixture_model.h:231] components after the split: 10, split 2 components
2025-03-25 23:04:22 INFO  ren0 [gaussian_mixture_model.h:608] Finish M step
2025-03-25 23:04:22 INFO  ren0 [octree.h:482] root weight: 8.038e+07 (80383904.000000)
2025-03-25 23:04:22 INFO  ren0 [octree.h:483] splitting threshold: 8.038e+04 (80383.906250)
2025-03-25 23:04:22 INFO  ren0 [octree.h:482] root weight: 8.568e+07 (85676552.000000)
2025-03-25 23:04:22 INFO  ren0 [octree.h:483] splitting threshold: 8.568e+04 (85676.554688)
2025-03-25 23:04:22 INFO  ren0 [octree.h:498] node count: 540 -> 557 -> 534

2025-03-25 23:04:22 INFO  ren0 [octree.h:498] node count: 393 -> 404 -> 386

2025-03-25 23:04:22 INFO  ren0 [PMMFocalGuidingIntegrator] diverge probability: 0.516

2025-03-25 23:04:22 INFO  ren0 [PMMFocalGuidingIntegrator] iteration postprocessing time: 4.6767s
2025-03-25 23:04:22 INFO  ren0 [PMMFocalGuidingIntegrator] GMM[
weight = 0.099507 mean = [0.2862 1.38603 -1.84104] covariance = [[1.48863 -0.0282024 -0.186838][-0.0282024 1.95393 -0.39478][-0.186838 -0.39478 0.854151]]
weight = 0.131039 mean = [4.36454 3.21398 -0.315467] covariance = [[2.5551 0.7076 0.475824][0.7076 2.53037 -0.271392][0.475824 -0.271392 2.08374]]
weight = 0.099507 mean = [1.98784 1.17562 -2.18841] covariance = [[1.48863 -0.0282024 -0.186838][-0.0282024 1.95393 -0.39478][-0.186838 -0.39478 0.854151]]
weight = 0.0519151 mean = [4.82333 0.0881451 -1.41716] covariance = [[2.11909 0.0415075 0.370221][0.0415075 2.58779 -0.369698][0.370221 -0.369698 1.15982]]
weight = 0.0437582 mean = [3.51923 -0.687124 2.06567] covariance = [[4.76903 0.099789 -0.186128][0.099789 2.272 -0.947176][-0.186128 -0.947176 3.48473]]
weight = 0.0847952 mean = [-4.68699 4.32027 -0.761889] covariance = [[2.77074 -2.09911 0.231757][-2.09911 7.67022 -0.901568][0.231757 -0.901568 2.67912]]
weight = 0.0437582 mean = [0.511361 -1.05724 2.74576] covariance = [[4.76903 0.099789 -0.186128][0.099789 2.272 -0.947176][-0.186128 -0.947176 3.48473]]
weight = 0.0993133 mean = [5.17272 2.78365 4.27883] covariance = [[1.94955 0.183252 0.14619][0.183252 3.59602 -0.304182][0.14619 -0.304182 2.45944]]
weight = 0.148613 mean = [-7.39761 2.85234 1.7834] covariance = [[18.4247 0.157964 2.04813][0.157964 14.7842 2.29786][2.04813 2.29786 7.20085]]
weight = 0.197794 mean = [0.0363738 4.47964 0.047074] covariance = [[5.0882 0.467586 1.35156][0.467586 6.72789 -0.17227][1.35156 -0.17227 3.94832]]
]
2025-03-25 23:04:22 INFO  ren0 [PMMFocalGuidingIntegrator] Octree[
AABB: AABB3[min=[-21.7494, -3.70393, -3.09172], max=[7.19249, 11.2965, 6.96201]]
Nodes count: 534
]
2025-03-25 23:04:22 INFO  ren0 [PMMFocalGuidingIntegrator] Octree[
AABB: AABB3[min=[-21.7494, -3.70393, -3.09172], max=[7.19249, 11.2965, 6.96201]]
Nodes count: 386
]
2025-03-25 23:04:22 INFO  ren0 [PMMFocalGuidingIntegrator] Rendering 3 iteration
2025-03-25 23:04:22 INFO  ren0 [SamplingIntegrator] Starting render job (1280x720, 4 samples, 8 cores, SSE2 enabled) ..
2025-03-25 23:05:15 INFO  ren0 [PMMFocalGuidingIntegrator] iteration render time: 53.5194s
2025-03-25 23:05:16 INFO  ren0 [PMMFocalGuidingIntegrator] Got 109205 non-zero samples and 0 zero samples
2025-03-25 23:05:16 INFO  ren0 [gaussian_mixture_model.h:569] Start processing batch
2025-03-25 23:05:18 INFO  ren0 [gaussian_mixture_model.h:596] Finish E step
2025-03-25 23:05:21 INFO  ren0 [gaussian_mixture_model.h:194] components before the merge: 10
2025-03-25 23:05:21 INFO  ren0 [gaussian_mixture_model.h:213] components after the merge: 6, merged 4 component
2025-03-25 23:05:21 INFO  ren0 [gaussian_mixture_model.h:231] components after the split: 8, split 2 components
2025-03-25 23:05:21 INFO  ren0 [gaussian_mixture_model.h:608] Finish M step
2025-03-25 23:05:21 INFO  ren0 [octree.h:482] root weight: 7.783e+07 (77834400.000000)
2025-03-25 23:05:21 INFO  ren0 [octree.h:483] splitting threshold: 7.783e+04 (77834.406250)
2025-03-25 23:05:21 INFO  ren0 [octree.h:482] root weight: 8.159e+07 (81594072.000000)
2025-03-25 23:05:21 INFO  ren0 [octree.h:483] splitting threshold: 8.159e+04 (81594.078125)
2025-03-25 23:05:21 INFO  ren0 [octree.h:498] node count: 534 -> 567 -> 543

2025-03-25 23:05:21 INFO  ren0 [octree.h:498] node count: 386 -> 397 -> 384

2025-03-25 23:05:21 INFO  ren0 [PMMFocalGuidingIntegrator] diverge probability: 0.512

2025-03-25 23:05:21 INFO  ren0 [PMMFocalGuidingIntegrator] iteration postprocessing time: 5.5419s
2025-03-25 23:05:21 INFO  ren0 [PMMFocalGuidingIntegrator] GMM[
weight = 0.107351 mean = [2.01398 1.08782 -2.2265] covariance = [[1.25787 0.0709328 -0.203322][0.0709328 1.53572 -0.353873][-0.203322 -0.353873 0.779933]]
weight = 0.12955 mean = [4.33519 3.1702 -0.289442] covariance = [[2.53954 0.681266 0.447123][0.681266 2.4917 -0.228339][0.447123 -0.228339 2.10234]]
weight = 0.107351 mean = [0.557201 1.6823 -2.04553] covariance = [[1.25787 0.0709328 -0.203322][0.0709328 1.53572 -0.353873][-0.203322 -0.353873 0.779933]]
weight = 0.0512783 mean = [4.75594 0.122515 -1.44667] covariance = [[2.188 0.0212906 0.389347][0.0212906 2.73917 -0.418964][0.389347 -0.418964 1.16395]]
weight = 0.0416047 mean = [0.571049 -0.933502 2.65277] covariance = [[3.98355 -0.0755536 0.0207795][-0.0755536 2.33226 -0.997132][0.0207795 -0.997132 3.67824]]
weight = 0.0416047 mean = [3.3181 -0.702555 2.06467] covariance = [[3.98355 -0.0755536 0.0207795][-0.0755536 2.33226 -0.997132][0.0207795 -0.997132 3.67824]]
weight = 0.0924591 mean = [5.23652 2.79143 4.22093] covariance = [[1.68306 0.0599447 0.147835][0.0599447 3.59884 -0.282766][0.147835 -0.282766 2.52921]]
weight = 0.428801 mean = [-3.41318 3.77655 0.445587] covariance = [[20.0281 1.8465 -0.785074][1.8465 10.2397 -0.174758][-0.785074 -0.174758 5.66887]]
]
2025-03-25 23:05:21 INFO  ren0 [PMMFocalGuidingIntegrator] Octree[
AABB: AABB3[min=[-21.7494, -3.70393, -3.09172], max=[7.19249, 11.2965, 6.96201]]
Nodes count: 543
]
2025-03-25 23:05:21 INFO  ren0 [PMMFocalGuidingIntegrator] Octree[
AABB: AABB3[min=[-21.7494, -3.70393, -3.09172], max=[7.19249, 11.2965, 6.96201]]
Nodes count: 384
]
2025-03-25 23:05:21 INFO  ren0 [PMMFocalGuidingIntegrator] Rendering 4 iteration
2025-03-25 23:05:21 INFO  ren0 [SamplingIntegrator] Starting render job (1280x720, 4 samples, 8 cores, SSE2 enabled) ..
2025-03-25 23:06:09 INFO  ren0 [PMMFocalGuidingIntegrator] iteration render time: 48.2873s
2025-03-25 23:06:09 INFO  ren0 [PMMFocalGuidingIntegrator] Got 127908 non-zero samples and 0 zero samples
2025-03-25 23:06:09 INFO  ren0 [gaussian_mixture_model.h:569] Start processing batch
2025-03-25 23:06:12 INFO  ren0 [gaussian_mixture_model.h:596] Finish E step
2025-03-25 23:06:15 INFO  ren0 [gaussian_mixture_model.h:194] components before the merge: 8
2025-03-25 23:06:15 INFO  ren0 [gaussian_mixture_model.h:213] components after the merge: 6, merged 2 component
2025-03-25 23:06:15 INFO  ren0 [gaussian_mixture_model.h:231] components after the split: 7, split 1 components
2025-03-25 23:06:15 INFO  ren0 [gaussian_mixture_model.h:608] Finish M step
2025-03-25 23:06:15 INFO  ren0 [octree.h:482] root weight: 8.424e+07 (84239944.000000)
2025-03-25 23:06:15 INFO  ren0 [octree.h:483] splitting threshold: 8.424e+04 (84239.945312)
2025-03-25 23:06:15 INFO  ren0 [octree.h:482] root weight: 7.862e+07 (78621536.000000)
2025-03-25 23:06:15 INFO  ren0 [octree.h:483] splitting threshold: 7.862e+04 (78621.539062)
2025-03-25 23:06:15 INFO  ren0 [octree.h:498] node count: 543 -> 580 -> 561

2025-03-25 23:06:15 INFO  ren0 [octree.h:498] node count: 384 -> 391 -> 370

2025-03-25 23:06:15 INFO  ren0 [PMMFocalGuidingIntegrator] diverge probability: 0.483

2025-03-25 23:06:15 INFO  ren0 [PMMFocalGuidingIntegrator] iteration postprocessing time: 5.2811s
2025-03-25 23:06:15 INFO  ren0 [PMMFocalGuidingIntegrator] GMM[
weight = 0.116858 mean = [0.726419 1.75662 -2.14652] covariance = [[1.07032 0.00836406 -0.178175][0.00836406 1.18817 -0.274721][-0.178175 -0.274721 0.694169]]
weight = 0.128086 mean = [4.24116 3.11529 -0.232916] covariance = [[2.58595 0.608715 0.381066][0.608715 2.39483 -0.169015][0.381066 -0.169015 2.08528]]
weight = 0.116858 mean = [2.05959 1.14701 -2.32346] covariance = [[1.07032 0.00836406 -0.178175][0.00836406 1.18817 -0.274721][-0.178175 -0.274721 0.694169]]
weight = 0.0502427 mean = [4.70088 0.140425 -1.45991] covariance = [[2.22896 0.00815692 0.404101][0.00815692 2.80183 -0.432218][0.404101 -0.432218 1.15434]]
weight = 0.0799576 mean = [1.93513 -0.760129 2.28741] covariance = [[6.39311 -0.0333452 -0.400446][-0.0333452 2.4522 -1.14919][-0.400446 -1.14919 3.98721]]
weight = 0.0878483 mean = [5.26718 2.7939 4.17156] covariance = [[1.55522 -0.0553997 0.168187][-0.0553997 3.56727 -0.24525][0.168187 -0.24525 2.5796]]
weight = 0.420149 mean = [-3.28333 3.68185 0.391329] covariance = [[20.2236 1.53395 -0.979987][1.53395 10.2784 -0.201977][-0.979987 -0.201977 5.65206]]
]
2025-03-25 23:06:15 INFO  ren0 [PMMFocalGuidingIntegrator] Octree[
AABB: AABB3[min=[-21.7494, -3.70393, -3.09172], max=[7.19249, 11.2965, 6.96201]]
Nodes count: 561
]
2025-03-25 23:06:15 INFO  ren0 [PMMFocalGuidingIntegrator] Octree[
AABB: AABB3[min=[-21.7494, -3.70393, -3.09172], max=[7.19249, 11.2965, 6.96201]]
Nodes count: 370
]
2025-03-25 23:06:15 INFO  ren0 [PMMFocalGuidingIntegrator] Rendering 5 iteration
2025-03-25 23:06:15 INFO  ren0 [SamplingIntegrator] Starting render job (1280x720, 4 samples, 8 cores, SSE2 enabled) ..
2025-03-25 23:07:04 INFO  ren0 [PMMFocalGuidingIntegrator] iteration render time: 49.6878s
2025-03-25 23:07:04 INFO  ren0 [PMMFocalGuidingIntegrator] Got 148152 non-zero samples and 0 zero samples
2025-03-25 23:07:04 INFO  ren0 [gaussian_mixture_model.h:569] Start processing batch
2025-03-25 23:07:07 INFO  ren0 [gaussian_mixture_model.h:596] Finish E step
2025-03-25 23:07:10 INFO  ren0 [gaussian_mixture_model.h:194] components before the merge: 7
2025-03-25 23:07:10 INFO  ren0 [gaussian_mixture_model.h:213] components after the merge: 6, merged 1 component
2025-03-25 23:07:10 INFO  ren0 [gaussian_mixture_model.h:231] components after the split: 7, split 1 components
2025-03-25 23:07:10 INFO  ren0 [gaussian_mixture_model.h:608] Finish M step
2025-03-25 23:07:10 INFO  ren0 [octree.h:482] root weight: 9.457e+07 (94567048.000000)
2025-03-25 23:07:10 INFO  ren0 [octree.h:483] splitting threshold: 9.457e+04 (94567.054688)
2025-03-25 23:07:10 INFO  ren0 [octree.h:482] root weight: 7.535e+07 (75354584.000000)
2025-03-25 23:07:10 INFO  ren0 [octree.h:483] splitting threshold: 7.535e+04 (75354.585938)
2025-03-25 23:07:10 INFO  ren0 [octree.h:498] node count: 561 -> 593 -> 580

2025-03-25 23:07:10 INFO  ren0 [octree.h:498] node count: 370 -> 376 -> 359

2025-03-25 23:07:10 INFO  ren0 [PMMFocalGuidingIntegrator] diverge probability: 0.443

2025-03-25 23:07:10 INFO  ren0 [PMMFocalGuidingIntegrator] iteration postprocessing time: 5.4124s
2025-03-25 23:07:10 INFO  ren0 [PMMFocalGuidingIntegrator] GMM[
weight = 0.126104 mean = [0.874235 1.77131 -2.24048] covariance = [[0.918269 -0.051541 -0.149192][-0.051541 0.917783 -0.209894][-0.149192 -0.209894 0.610731]]
weight = 0.12651 mean = [4.16067 3.08861 -0.19267] covariance = [[2.64314 0.557197 0.320512][0.557197 2.32582 -0.132171][0.320512 -0.132171 2.06376]]
weight = 0.126104 mean = [2.1197 1.1839 -2.41755] covariance = [[0.918269 -0.051541 -0.149192][-0.051541 0.917783 -0.209894][-0.149192 -0.209894 0.610731]]
weight = 0.0490354 mean = [4.65149 0.137243 -1.46174] covariance = [[2.25098 0.0297618 0.397854][0.0297618 2.86114 -0.431727][0.397854 -0.431727 1.13402]]
weight = 0.0771353 mean = [1.8961 -0.713424 2.22005] covariance = [[6.71431 -0.139432 -0.402223][-0.139432 2.51957 -1.24487][-0.402223 -1.24487 4.18983]]
weight = 0.083142 mean = [5.29641 2.79828 4.1396] covariance = [[1.46074 -0.11962 0.165159][-0.11962 3.55997 -0.201924][0.165159 -0.201924 2.61697]]
weight = 0.411968 mean = [-3.17459 3.61771 0.321353] covariance = [[20.0666 1.21269 -1.08457][1.21269 10.1347 -0.212067][-1.08457 -0.212067 5.61646]]
]
2025-03-25 23:07:10 INFO  ren0 [PMMFocalGuidingIntegrator] Octree[
AABB: AABB3[min=[-21.7494, -3.70393, -3.09172], max=[7.19249, 11.2965, 6.96201]]
Nodes count: 580
]
2025-03-25 23:07:10 INFO  ren0 [PMMFocalGuidingIntegrator] Octree[
AABB: AABB3[min=[-21.7494, -3.70393, -3.09172], max=[7.19249, 11.2965, 6.96201]]
Nodes count: 359
]
2025-03-25 23:07:10 INFO  ren0 [PMMFocalGuidingIntegrator] Rendering 6 iteration
2025-03-25 23:07:10 INFO  ren0 [SamplingIntegrator] Starting render job (1280x720, 4 samples, 8 cores, SSE2 enabled) ..
2025-03-25 23:07:44 INFO  wrk0 [octree.h:248] No intersection found
2025-03-25 23:07:44 INFO  wrk0 [pmm_focal_guiding.cpp:751] Intersection was not found
2025-03-25 23:08:00 INFO  ren0 [PMMFocalGuidingIntegrator] iteration render time: 49.9469s
2025-03-25 23:08:00 INFO  ren0 [PMMFocalGuidingIntegrator] Got 172975 non-zero samples and 0 zero samples
2025-03-25 23:08:00 INFO  ren0 [gaussian_mixture_model.h:569] Start processing batch
2025-03-25 23:08:02 INFO  ren0 [gaussian_mixture_model.h:596] Finish E step
2025-03-25 23:08:06 INFO  ren0 [gaussian_mixture_model.h:194] components before the merge: 7
2025-03-25 23:08:06 INFO  ren0 [gaussian_mixture_model.h:213] components after the merge: 6, merged 1 component
2025-03-25 23:08:06 INFO  ren0 [gaussian_mixture_model.h:231] components after the split: 7, split 1 components
2025-03-25 23:08:06 INFO  ren0 [gaussian_mixture_model.h:608] Finish M step
2025-03-25 23:08:06 INFO  ren0 [octree.h:482] root weight: 1.077e+08 (107662984.000000)
2025-03-25 23:08:06 INFO  ren0 [octree.h:483] splitting threshold: 1.077e+05 (107662.992188)
2025-03-25 23:08:06 INFO  ren0 [octree.h:482] root weight: 8.498e+07 (84979776.000000)
2025-03-25 23:08:06 INFO  ren0 [octree.h:483] splitting threshold: 8.498e+04 (84979.781250)
2025-03-25 23:08:06 INFO  ren0 [octree.h:498] node count: 580 -> 591 -> 579

2025-03-25 23:08:06 INFO  ren0 [octree.h:498] node count: 359 -> 363 -> 349

2025-03-25 23:08:06 INFO  ren0 [PMMFocalGuidingIntegrator] diverge probability: 0.441

2025-03-25 23:08:06 INFO  ren0 [PMMFocalGuidingIntegrator] iteration postprocessing time: 6.1885s
2025-03-25 23:08:06 INFO  ren0 [PMMFocalGuidingIntegrator] GMM[
weight = 0.134484 mean = [1.00669 1.76697 -2.32971] covariance = [[0.802054 -0.096684 -0.124384][-0.096684 0.713932 -0.157818][-0.124384 -0.157818 0.529062]]
weight = 0.125194 mean = [4.08326 3.06826 -0.161804] covariance = [[2.71179 0.519297 0.268715][0.519297 2.27509 -0.111711][0.268715 -0.111711 2.03901]]
weight = 0.134484 mean = [2.18061 1.19413 -2.49443] covariance = [[0.802054 -0.096684 -0.124384][-0.096684 0.713932 -0.157818][-0.124384 -0.157818 0.529062]]
weight = 0.0478503 mean = [4.61923 0.126391 -1.45715] covariance = [[2.26809 0.0674885 0.358418][0.0674885 2.91148 -0.414363][0.358418 -0.414363 1.10226]]
weight = 0.0751148 mean = [1.84962 -0.6686 2.14795] covariance = [[6.87983 -0.247375 -0.375112][-0.247375 2.5608 -1.32736][-0.375112 -1.32736 4.36392]]
weight = 0.0783625 mean = [5.32881 2.79502 4.1144] covariance = [[1.38771 -0.143689 0.150104][-0.143689 3.55694 -0.163007][0.150104 -0.163007 2.65581]]
weight = 0.404511 mean = [-3.06827 3.57209 0.250591] covariance = [[19.7603 0.92727 -1.17761][0.92727 9.92718 -0.221086][-1.17761 -0.221086 5.58132]]
]
2025-03-25 23:08:06 INFO  ren0 [PMMFocalGuidingIntegrator] Octree[
AABB: AABB3[min=[-21.7494, -3.70393, -3.09172], max=[7.19249, 11.2965, 6.96201]]
Nodes count: 579
]
2025-03-25 23:08:06 INFO  ren0 [PMMFocalGuidingIntegrator] Octree[
AABB: AABB3[min=[-21.7494, -3.70393, -3.09172], max=[7.19249, 11.2965, 6.96201]]
Nodes count: 349
]
2025-03-25 23:08:06 INFO  ren0 [PMMFocalGuidingIntegrator] Rendering 7 iteration
2025-03-25 23:08:06 INFO  ren0 [SamplingIntegrator] Starting render job (1280x720, 4 samples, 8 cores, SSE2 enabled) ..
2025-03-25 23:09:01 INFO  ren0 [PMMFocalGuidingIntegrator] iteration render time: 54.6588s
2025-03-25 23:09:01 INFO  ren0 [PMMFocalGuidingIntegrator] Got 203185 non-zero samples and 0 zero samples
2025-03-25 23:09:01 INFO  ren0 [gaussian_mixture_model.h:569] Start processing batch
2025-03-25 23:09:04 INFO  ren0 [gaussian_mixture_model.h:596] Finish E step
2025-03-25 23:09:08 INFO  ren0 [gaussian_mixture_model.h:194] components before the merge: 7
2025-03-25 23:09:08 INFO  ren0 [gaussian_mixture_model.h:213] components after the merge: 6, merged 1 component
2025-03-25 23:09:08 INFO  ren0 [gaussian_mixture_model.h:231] components after the split: 7, split 1 components
2025-03-25 23:09:08 INFO  ren0 [gaussian_mixture_model.h:608] Finish M step
2025-03-25 23:09:08 INFO  ren0 [octree.h:482] root weight: 1.312e+08 (131195280.000000)
2025-03-25 23:09:08 INFO  ren0 [octree.h:483] splitting threshold: 1.312e+05 (131195.281250)
2025-03-25 23:09:08 INFO  ren0 [octree.h:482] root weight: 1.022e+08 (102199928.000000)
2025-03-25 23:09:08 INFO  ren0 [octree.h:483] splitting threshold: 1.022e+05 (102199.929688)
2025-03-25 23:09:08 INFO  ren0 [octree.h:498] node count: 579 -> 587 -> 573

2025-03-25 23:09:08 INFO  ren0 [octree.h:498] node count: 349 -> 353 -> 346

2025-03-25 23:09:08 INFO  ren0 [PMMFocalGuidingIntegrator] diverge probability: 0.438

2025-03-25 23:09:08 INFO  ren0 [PMMFocalGuidingIntegrator] iteration postprocessing time: 7.7219s
2025-03-25 23:09:08 INFO  ren0 [PMMFocalGuidingIntegrator] GMM[
weight = 0.142245 mean = [1.10452 1.76437 -2.41551] covariance = [[0.716096 -0.130894 -0.101582][-0.130894 0.564929 -0.118921][-0.101582 -0.118921 0.454181]]
weight = 0.124678 mean = [3.99993 3.04507 -0.134804] covariance = [[2.78671 0.500193 0.231916][0.500193 2.22953 -0.0899223][0.231916 -0.0899223 2.01305]]
weight = 0.142245 mean = [2.22259 1.19777 -2.55115] covariance = [[0.716096 -0.130894 -0.101582][-0.130894 0.564929 -0.118921][-0.101582 -0.118921 0.454181]]
weight = 0.0466035 mean = [4.58509 0.11869 -1.43976] covariance = [[2.28204 0.116794 0.302305][0.116794 2.94804 -0.385627][0.302305 -0.385627 1.06672]]
weight = 0.0736911 mean = [1.80703 -0.620085 2.06733] covariance = [[6.96993 -0.345811 -0.314561][-0.345811 2.58706 -1.41138][-0.314561 -1.41138 4.5261]]
weight = 0.0748642 mean = [5.34881 2.78874 4.10331] covariance = [[1.3296 -0.150921 0.121266][-0.150921 3.55886 -0.137087][0.121266 -0.137087 2.68962]]
weight = 0.395674 mean = [-2.96696 3.52789 0.175721] covariance = [[19.3894 0.636036 -1.24844][0.636036 9.69779 -0.237474][-1.24844 -0.237474 5.53882]]
]
2025-03-25 23:09:08 INFO  ren0 [PMMFocalGuidingIntegrator] Octree[
AABB: AABB3[min=[-21.7494, -3.70393, -3.09172], max=[7.19249, 11.2965, 6.96201]]
Nodes count: 573
]
2025-03-25 23:09:08 INFO  ren0 [PMMFocalGuidingIntegrator] Octree[
AABB: AABB3[min=[-21.7494, -3.70393, -3.09172], max=[7.19249, 11.2965, 6.96201]]
Nodes count: 346
]
2025-03-25 23:09:08 INFO  ren0 [PMMFocalGuidingIntegrator] Finished training phase. Starting real rendering.
2025-03-25 23:09:08 INFO  ren0 [PMMFocalGuidingIntegrator] Starting render job (1280x720, 256 samples, 8 cores, SSE2 enabled) ..
2025-03-26 00:04:43 INFO  ren0 [PMMFocalGuidingIntegrator] Remaining rendering time: 1280
2025-03-26 00:04:43 INFO  ren0 [PMMFocalGuidingIntegrator] rendered 256 samples per pixel in 55.5830m.
2025-03-26 00:04:43 INFO  ren0 [RenderJob] Render time: 1.0527h
2025-03-26 00:04:43 INFO  ren0 [PMMFocalGuidingIntegrator] iteration render time: 55.5831m
