2025-05-20 21:43:48 INFO  main [mitsuba.cpp:274] Mitsuba version 0.6.0 (Linux, 64 bit), Copyright (c) 2017 Wenzel Jakob
2025-05-20 21:43:48 INFO  main [mitsuba.cpp:377] Parsing scene description from "scene/dining-room/dining-room.xml" ..
2025-05-20 21:43:48 INFO  main [scenehandler.cpp:675] In file "/mitsuba/scene/dining-room/dining-room.xml" (near line 18): Parsing included file "pmm_focal_recursive.xml" ..
2025-05-20 21:43:48 INFO  main [PluginManager] Loading plugin "plugins/pmm_focal_recursive.so" ..
2025-05-20 21:43:48 INFO  main [octree.h:534] root weight: 8.000e-20 (0.000000)
2025-05-20 21:43:48 INFO  main [octree.h:535] splitting threshold: 8.000e-23 (0.000000)
2025-05-20 21:43:48 INFO  main [octree.h:550] node count: 1 -> 585 -> 585

2025-05-20 21:43:48 INFO  main [octree.h:534] root weight: 8.000e-20 (0.000000)
2025-05-20 21:43:48 INFO  main [octree.h:535] splitting threshold: 8.000e-23 (0.000000)
2025-05-20 21:43:48 INFO  main [octree.h:550] node count: 1 -> 585 -> 585

2025-05-20 21:43:48 INFO  main [MIFocalGuidingPathTracer] Final render will have 32 spp, m_budget will not be taken into account.
2025-05-20 21:43:48 INFO  main [MIFocalGuidingPathTracer] budget: 1800
2025-05-20 21:43:48 INFO  main [MIFocalGuidingPathTracer] dumpPrimaryRays: false
2025-05-20 21:43:48 INFO  main [MIFocalGuidingPathTracer] dumpScene: false
2025-05-20 21:43:48 INFO  main [MIFocalGuidingPathTracer] finalSpp: 32
2025-05-20 21:43:48 INFO  main [MIFocalGuidingPathTracer] gmm.alpha: 0.4
2025-05-20 21:43:48 INFO  main [MIFocalGuidingPathTracer] gmm.initMethod: Uniform
2025-05-20 21:43:48 INFO  main [MIFocalGuidingPathTracer] gmm.maxNumComp: 10
2025-05-20 21:43:48 INFO  main [MIFocalGuidingPathTracer] gmm.mergingThreshold: 0.65
2025-05-20 21:43:48 INFO  main [MIFocalGuidingPathTracer] gmm.minNumComp: 3
2025-05-20 21:43:48 INFO  main [MIFocalGuidingPathTracer] gmm.splittingThreshold: 100
2025-05-20 21:43:48 INFO  main [MIFocalGuidingPathTracer] iterationBudget: 10
2025-05-20 21:43:48 INFO  main [MIFocalGuidingPathTracer] iterationCount: 15
2025-05-20 21:43:48 INFO  main [MIFocalGuidingPathTracer] maxDepth: 40
2025-05-20 21:43:48 INFO  main [MIFocalGuidingPathTracer] minSamplesToStartFitting: 10
2025-05-20 21:43:48 INFO  main [MIFocalGuidingPathTracer] normalBinning: disabled
2025-05-20 21:43:48 INFO  main [MIFocalGuidingPathTracer] renderMaxSeconds: 36000
2025-05-20 21:43:48 INFO  main [MIFocalGuidingPathTracer] rrDepth: 14
2025-05-20 21:43:48 INFO  main [MIFocalGuidingPathTracer] samplingMode: 2
2025-05-20 21:43:48 INFO  main [MIFocalGuidingPathTracer] shouldPretrain: false
2025-05-20 21:43:48 INFO  main [MIFocalGuidingPathTracer] strictNormals: true
2025-05-20 21:43:48 INFO  main [MIFocalGuidingPathTracer] trainingSamples: 4
2025-05-20 21:43:48 INFO  main [MIFocalGuidingPathTracer] tree.threshold: 0.001
2025-05-20 21:43:48 INFO  main [MIFocalGuidingPathTracer] unboundedSplatting: true
2025-05-20 21:43:48 INFO  main [PluginManager] Loading plugin "plugins/independent.so" ..
2025-05-20 21:43:48 INFO  main [PluginManager] Loading plugin "plugins/box.so" ..
2025-05-20 21:43:48 INFO  main [PluginManager] Loading plugin "plugins/hdrfilm.so" ..
2025-05-20 21:43:48 INFO  main [PluginManager] Loading plugin "plugins/perspective.so" ..
2025-05-20 21:43:48 INFO  main [PluginManager] Loading plugin "plugins/roughplastic.so" ..
2025-05-20 21:43:48 INFO  main [PluginManager] Loading plugin "plugins/twosided.so" ..
2025-05-20 21:43:48 INFO  main [PluginManager] Loading plugin "plugins/roughconductor.so" ..
2025-05-20 21:43:48 INFO  main [spectrum.cpp:599] "Cu.eta.spd": loaded a spectral power distribution with 55 entries (between 302.400421 and 885.601257 nm)
2025-05-20 21:43:48 INFO  main [spectrum.cpp:599] "Cu.k.spd": loaded a spectral power distribution with 55 entries (between 302.400421 and 885.601257 nm)
2025-05-20 21:43:48 INFO  main [PluginManager] Loading plugin "plugins/diffuse.so" ..
2025-05-20 21:43:48 INFO  main [PluginManager] Loading plugin "plugins/bitmap.so" ..
2025-05-20 21:43:48 INFO  main [BitmapTexture] Loading texture "picture3.jpg"
2025-05-20 21:43:48 INFO  main [PluginManager] Loading plugin "plugins/lanczos.so" ..
2025-05-20 21:43:48 INFO  main [MIPMap] Generating MIP map cache file "/mitsuba/scene/dining-room/textures/picture3.mip" ..
2025-05-20 21:43:48 INFO  main [BitmapTexture] Loading texture "Tiles.jpg"
2025-05-20 21:43:48 INFO  main [spectrum.cpp:599] "Cu.eta.spd": loaded a spectral power distribution with 55 entries (between 302.400421 and 885.601257 nm)
2025-05-20 21:43:48 INFO  main [spectrum.cpp:599] "Cu.k.spd": loaded a spectral power distribution with 55 entries (between 302.400421 and 885.601257 nm)
2025-05-20 21:43:48 INFO  main [PluginManager] Loading plugin "plugins/conductor.so" ..
2025-05-20 21:43:48 INFO  main [spectrum.cpp:599] "Ir.eta.spd": loaded a spectral power distribution with 28 entries (between 302.389984 and 885.570984 nm)
2025-05-20 21:43:48 INFO  main [spectrum.cpp:599] "Ir.k.spd": loaded a spectral power distribution with 28 entries (between 302.389984 and 885.570984 nm)
2025-05-20 21:43:48 INFO  main [spectrum.cpp:599] "Cu.eta.spd": loaded a spectral power distribution with 55 entries (between 302.400421 and 885.601257 nm)
2025-05-20 21:43:48 INFO  main [spectrum.cpp:599] "Cu.k.spd": loaded a spectral power distribution with 55 entries (between 302.400421 and 885.601257 nm)
2025-05-20 21:43:48 INFO  main [BitmapTexture] Loading texture "Teacup.png"
2025-05-20 21:43:48 INFO  main [spectrum.cpp:599] "Cu.eta.spd": loaded a spectral power distribution with 55 entries (between 302.400421 and 885.601257 nm)
2025-05-20 21:43:48 INFO  main [spectrum.cpp:599] "Cu.k.spd": loaded a spectral power distribution with 55 entries (between 302.400421 and 885.601257 nm)
2025-05-20 21:43:48 INFO  main [PluginManager] Loading plugin "plugins/area.so" ..
2025-05-20 21:43:48 INFO  main [PluginManager] Loading plugin "plugins/disk.so" ..
2025-05-20 21:43:48 INFO  main [PluginManager] Loading plugin "plugins/ply.so" ..
2025-05-20 21:43:48 INFO  main [PLYLoader] Loading geometry from "parabol1.ply" ..
2025-05-20 21:43:48 INFO  main [PLYLoader] "parabol1": Loaded 25856 triangles, 13057 vertices (456.0 KiB in 3 ms).
2025-05-20 21:43:48 INFO  main [PLYLoader] Loading geometry from "parabol2.ply" ..
2025-05-20 21:43:48 INFO  main [PLYLoader] "parabol2": Loaded 25856 triangles, 13057 vertices (456.0 KiB in 2 ms).
2025-05-20 21:43:48 INFO  main [PluginManager] Loading plugin "plugins/obj.so" ..
2025-05-20 21:43:48 INFO  main [WavefrontOBJ] Loading geometry from "Mesh013.obj" ..
2025-05-20 21:43:48 INFO  main [WavefrontOBJ] Mesh013: 1056 triangles, 577 vertices (merged 2591 vertices).
2025-05-20 21:43:48 INFO  main [WavefrontOBJ] Done with "Mesh013.obj" (took 2 ms)
2025-05-20 21:43:48 INFO  main [WavefrontOBJ] Loading geometry from "Mesh016.obj" ..
2025-05-20 21:43:48 INFO  main [WavefrontOBJ] Mesh016: 384 triangles, 768 vertices (merged 384 vertices).
2025-05-20 21:43:48 INFO  main [WavefrontOBJ] Done with "Mesh016.obj" (took 2 ms)
2025-05-20 21:43:48 INFO  main [WavefrontOBJ] Loading geometry from "Mesh015.obj" ..
2025-05-20 21:43:48 INFO  main [WavefrontOBJ] Mesh015: 3136 triangles, 1680 vertices (merged 7728 vertices).
2025-05-20 21:43:48 INFO  main [WavefrontOBJ] Done with "Mesh015.obj" (took 6 ms)
2025-05-20 21:43:48 INFO  main [WavefrontOBJ] Loading geometry from "Mesh023.obj" ..
2025-05-20 21:43:48 INFO  main [WavefrontOBJ] Mesh023: 1056 triangles, 577 vertices (merged 2591 vertices).
2025-05-20 21:43:48 INFO  main [WavefrontOBJ] Done with "Mesh023.obj" (took 2 ms)
2025-05-20 21:43:48 INFO  main [WavefrontOBJ] Loading geometry from "Mesh020.obj" ..
2025-05-20 21:43:48 INFO  main [WavefrontOBJ] Mesh020: 384 triangles, 768 vertices (merged 384 vertices).
2025-05-20 21:43:48 INFO  main [WavefrontOBJ] Done with "Mesh020.obj" (took 2 ms)
2025-05-20 21:43:48 INFO  main [WavefrontOBJ] Loading geometry from "Mesh017.obj" ..
2025-05-20 21:43:48 INFO  main [WavefrontOBJ] Mesh017: 3136 triangles, 1680 vertices (merged 7728 vertices).
2025-05-20 21:43:48 INFO  main [WavefrontOBJ] Done with "Mesh017.obj" (took 7 ms)
2025-05-20 21:43:48 INFO  main [WavefrontOBJ] Loading geometry from "Mesh024.obj" ..
2025-05-20 21:43:48 INFO  main [WavefrontOBJ] Mesh024: 34 triangles, 68 vertices (merged 34 vertices).
2025-05-20 21:43:48 INFO  main [WavefrontOBJ] Done with "Mesh024.obj" (took 0 ms)
2025-05-20 21:43:48 INFO  main [WavefrontOBJ] Loading geometry from "Mesh041.obj" ..
2025-05-20 21:43:48 INFO  main [WavefrontOBJ] Mesh041: 8 triangles, 16 vertices (merged 8 vertices).
2025-05-20 21:43:48 INFO  main [WavefrontOBJ] Done with "Mesh041.obj" (took 0 ms)
2025-05-20 21:43:48 INFO  main [WavefrontOBJ] Loading geometry from "Mesh011.obj" ..
2025-05-20 21:43:48 INFO  main [WavefrontOBJ] Mesh011: 8992 triangles, 4544 vertices (merged 22432 vertices).
2025-05-20 21:43:48 INFO  main [WavefrontOBJ] Done with "Mesh011.obj" (took 19 ms)
2025-05-20 21:43:48 INFO  main [WavefrontOBJ] Loading geometry from "Mesh026.obj" ..
2025-05-20 21:43:48 INFO  main [WavefrontOBJ] Mesh026: 7624 triangles, 4070 vertices (merged 18802 vertices).
2025-05-20 21:43:48 INFO  main [WavefrontOBJ] Done with "Mesh026.obj" (took 17 ms)
2025-05-20 21:43:48 INFO  main [WavefrontOBJ] Loading geometry from "Mesh018.obj" ..
2025-05-20 21:43:48 INFO  main [WavefrontOBJ] Mesh018: 2016 triangles, 1260 vertices (merged 4788 vertices).
2025-05-20 21:43:48 INFO  main [WavefrontOBJ] Done with "Mesh018.obj" (took 4 ms)
2025-05-20 21:43:48 INFO  main [WavefrontOBJ] Loading geometry from "Mesh007.obj" ..
2025-05-20 21:43:48 INFO  main [WavefrontOBJ] Mesh007: 4352 triangles, 2178 vertices (merged 10878 vertices).
2025-05-20 21:43:48 INFO  main [WavefrontOBJ] Done with "Mesh007.obj" (took 9 ms)
2025-05-20 21:43:48 INFO  main [WavefrontOBJ] Loading geometry from "Mesh005.obj" ..
2025-05-20 21:43:48 INFO  main [WavefrontOBJ] Mesh005: 160 triangles, 144 vertices (merged 336 vertices).
2025-05-20 21:43:48 INFO  main [WavefrontOBJ] Done with "Mesh005.obj" (took 0 ms)
2025-05-20 21:43:48 INFO  main [WavefrontOBJ] Loading geometry from "Mesh019.obj" ..
2025-05-20 21:43:48 INFO  main [WavefrontOBJ] Mesh019: 560 triangles, 400 vertices (merged 1280 vertices).
2025-05-20 21:43:48 INFO  main [WavefrontOBJ] Done with "Mesh019.obj" (took 1 ms)
2025-05-20 21:43:48 INFO  main [WavefrontOBJ] Loading geometry from "Mesh021.obj" ..
2025-05-20 21:43:48 INFO  main [WavefrontOBJ] Mesh021: 720 triangles, 482 vertices (merged 1678 vertices).
2025-05-20 21:43:48 INFO  main [WavefrontOBJ] Done with "Mesh021.obj" (took 1 ms)
2025-05-20 21:43:48 INFO  main [WavefrontOBJ] Loading geometry from "Mesh037.obj" ..
2025-05-20 21:43:48 INFO  main [WavefrontOBJ] Mesh037: 7624 triangles, 4070 vertices (merged 18802 vertices).
2025-05-20 21:43:48 INFO  main [WavefrontOBJ] Done with "Mesh037.obj" (took 17 ms)
2025-05-20 21:43:48 INFO  main [WavefrontOBJ] Loading geometry from "Mesh004.obj" ..
2025-05-20 21:43:48 INFO  main [WavefrontOBJ] Mesh004: 2016 triangles, 1260 vertices (merged 4788 vertices).
2025-05-20 21:43:48 INFO  main [WavefrontOBJ] Done with "Mesh004.obj" (took 4 ms)
2025-05-20 21:43:48 INFO  main [WavefrontOBJ] Loading geometry from "Mesh014.obj" ..
2025-05-20 21:43:48 INFO  main [WavefrontOBJ] Mesh014: 160 triangles, 144 vertices (merged 336 vertices).
2025-05-20 21:43:48 INFO  main [WavefrontOBJ] Done with "Mesh014.obj" (took 0 ms)
2025-05-20 21:43:48 INFO  main [WavefrontOBJ] Loading geometry from "Mesh012.obj" ..
2025-05-20 21:43:48 INFO  main [WavefrontOBJ] Mesh012: 560 triangles, 400 vertices (merged 1280 vertices).
2025-05-20 21:43:48 INFO  main [WavefrontOBJ] Done with "Mesh012.obj" (took 1 ms)
2025-05-20 21:43:48 INFO  main [WavefrontOBJ] Loading geometry from "Mesh028.obj" ..
2025-05-20 21:43:48 INFO  main [WavefrontOBJ] Mesh028: 720 triangles, 482 vertices (merged 1678 vertices).
2025-05-20 21:43:48 INFO  main [WavefrontOBJ] Done with "Mesh028.obj" (took 1 ms)
2025-05-20 21:43:48 INFO  main [WavefrontOBJ] Loading geometry from "Mesh025.obj" ..
2025-05-20 21:43:49 INFO  main [WavefrontOBJ] Mesh025: 4352 triangles, 2178 vertices (merged 10878 vertices).
2025-05-20 21:43:49 INFO  main [WavefrontOBJ] Done with "Mesh025.obj" (took 9 ms)
2025-05-20 21:43:49 INFO  main [WavefrontOBJ] Loading geometry from "Mesh008.obj" ..
2025-05-20 21:43:49 INFO  main [WavefrontOBJ] Mesh008: 6320 triangles, 3270 vertices (merged 15690 vertices).
2025-05-20 21:43:49 INFO  main [WavefrontOBJ] Done with "Mesh008.obj" (took 14 ms)
2025-05-20 21:43:49 INFO  main [WavefrontOBJ] Loading geometry from "Mesh032.obj" ..
2025-05-20 21:43:49 INFO  main [WavefrontOBJ] Mesh032: 13248 triangles, 6686 vertices (merged 33058 vertices).
2025-05-20 21:43:49 INFO  main [WavefrontOBJ] Done with "Mesh032.obj" (took 28 ms)
2025-05-20 21:43:49 INFO  main [WavefrontOBJ] Loading geometry from "Mesh035.obj" ..
2025-05-20 21:43:49 INFO  main [WavefrontOBJ] Mesh035: 14480 triangles, 7404 vertices (merged 36036 vertices).
2025-05-20 21:43:49 INFO  main [WavefrontOBJ] Done with "Mesh035.obj" (took 31 ms)
2025-05-20 21:43:49 INFO  main [WavefrontOBJ] Loading geometry from "Mesh042.obj" ..
2025-05-20 21:43:49 INFO  main [WavefrontOBJ] Mesh042: 2320 triangles, 1492 vertices (merged 5468 vertices).
2025-05-20 21:43:49 INFO  main [WavefrontOBJ] Done with "Mesh042.obj" (took 5 ms)
2025-05-20 21:43:49 INFO  main [WavefrontOBJ] Loading geometry from "Mesh010.obj" ..
2025-05-20 21:43:49 INFO  main [WavefrontOBJ] Mesh010: 13248 triangles, 6686 vertices (merged 33058 vertices).
2025-05-20 21:43:49 INFO  main [WavefrontOBJ] Done with "Mesh010.obj" (took 29 ms)
2025-05-20 21:43:49 INFO  main [WavefrontOBJ] Loading geometry from "Mesh036.obj" ..
2025-05-20 21:43:49 INFO  main [WavefrontOBJ] Mesh036: 14480 triangles, 7404 vertices (merged 36036 vertices).
2025-05-20 21:43:49 INFO  main [WavefrontOBJ] Done with "Mesh036.obj" (took 31 ms)
2025-05-20 21:43:49 INFO  main [WavefrontOBJ] Loading geometry from "Mesh027.obj" ..
2025-05-20 21:43:49 INFO  main [WavefrontOBJ] Mesh027: 2320 triangles, 1492 vertices (merged 5468 vertices).
2025-05-20 21:43:49 INFO  main [WavefrontOBJ] Done with "Mesh027.obj" (took 5 ms)
2025-05-20 21:43:49 INFO  main [WavefrontOBJ] Loading geometry from "Mesh043.obj" ..
2025-05-20 21:43:49 INFO  main [WavefrontOBJ] Mesh043: 13248 triangles, 6686 vertices (merged 33058 vertices).
2025-05-20 21:43:49 INFO  main [WavefrontOBJ] Done with "Mesh043.obj" (took 28 ms)
2025-05-20 21:43:49 INFO  main [WavefrontOBJ] Loading geometry from "Mesh044.obj" ..
2025-05-20 21:43:49 INFO  main [WavefrontOBJ] Mesh044: 14480 triangles, 7404 vertices (merged 36036 vertices).
2025-05-20 21:43:49 INFO  main [WavefrontOBJ] Done with "Mesh044.obj" (took 30 ms)
2025-05-20 21:43:49 INFO  main [WavefrontOBJ] Loading geometry from "Mesh031.obj" ..
2025-05-20 21:43:49 INFO  main [WavefrontOBJ] Mesh031: 2320 triangles, 1492 vertices (merged 5468 vertices).
2025-05-20 21:43:49 INFO  main [WavefrontOBJ] Done with "Mesh031.obj" (took 5 ms)
2025-05-20 21:43:49 INFO  main [WavefrontOBJ] Loading geometry from "Mesh022.obj" ..
2025-05-20 21:43:49 INFO  main [WavefrontOBJ] Mesh022: 13248 triangles, 6686 vertices (merged 33058 vertices).
2025-05-20 21:43:49 INFO  main [WavefrontOBJ] Done with "Mesh022.obj" (took 28 ms)
2025-05-20 21:43:49 INFO  main [WavefrontOBJ] Loading geometry from "Mesh038.obj" ..
2025-05-20 21:43:49 INFO  main [WavefrontOBJ] Mesh038: 14480 triangles, 7404 vertices (merged 36036 vertices).
2025-05-20 21:43:49 INFO  main [WavefrontOBJ] Done with "Mesh038.obj" (took 31 ms)
2025-05-20 21:43:49 INFO  main [WavefrontOBJ] Loading geometry from "Mesh030.obj" ..
2025-05-20 21:43:49 INFO  main [WavefrontOBJ] Mesh030: 2320 triangles, 1492 vertices (merged 5468 vertices).
2025-05-20 21:43:49 INFO  main [WavefrontOBJ] Done with "Mesh030.obj" (took 5 ms)
2025-05-20 21:43:49 INFO  main [WavefrontOBJ] Loading geometry from "Mesh046.obj" ..
2025-05-20 21:43:49 INFO  main [WavefrontOBJ] Mesh046: 13248 triangles, 6686 vertices (merged 33058 vertices).
2025-05-20 21:43:49 INFO  main [WavefrontOBJ] Done with "Mesh046.obj" (took 28 ms)
2025-05-20 21:43:49 INFO  main [WavefrontOBJ] Loading geometry from "Mesh047.obj" ..
2025-05-20 21:43:49 INFO  main [WavefrontOBJ] Mesh047: 14480 triangles, 7404 vertices (merged 36036 vertices).
2025-05-20 21:43:49 INFO  main [WavefrontOBJ] Done with "Mesh047.obj" (took 31 ms)
2025-05-20 21:43:49 INFO  main [WavefrontOBJ] Loading geometry from "Mesh034.obj" ..
2025-05-20 21:43:49 INFO  main [WavefrontOBJ] Mesh034: 2320 triangles, 1492 vertices (merged 5468 vertices).
2025-05-20 21:43:49 INFO  main [WavefrontOBJ] Done with "Mesh034.obj" (took 6 ms)
2025-05-20 21:43:49 INFO  main [WavefrontOBJ] Loading geometry from "Mesh033.obj" ..
2025-05-20 21:43:49 INFO  main [WavefrontOBJ] Mesh033: 44 triangles, 96 vertices (merged 36 vertices).
2025-05-20 21:43:49 INFO  main [WavefrontOBJ] Done with "Mesh033.obj" (took 0 ms)
2025-05-20 21:43:49 INFO  main [WavefrontOBJ] Loading geometry from "Mesh006.obj" ..
2025-05-20 21:43:49 INFO  main [WavefrontOBJ] Mesh006: 4 triangles, 6 vertices (merged 6 vertices).
2025-05-20 21:43:49 INFO  main [WavefrontOBJ] Done with "Mesh006.obj" (took 0 ms)
2025-05-20 21:43:49 INFO  main [WavefrontOBJ] Loading geometry from "Mesh048.obj" ..
2025-05-20 21:43:49 INFO  main [WavefrontOBJ] Mesh048: 30 triangles, 38 vertices (merged 52 vertices).
2025-05-20 21:43:49 INFO  main [WavefrontOBJ] Done with "Mesh048.obj" (took 0 ms)
2025-05-20 21:43:49 INFO  main [WavefrontOBJ] Loading geometry from "Mesh049.obj" ..
2025-05-20 21:43:49 INFO  main [WavefrontOBJ] Mesh049: 13248 triangles, 6686 vertices (merged 33058 vertices).
2025-05-20 21:43:49 INFO  main [WavefrontOBJ] Done with "Mesh049.obj" (took 29 ms)
2025-05-20 21:43:49 INFO  main [WavefrontOBJ] Loading geometry from "Mesh051.obj" ..
2025-05-20 21:43:49 INFO  main [WavefrontOBJ] Mesh051: 14480 triangles, 7404 vertices (merged 36036 vertices).
2025-05-20 21:43:49 INFO  main [WavefrontOBJ] Done with "Mesh051.obj" (took 32 ms)
2025-05-20 21:43:49 INFO  main [WavefrontOBJ] Loading geometry from "Mesh040.obj" ..
2025-05-20 21:43:49 INFO  main [WavefrontOBJ] Mesh040: 2320 triangles, 1492 vertices (merged 5468 vertices).
2025-05-20 21:43:49 INFO  main [WavefrontOBJ] Done with "Mesh040.obj" (took 5 ms)
2025-05-20 21:43:49 INFO  main [WavefrontOBJ] Loading geometry from "Mesh003.obj" ..
2025-05-20 21:43:49 INFO  main [WavefrontOBJ] Mesh003: 18176 triangles, 9150 vertices (merged 45378 vertices).
2025-05-20 21:43:49 INFO  main [WavefrontOBJ] Done with "Mesh003.obj" (took 39 ms)
2025-05-20 21:43:49 INFO  main [WavefrontOBJ] Loading geometry from "Mesh002.obj" ..
2025-05-20 21:43:49 INFO  main [WavefrontOBJ] Mesh002: 7624 triangles, 4070 vertices (merged 18802 vertices).
2025-05-20 21:43:49 INFO  main [WavefrontOBJ] Done with "Mesh002.obj" (took 16 ms)
2025-05-20 21:43:49 INFO  main [WavefrontOBJ] Loading geometry from "Mesh009.obj" ..
2025-05-20 21:43:49 INFO  main [WavefrontOBJ] Mesh009: 2016 triangles, 1260 vertices (merged 4788 vertices).
2025-05-20 21:43:49 INFO  main [WavefrontOBJ] Done with "Mesh009.obj" (took 4 ms)
2025-05-20 21:43:49 INFO  main [WavefrontOBJ] Loading geometry from "Mesh045.obj" ..
2025-05-20 21:43:49 INFO  main [WavefrontOBJ] Mesh045: 4352 triangles, 2178 vertices (merged 10878 vertices).
2025-05-20 21:43:49 INFO  main [WavefrontOBJ] Done with "Mesh045.obj" (took 10 ms)
2025-05-20 21:43:49 INFO  main [WavefrontOBJ] Loading geometry from "Mesh029.obj" ..
2025-05-20 21:43:49 INFO  main [WavefrontOBJ] Mesh029: 160 triangles, 144 vertices (merged 336 vertices).
2025-05-20 21:43:49 INFO  main [WavefrontOBJ] Done with "Mesh029.obj" (took 0 ms)
2025-05-20 21:43:49 INFO  main [WavefrontOBJ] Loading geometry from "Mesh039.obj" ..
2025-05-20 21:43:49 INFO  main [WavefrontOBJ] Mesh039: 560 triangles, 400 vertices (merged 1280 vertices).
2025-05-20 21:43:49 INFO  main [WavefrontOBJ] Done with "Mesh039.obj" (took 1 ms)
2025-05-20 21:43:49 INFO  main [WavefrontOBJ] Loading geometry from "Mesh050.obj" ..
2025-05-20 21:43:49 INFO  main [WavefrontOBJ] Mesh050: 720 triangles, 482 vertices (merged 1678 vertices).
2025-05-20 21:43:49 INFO  main [WavefrontOBJ] Done with "Mesh050.obj" (took 1 ms)
2025-05-20 21:43:49 INFO  main [WavefrontOBJ] Loading geometry from "Mesh001.obj" ..
2025-05-20 21:43:49 INFO  main [WavefrontOBJ] Mesh001: 170 triangles, 340 vertices (merged 170 vertices).
2025-05-20 21:43:49 INFO  main [WavefrontOBJ] Done with "Mesh001.obj" (took 1 ms)
2025-05-20 21:43:49 INFO  main [WavefrontOBJ] Loading geometry from "Mesh000.obj" ..
2025-05-20 21:43:49 INFO  main [WavefrontOBJ] Mesh000: 22 triangles, 44 vertices (merged 22 vertices).
2025-05-20 21:43:49 INFO  main [WavefrontOBJ] Done with "Mesh000.obj" (took 0 ms)
2025-05-20 21:43:49 INFO  main [PluginManager] Loading plugin "plugins/rectangle.so" ..
2025-05-20 21:43:49 INFO  ren0 [KDTreeBase] Constructing a SAH kd-tree (321251 primitives) ..
2025-05-20 21:43:50 INFO  ren0 [KDTreeBase] Finished -- took 626 ms.
2025-05-20 21:43:50 INFO  ren0 [octree.h:534] root weight: 8.000e-20 (0.000000)
2025-05-20 21:43:50 INFO  ren0 [octree.h:535] splitting threshold: 8.000e-23 (0.000000)
2025-05-20 21:43:50 INFO  ren0 [octree.h:550] node count: 1 -> 585 -> 585

2025-05-20 21:43:50 INFO  ren0 [octree.h:534] root weight: 4.096e-17 (0.000000)
2025-05-20 21:43:50 INFO  ren0 [octree.h:535] splitting threshold: 4.096e-20 (0.000000)
2025-05-20 21:43:50 INFO  ren0 [octree.h:550] node count: 585 -> 585 -> 585

2025-05-20 21:43:50 INFO  ren0 [octree.h:534] root weight: 8.000e-20 (0.000000)
2025-05-20 21:43:50 INFO  ren0 [octree.h:535] splitting threshold: 8.000e-23 (0.000000)
2025-05-20 21:43:50 INFO  ren0 [octree.h:550] node count: 1 -> 585 -> 585

2025-05-20 21:43:50 INFO  ren0 [octree.h:534] root weight: 8.000e-20 (0.000000)
2025-05-20 21:43:50 INFO  ren0 [octree.h:535] splitting threshold: 8.000e-23 (0.000000)
2025-05-20 21:43:50 INFO  ren0 [octree.h:550] node count: 1 -> 585 -> 585

2025-05-20 21:43:50 INFO  ren0 [octree.h:534] root weight: 4.096e-17 (0.000000)
2025-05-20 21:43:50 INFO  ren0 [octree.h:535] splitting threshold: 4.096e-20 (0.000000)
2025-05-20 21:43:50 INFO  ren0 [octree.h:550] node count: 585 -> 585 -> 585

2025-05-20 21:43:50 INFO  ren0 [octree.h:534] root weight: 8.000e-20 (0.000000)
2025-05-20 21:43:50 INFO  ren0 [octree.h:535] splitting threshold: 8.000e-23 (0.000000)
2025-05-20 21:43:50 INFO  ren0 [octree.h:550] node count: 1 -> 585 -> 585

2025-05-20 21:43:50 INFO  ren0 [MIFocalGuidingPathTracer] AABB3[min=[-6.3658, -1.5274, -4.73046], max=[5.27597, 8.04131, 10.0598]]
2025-05-20 21:43:50 INFO  ren0 [MIFocalGuidingPathTracer] Starting render job (1280x720, 12 cores, SSE2 enabled) ..
2025-05-20 21:43:50 INFO  ren0 [MIFocalGuidingPathTracer] ITERATION 0, until 10.0 seconds
2025-05-20 21:44:02 INFO  ren0 [MIFocalGuidingPathTracer]   12.59 seconds elapsed, passes this iteration: 5, total passes: 5
2025-05-20 21:44:02 INFO  ren0 [MIFocalGuidingPathTracer] Got 1601747 non-zero samples
2025-05-20 21:44:02 INFO  ren0 [gaussian_mixture_model.h:815] Processing mega batch of size 1601747
2025-05-20 21:44:02 INFO  ren0 [gaussian_mixture_model.h:554] Uniform
2025-05-20 21:44:02 INFO  ren0 [gaussian_mixture_model.h:588] Increasing the number of max components to 12 to allow uniform distribution
2025-05-20 21:44:02 INFO  ren0 [gaussian_mixture_model.h:215] Before splitting
2025-05-20 21:44:02 INFO  ren0 [gaussian_mixture_model.h:216] GMM[
weight = 0.0021492 mean = [-4.55368 1.92588 -3.43524] covariance = [[3.73203 -0.631357 -0.191437][-0.631357 1.40127 0.0352805][-0.191437 0.0352805 1.12039]]
weight = 0.00438199 mean = [-4.55573 2.87908 4.66688] covariance = [[0.313946 -0.181106 0.156521][-0.181106 0.280651 -0.00866472][0.156521 -0.00866472 0.537206]]
weight = 0.0440823 mean = [-2.6534 1.41637 7.38716] covariance = [[0.72418 -0.544168 0.42805][-0.544168 0.43377 -0.345428][0.42805 -0.345428 0.613525]]
weight = 0.0299866 mean = [-3.11929 5.88517 -3.26928] covariance = [[0.0906249 0.0147097 0.0123494][0.0147097 0.148507 -0.0400691][0.0123494 -0.0400691 0.0832328]]
weight = 0.0134218 mean = [-2.43383 7.09551 4.38775] covariance = [[1.22784 1.87337 0.0709406][1.87337 2.99044 0.120465][0.0709406 0.120465 0.105899]]
weight = 0.0832582 mean = [-4.58763 4.57103 8.44582] covariance = [[4.53772 1.12952 2.01751][1.12952 0.46547 0.444702][2.01751 0.444702 1.07737]]
weight = 0.0472307 mean = [2.85652 1.73086 -0.546489] covariance = [[0.761973 -0.519384 -0.141242][-0.519384 0.597061 -0.161181][-0.141242 -0.161181 0.990774]]
weight = 0.350121 mean = [4.02003 -0.760867 3.1254] covariance = [[0.558372 -0.569854 0.189938][-0.569854 0.963282 -0.776458][0.189938 -0.776458 1.15626]]
weight = 0.0745235 mean = [2.79465 1.46443 8.71266] covariance = [[0.358413 -0.0164466 0.498837][-0.0164466 0.142566 0.284223][0.498837 0.284223 1.39398]]
weight = 0.311114 mean = [2.82602 4.66061 -3.05842] covariance = [[0.801204 0.766454 0.82042][0.766454 0.743135 0.797466][0.82042 0.797466 0.897781]]
weight = 0.0298518 mean = [3.45771 7.69665 1.27063] covariance = [[0.110551 0.00484086 -0.092018][0.00484086 0.116684 0.0130475][-0.092018 0.0130475 0.110866]]
weight = 0.00987887 mean = [1.55251 6.59356 8.17219] covariance = [[0.104402 -0.0126035 -0.0338309][-0.0126035 0.137478 -0.0240987][-0.0338309 -0.0240987 0.0571236]]
]
2025-05-20 21:44:02 INFO  ren0 [gaussian_mixture_model.h:218] Before merging
2025-05-20 21:44:02 INFO  ren0 [gaussian_mixture_model.h:219] GMM[
weight = 0.0021492 mean = [-4.55368 1.92588 -3.43524] covariance = [[3.73203 -0.631357 -0.191437][-0.631357 1.40127 0.0352805][-0.191437 0.0352805 1.12039]]
weight = 0.00438199 mean = [-4.55573 2.87908 4.66688] covariance = [[0.313946 -0.181106 0.156521][-0.181106 0.280651 -0.00866472][0.156521 -0.00866472 0.537206]]
weight = 0.0440823 mean = [-2.6534 1.41637 7.38716] covariance = [[0.72418 -0.544168 0.42805][-0.544168 0.43377 -0.345428][0.42805 -0.345428 0.613525]]
weight = 0.0299866 mean = [-3.11929 5.88517 -3.26928] covariance = [[0.0906249 0.0147097 0.0123494][0.0147097 0.148507 -0.0400691][0.0123494 -0.0400691 0.0832328]]
weight = 0.0134218 mean = [-2.43383 7.09551 4.38775] covariance = [[1.22784 1.87337 0.0709406][1.87337 2.99044 0.120465][0.0709406 0.120465 0.105899]]
weight = 0.0832582 mean = [-4.58763 4.57103 8.44582] covariance = [[4.53772 1.12952 2.01751][1.12952 0.46547 0.444702][2.01751 0.444702 1.07737]]
weight = 0.0472307 mean = [2.85652 1.73086 -0.546489] covariance = [[0.761973 -0.519384 -0.141242][-0.519384 0.597061 -0.161181][-0.141242 -0.161181 0.990774]]
weight = 0.350121 mean = [4.02003 -0.760867 3.1254] covariance = [[0.558372 -0.569854 0.189938][-0.569854 0.963282 -0.776458][0.189938 -0.776458 1.15626]]
weight = 0.0745235 mean = [2.79465 1.46443 8.71266] covariance = [[0.358413 -0.0164466 0.498837][-0.0164466 0.142566 0.284223][0.498837 0.284223 1.39398]]
weight = 0.311114 mean = [2.82602 4.66061 -3.05842] covariance = [[0.801204 0.766454 0.82042][0.766454 0.743135 0.797466][0.82042 0.797466 0.897781]]
weight = 0.0298518 mean = [3.45771 7.69665 1.27063] covariance = [[0.110551 0.00484086 -0.092018][0.00484086 0.116684 0.0130475][-0.092018 0.0130475 0.110866]]
weight = 0.00987887 mean = [1.55251 6.59356 8.17219] covariance = [[0.104402 -0.0126035 -0.0338309][-0.0126035 0.137478 -0.0240987][-0.0338309 -0.0240987 0.0571236]]
]
2025-05-20 21:44:03 INFO  ren0 [gaussian_mixture_model.h:215] Before splitting
2025-05-20 21:44:03 INFO  ren0 [gaussian_mixture_model.h:216] GMM[
weight = 0.106041 mean = [-2.57685 3.49041 -3.30469] covariance = [[3.51755 1.36749 -0.0470814][1.36749 0.922179 0.364248][-0.0470814 0.364248 1.03056]]
weight = 0.0435463 mean = [-5.29157 3.49623 3.85071] covariance = [[0.0472776 -0.0354529 0.0473289][-0.0354529 0.0348766 -0.0344952][0.0473289 -0.0344952 0.0678312]]
weight = 0.0149443 mean = [-2.4358 1.34041 7.66838] covariance = [[0.941485 -0.60585 0.783393][-0.60585 0.438395 -0.475452][0.783393 -0.475452 1.117]]
weight = 0.00842925 mean = [-3.11836 5.8843 -3.27036] covariance = [[0.0922852 0.0142345 0.013001][0.0142345 0.155326 -0.042278][0.013001 -0.042278 0.0866167]]
weight = 0.00537234 mean = [-3.26448 6.02303 4.25039] covariance = [[2.49251 3.42001 0.32002][3.42001 4.83057 0.439636][0.32002 0.439636 0.126933]]
weight = 0.121031 mean = [-4.03328 5.27429 7.93732] covariance = [[5.68397 -0.931866 3.32514][-0.931866 0.567573 -0.805672][3.32514 -0.805672 2.22693]]
weight = 0.516726 mean = [2.37166 1.6808 0.646949] covariance = [[3.07491 -3.26628 2.94404][-3.26628 4.69719 -6.06304][2.94404 -6.06304 10.2776]]
weight = 0.0859661 mean = [1.90871 2.27899 9.06588] covariance = [[0.569812 -0.381983 0.0849916][-0.381983 0.342037 0.124414][0.0849916 0.124414 0.40555]]
weight = 0.0868043 mean = [2.82517 4.65981 -3.05903] covariance = [[0.802645 0.767828 0.821398][0.767828 0.744456 0.798403][0.821398 0.798403 0.898445]]
weight = 0.00833193 mean = [3.45724 7.6961 1.27086] covariance = [[0.111547 0.00517584 -0.0928224][0.00517584 0.117266 0.0128022][-0.0928224 0.0128022 0.111952]]
weight = 0.0028084 mean = [1.57232 6.56031 8.18073] covariance = [[0.126396 -0.0477637 -0.0250252][-0.0477637 0.200746 -0.0403264][-0.0250252 -0.0403264 0.0621293]]
]
2025-05-20 21:44:03 INFO  ren0 [gaussian_mixture_model.h:218] Before merging
2025-05-20 21:44:03 INFO  ren0 [gaussian_mixture_model.h:219] GMM[
weight = 0.0530203 mean = [-1.64744 3.89312 -3.27125] covariance = [[1.78996 0.618914 -0.109245][0.618914 0.59783 0.337312][-0.109245 0.337312 1.02833]]
weight = 0.0435463 mean = [-5.29157 3.49623 3.85071] covariance = [[0.0472776 -0.0354529 0.0473289][-0.0354529 0.0348766 -0.0344952][0.0473289 -0.0344952 0.0678312]]
weight = 0.0149443 mean = [-2.4358 1.34041 7.66838] covariance = [[0.941485 -0.60585 0.783393][-0.60585 0.438395 -0.475452][0.783393 -0.475452 1.117]]
weight = 0.00842925 mean = [-3.11836 5.8843 -3.27036] covariance = [[0.0922852 0.0142345 0.013001][0.0142345 0.155326 -0.042278][0.013001 -0.042278 0.0866167]]
weight = 0.00537234 mean = [-3.26448 6.02303 4.25039] covariance = [[2.49251 3.42001 0.32002][3.42001 4.83057 0.439636][0.32002 0.439636 0.126933]]
weight = 0.121031 mean = [-4.03328 5.27429 7.93732] covariance = [[5.68397 -0.931866 3.32514][-0.931866 0.567573 -0.805672][3.32514 -0.805672 2.22693]]
weight = 0.0530203 mean = [-3.50626 3.08769 -3.33813] covariance = [[1.78996 0.618914 -0.109245][0.618914 0.59783 0.337312][-0.109245 0.337312 1.02833]]
weight = 0.516726 mean = [2.37166 1.6808 0.646949] covariance = [[3.07491 -3.26628 2.94404][-3.26628 4.69719 -6.06304][2.94404 -6.06304 10.2776]]
weight = 0.0859661 mean = [1.90871 2.27899 9.06588] covariance = [[0.569812 -0.381983 0.0849916][-0.381983 0.342037 0.124414][0.0849916 0.124414 0.40555]]
weight = 0.0868043 mean = [2.82517 4.65981 -3.05903] covariance = [[0.802645 0.767828 0.821398][0.767828 0.744456 0.798403][0.821398 0.798403 0.898445]]
weight = 0.00833193 mean = [3.45724 7.6961 1.27086] covariance = [[0.111547 0.00517584 -0.0928224][0.00517584 0.117266 0.0128022][-0.0928224 0.0128022 0.111952]]
weight = 0.0028084 mean = [1.57232 6.56031 8.18073] covariance = [[0.126396 -0.0477637 -0.0250252][-0.0477637 0.200746 -0.0403264][-0.0250252 -0.0403264 0.0621293]]
]
2025-05-20 21:44:03 INFO  ren0 [gaussian_mixture_model.h:215] Before splitting
2025-05-20 21:44:03 INFO  ren0 [gaussian_mixture_model.h:216] GMM[
weight = 0.498121 mean = [1.12297 2.39883 -0.909061] covariance = [[3.23412 3.65384 4.91595][3.65384 5.78197 6.70523][4.91595 6.70523 9.00189]]
weight = 0.0164192 mean = [-1.31193 0.744255 9.1099] covariance = [[0.281689 -0.149462 0.334828][-0.149462 0.106466 -0.159297][0.334828 -0.159297 0.479792]]
weight = 0.00077737 mean = [-3.1226 5.88695 -3.27202] covariance = [[0.100228 0.0136574 0.0149121][0.0136574 0.158941 -0.0421541][0.0149121 -0.0421541 0.0891449]]
weight = 0.000544356 mean = [-3.32384 5.79198 4.31088] covariance = [[2.79219 3.75422 0.401684][3.75422 5.52886 0.392164][0.401684 0.392164 0.221516]]
weight = 0.0543825 mean = [-3.54296 6.36949 8.02974] covariance = [[3.87587 -1.15953 3.13956][-1.15953 1.05454 -1.2247][3.13956 -1.2247 3.34119]]
weight = 0.0798892 mean = [-0.982504 1.87852 -1.70602] covariance = [[5.6662 -2.44202 -1.98403][-2.44202 1.21035 0.817006][-1.98403 0.817006 1.84628]]
weight = 0.142046 mean = [1.24658 3.32138 -1.47543] covariance = [[4.59945 -5.21171 2.65489][-5.21171 7.23046 -5.86564][2.65489 -5.86564 9.33223]]
weight = 0.0379096 mean = [2.7738 1.60317 8.95325] covariance = [[2.79398 -2.09473 -0.0825271][-2.09473 1.59056 0.105134][-0.0825271 0.105134 0.0984307]]
weight = 0.070563 mean = [3.12569 4.94658 -2.75484] covariance = [[0.101851 0.097398 0.104104][0.097398 0.094276 0.100992][0.104104 0.100992 0.112935]]
weight = 0.000777014 mean = [3.43581 7.68259 1.27861] covariance = [[0.137531 0.0198225 -0.102209][0.0198225 0.125399 0.0069141][-0.102209 0.0069141 0.116925]]
weight = 0.0985707 mean = [5.11654 7.887 6.40907] covariance = [[0.0354558 0.0148378 -0.0173527][0.0148378 0.0108369 -0.00790444][-0.0173527 -0.00790444 0.00928131]]
]
2025-05-20 21:44:03 INFO  ren0 [gaussian_mixture_model.h:218] Before merging
2025-05-20 21:44:03 INFO  ren0 [gaussian_mixture_model.h:219] GMM[
weight = 0.249061 mean = [1.9606 3.55845 0.576202] covariance = [[1.83089 1.71118 2.42776][1.71118 3.09253 3.26054][2.42776 3.26054 4.58988]]
weight = 0.249061 mean = [0.285345 1.23921 -2.39432] covariance = [[1.83089 1.71118 2.42776][1.71118 3.09253 3.26054][2.42776 3.26054 4.58988]]
weight = 0.0164192 mean = [-1.31193 0.744255 9.1099] covariance = [[0.281689 -0.149462 0.334828][-0.149462 0.106466 -0.159297][0.334828 -0.159297 0.479792]]
weight = 0.00077737 mean = [-3.1226 5.88695 -3.27202] covariance = [[0.100228 0.0136574 0.0149121][0.0136574 0.158941 -0.0421541][0.0149121 -0.0421541 0.0891449]]
weight = 0.000544356 mean = [-3.32384 5.79198 4.31088] covariance = [[2.79219 3.75422 0.401684][3.75422 5.52886 0.392164][0.401684 0.392164 0.221516]]
weight = 0.0543825 mean = [-3.54296 6.36949 8.02974] covariance = [[3.87587 -1.15953 3.13956][-1.15953 1.05454 -1.2247][3.13956 -1.2247 3.34119]]
weight = 0.0798892 mean = [-0.982504 1.87852 -1.70602] covariance = [[5.6662 -2.44202 -1.98403][-2.44202 1.21035 0.817006][-1.98403 0.817006 1.84628]]
weight = 0.142046 mean = [1.24658 3.32138 -1.47543] covariance = [[4.59945 -5.21171 2.65489][-5.21171 7.23046 -5.86564][2.65489 -5.86564 9.33223]]
weight = 0.0379096 mean = [2.7738 1.60317 8.95325] covariance = [[2.79398 -2.09473 -0.0825271][-2.09473 1.59056 0.105134][-0.0825271 0.105134 0.0984307]]
weight = 0.070563 mean = [3.12569 4.94658 -2.75484] covariance = [[0.101851 0.097398 0.104104][0.097398 0.094276 0.100992][0.104104 0.100992 0.112935]]
weight = 0.000777014 mean = [3.43581 7.68259 1.27861] covariance = [[0.137531 0.0198225 -0.102209][0.0198225 0.125399 0.0069141][-0.102209 0.0069141 0.116925]]
weight = 0.0985707 mean = [5.11654 7.887 6.40907] covariance = [[0.0354558 0.0148378 -0.0173527][0.0148378 0.0108369 -0.00790444][-0.0173527 -0.00790444 0.00928131]]
]
2025-05-20 21:44:03 INFO  ren0 [gaussian_mixture_model.h:215] Before splitting
2025-05-20 21:44:03 INFO  ren0 [gaussian_mixture_model.h:216] GMM[
weight = 0.223518 mean = [0.803712 1.3912 -1.19571] covariance = [[2.35933 3.04642 3.41801][3.04642 5.82071 4.95559][3.41801 4.95559 6.06412]]
weight = 0.282546 mean = [0.143199 -0.594636 -1.77523] covariance = [[0.0544275 0.028183 0.030805][0.028183 0.142203 0.00362455][0.030805 0.00362455 0.0389837]]
weight = 0.00482824 mean = [-1.31033 0.741636 9.11018] covariance = [[0.281325 -0.150002 0.33371][-0.150002 0.107861 -0.158915][0.33371 -0.158915 0.478016]]
weight = 0.000228472 mean = [-3.12229 5.88638 -3.27191] covariance = [[0.100491 0.0135393 0.0147048][0.0135393 0.159144 -0.0422459][0.0147048 -0.0422459 0.0892318]]
weight = 0.000166172 mean = [-3.32978 5.78743 4.30393] covariance = [[2.75815 3.69677 0.398925][3.69677 5.48018 0.372747][0.398925 0.372747 0.22956]]
weight = 0.0162524 mean = [-3.47878 6.30041 8.04232] covariance = [[4.02372 -1.36713 3.12678][-1.36713 1.30357 -1.2479][3.12678 -1.2479 3.29406]]
weight = 0.328218 mean = [1.19607 3.35272 -0.805009] covariance = [[2.27929 0.101967 0.409526][0.101967 10.8159 -2.38578][0.409526 -2.38578 8.42212]]
weight = 0.0216835 mean = [2.7302 1.62842 8.93246] covariance = [[1.43979 -1.07753 -0.0373079][-1.07753 0.817111 0.0511818][-0.0373079 0.0511818 0.0531266]]
weight = 0.0932681 mean = [2.30075 4.1508 -3.63253] covariance = [[0.216299 0.208456 0.229179][0.208456 0.201164 0.221203][0.229179 0.221203 0.244322]]
weight = 0.000421509 mean = [3.30502 7.50795 1.17041] covariance = [[0.10468 0.0318774 -0.0583776][0.0318774 0.107684 0.0388423][-0.0583776 0.0388423 0.119445]]
weight = 0.02887 mean = [5.11654 7.887 6.40907] covariance = [[0.0354566 0.0148391 -0.0173517][0.0148391 0.0108389 -0.00790287][-0.0173517 -0.00790287 0.00928261]]
]
2025-05-20 21:44:03 INFO  ren0 [gaussian_mixture_model.h:218] Before merging
2025-05-20 21:44:03 INFO  ren0 [gaussian_mixture_model.h:219] GMM[
weight = 0.111759 mean = [1.51914 2.53194 -0.00882007] covariance = [[1.33568 1.41419 1.71975][1.41419 3.21812 2.24772][1.71975 2.24772 3.24672]]
weight = 0.282546 mean = [0.143199 -0.594636 -1.77523] covariance = [[0.0544275 0.028183 0.030805][0.028183 0.142203 0.00362455][0.030805 0.00362455 0.0389837]]
weight = 0.00482824 mean = [-1.31033 0.741636 9.11018] covariance = [[0.281325 -0.150002 0.33371][-0.150002 0.107861 -0.158915][0.33371 -0.158915 0.478016]]
weight = 0.000228472 mean = [-3.12229 5.88638 -3.27191] covariance = [[0.100491 0.0135393 0.0147048][0.0135393 0.159144 -0.0422459][0.0147048 -0.0422459 0.0892318]]
weight = 0.000166172 mean = [-3.32978 5.78743 4.30393] covariance = [[2.75815 3.69677 0.398925][3.69677 5.48018 0.372747][0.398925 0.372747 0.22956]]
weight = 0.0162524 mean = [-3.47878 6.30041 8.04232] covariance = [[4.02372 -1.36713 3.12678][-1.36713 1.30357 -1.2479][3.12678 -1.2479 3.29406]]
weight = 0.111759 mean = [0.0882878 0.250456 -2.3826] covariance = [[1.33568 1.41419 1.71975][1.41419 3.21812 2.24772][1.71975 2.24772 3.24672]]
weight = 0.328218 mean = [1.19607 3.35272 -0.805009] covariance = [[2.27929 0.101967 0.409526][0.101967 10.8159 -2.38578][0.409526 -2.38578 8.42212]]
weight = 0.0216835 mean = [2.7302 1.62842 8.93246] covariance = [[1.43979 -1.07753 -0.0373079][-1.07753 0.817111 0.0511818][-0.0373079 0.0511818 0.0531266]]
weight = 0.0932681 mean = [2.30075 4.1508 -3.63253] covariance = [[0.216299 0.208456 0.229179][0.208456 0.201164 0.221203][0.229179 0.221203 0.244322]]
weight = 0.000421509 mean = [3.30502 7.50795 1.17041] covariance = [[0.10468 0.0318774 -0.0583776][0.0318774 0.107684 0.0388423][-0.0583776 0.0388423 0.119445]]
weight = 0.02887 mean = [5.11654 7.887 6.40907] covariance = [[0.0354566 0.0148391 -0.0173517][0.0148391 0.0108389 -0.00790287][-0.0173517 -0.00790287 0.00928261]]
]
2025-05-20 21:44:03 INFO  ren0 [gaussian_mixture_model.h:215] Before splitting
2025-05-20 21:44:03 INFO  ren0 [gaussian_mixture_model.h:216] GMM[
weight = 0.188657 mean = [0.737062 1.46887 -1.47839] covariance = [[1.17163 1.44353 1.74287][1.44353 2.75119 2.35361][1.74287 2.35361 3.21525]]
weight = 0.0276882 mean = [-0.904176 0.078911 9.48437] covariance = [[0.0320085 -0.0303446 0.034702][-0.0303446 0.0394076 -0.029529][0.034702 -0.029529 0.0436109]]
weight = 0.0209694 mean = [-3.30958 6.54326 -3.59256] covariance = [[0.000635368 -0.000431087 0.00031415][-0.000431087 0.00267796 -0.00109854][0.00031415 -0.00109854 0.000884471]]
weight = 0.00354369 mean = [-6.18285 4.25177 2.67582] covariance = [[0.252534 0.130288 0.143024][0.130288 0.257068 0.00160083][0.143024 0.00160083 0.119224]]
weight = 0.0261521 mean = [-0.343326 6.31115 8.45818] covariance = [[4.18998 -0.252459 1.23725][-0.252459 0.344564 -0.268591][1.23725 -0.268591 0.908594]]
