2025-04-05 11:47:14 INFO  main [mitsuba.cpp:274] Mitsuba version 0.6.0 (Linux, 64 bit), Copyright (c) 2017 Wenzel Jakob
2025-04-05 11:47:14 INFO  main [mitsuba.cpp:377] Parsing scene description from "../../scenes/modern-hall/modern-hall.xml" ..
2025-04-05 11:47:14 INFO  main [scenehandler.cpp:675] In file "/home/julia/PBRT/PMM_focal_guiding/mitsuba/dist/../../scenes/modern-hall/modern-hall.xml" (near line 20): Parsing included file "pmm_focal_guiding.xml" ..
2025-04-05 11:47:14 INFO  main [PluginManager] Loading plugin "plugins/pmm_focal_guiding.so" ..
2025-04-05 11:47:14 INFO  main [octree.h:482] root weight: 8.000e-20 (0.000000)
2025-04-05 11:47:14 INFO  main [octree.h:483] splitting threshold: 8.000e-23 (0.000000)
2025-04-05 11:47:14 INFO  main [octree.h:498] node count: 1 -> 585 -> 585

2025-04-05 11:47:14 INFO  main [octree.h:482] root weight: 8.000e-20 (0.000000)
2025-04-05 11:47:14 INFO  main [octree.h:483] splitting threshold: 8.000e-23 (0.000000)
2025-04-05 11:47:14 INFO  main [octree.h:498] node count: 1 -> 585 -> 585

2025-04-05 11:47:14 INFO  main [PMMFocalGuidingIntegrator] Saving to: 
2025-04-05 11:47:14 INFO  main [PMMFocalGuidingIntegrator] GMM params: alpha = 0.150000, split_th = 4.000000, merge_th = 0.500000, min_num_comp = 3, max_num_comp = 20, init = Random
2025-04-05 11:47:14 INFO  main [PMMFocalGuidingIntegrator] iterationCount: 8
2025-04-05 11:47:14 INFO  main [PMMFocalGuidingIntegrator] PMMFocalGuidingIntegrator
  maxDepth = 40,
  rrDepth = 14,
  strictNormals = 1
  gmm = GMM[
]
]
2025-04-05 11:47:14 WARN  main [scenehandler.cpp:795] In file "/home/julia/PBRT/PMM_focal_guiding/mitsuba/dist/../../scenes/modern-hall/../_integrators/pmm_focal_guiding.xml" (near line 49): Unqueried attribute "budget" in element "integrator"
2025-04-05 11:47:14 WARN  main [scenehandler.cpp:795] In file "/home/julia/PBRT/PMM_focal_guiding/mitsuba/dist/../../scenes/modern-hall/../_integrators/pmm_focal_guiding.xml" (near line 49): Unqueried attribute "dumpPrimaryRays" in element "integrator"
2025-04-05 11:47:14 WARN  main [scenehandler.cpp:795] In file "/home/julia/PBRT/PMM_focal_guiding/mitsuba/dist/../../scenes/modern-hall/../_integrators/pmm_focal_guiding.xml" (near line 49): Unqueried attribute "dumpScene" in element "integrator"
2025-04-05 11:47:14 WARN  main [scenehandler.cpp:795] In file "/home/julia/PBRT/PMM_focal_guiding/mitsuba/dist/../../scenes/modern-hall/../_integrators/pmm_focal_guiding.xml" (near line 49): Unqueried attribute "normalBinning" in element "integrator"
2025-04-05 11:47:14 WARN  main [scenehandler.cpp:795] In file "/home/julia/PBRT/PMM_focal_guiding/mitsuba/dist/../../scenes/modern-hall/../_integrators/pmm_focal_guiding.xml" (near line 49): Unqueried attribute "samplingMode" in element "integrator"
2025-04-05 11:47:14 WARN  main [scenehandler.cpp:795] In file "/home/julia/PBRT/PMM_focal_guiding/mitsuba/dist/../../scenes/modern-hall/../_integrators/pmm_focal_guiding.xml" (near line 49): Unqueried attribute "unboundedSplatting" in element "integrator"
2025-04-05 11:47:14 INFO  main [PluginManager] Loading plugin "plugins/independent.so" ..
2025-04-05 11:47:14 INFO  main [PluginManager] Loading plugin "plugins/box.so" ..
2025-04-05 11:47:14 INFO  main [PluginManager] Loading plugin "plugins/hdrfilm.so" ..
2025-04-05 11:47:14 INFO  main [PluginManager] Loading plugin "plugins/perspective.so" ..
2025-04-05 11:47:14 INFO  main [PluginManager] Loading plugin "plugins/dielectric.so" ..
2025-04-05 11:47:14 INFO  main [PluginManager] Loading plugin "plugins/bitmap.so" ..
2025-04-05 11:47:14 INFO  main [BitmapTexture] Loading texture "wood5.jpg"
2025-04-05 11:47:14 INFO  main [MIPMap] Mapped MIP map cache file "/home/julia/PBRT/PMM_focal_guiding/mitsuba/dist/../../scenes/modern-hall/textures/wood5.mip" into memory (14.7 MiB).
2025-04-05 11:47:14 INFO  main [PluginManager] Loading plugin "plugins/roughplastic.so" ..
2025-04-05 11:47:14 INFO  main [PluginManager] Loading plugin "plugins/twosided.so" ..
2025-04-05 11:47:14 INFO  main [BitmapTexture] Loading texture "Tiles.jpg"
2025-04-05 11:47:14 INFO  main [PluginManager] Loading plugin "plugins/lanczos.so" ..
2025-04-05 11:47:14 INFO  main [PluginManager] Loading plugin "plugins/diffuse.so" ..
2025-04-05 11:47:14 INFO  main [BitmapTexture] Loading texture "Wallpaper.jpg"
2025-04-05 11:47:14 INFO  main [PluginManager] Loading plugin "plugins/roughconductor.so" ..
2025-04-05 11:47:14 INFO  main [spectrum.cpp:599] "Cu.eta.spd": loaded a spectral power distribution with 55 entries (between 302.400421 and 885.601257 nm)
2025-04-05 11:47:14 INFO  main [spectrum.cpp:599] "Cu.k.spd": loaded a spectral power distribution with 55 entries (between 302.400421 and 885.601257 nm)
2025-04-05 11:47:14 INFO  main [spectrum.cpp:599] "Cu.eta.spd": loaded a spectral power distribution with 55 entries (between 302.400421 and 885.601257 nm)
2025-04-05 11:47:14 INFO  main [spectrum.cpp:599] "Cu.k.spd": loaded a spectral power distribution with 55 entries (between 302.400421 and 885.601257 nm)
2025-04-05 11:47:14 INFO  main [PluginManager] Loading plugin "plugins/difftrans.so" ..
2025-04-05 11:47:14 INFO  main [PluginManager] Loading plugin "plugins/area.so" ..
2025-04-05 11:47:14 INFO  main [PluginManager] Loading plugin "plugins/rectangle.so" ..
2025-04-05 11:47:14 INFO  main [PluginManager] Loading plugin "plugins/cube.so" ..
2025-04-05 11:47:14 INFO  main [PluginManager] Loading plugin "plugins/obj.so" ..
2025-04-05 11:47:14 INFO  main [WavefrontOBJ] Loading geometry from "Mesh008.obj" ..
2025-04-05 11:47:14 INFO  main [WavefrontOBJ] Mesh008: 5184 triangles, 2664 vertices (merged 12888 vertices).
2025-04-05 11:47:14 INFO  main [WavefrontOBJ] Done with "Mesh008.obj" (took 38 ms)
2025-04-05 11:47:14 INFO  main [WavefrontOBJ] Loading geometry from "Mesh004.obj" ..
2025-04-05 11:47:14 INFO  main [WavefrontOBJ] Mesh004: 5184 triangles, 2664 vertices (merged 12888 vertices).
2025-04-05 11:47:14 INFO  main [WavefrontOBJ] Done with "Mesh004.obj" (took 42 ms)
2025-04-05 11:47:14 INFO  main [WavefrontOBJ] Loading geometry from "Mesh003.obj" ..
2025-04-05 11:47:14 INFO  main [WavefrontOBJ] Mesh003: 5184 triangles, 2664 vertices (merged 12888 vertices).
2025-04-05 11:47:14 INFO  main [WavefrontOBJ] Done with "Mesh003.obj" (took 41 ms)
2025-04-05 11:47:14 INFO  main [WavefrontOBJ] Loading geometry from "Mesh006.obj" ..
2025-04-05 11:47:14 INFO  main [WavefrontOBJ] Mesh006: 5184 triangles, 2664 vertices (merged 12888 vertices).
2025-04-05 11:47:14 INFO  main [WavefrontOBJ] Done with "Mesh006.obj" (took 45 ms)
2025-04-05 11:47:14 INFO  main [WavefrontOBJ] Loading geometry from "Mesh012.obj" ..
2025-04-05 11:47:14 INFO  main [WavefrontOBJ] Mesh012: 444 triangles, 882 vertices (merged 450 vertices).
2025-04-05 11:47:14 INFO  main [WavefrontOBJ] Done with "Mesh012.obj" (took 6 ms)
2025-04-05 11:47:14 INFO  main [WavefrontOBJ] Loading geometry from "Mesh013.obj" ..
2025-04-05 11:47:14 INFO  main [WavefrontOBJ] Mesh013: 5184 triangles, 2664 vertices (merged 12888 vertices).
2025-04-05 11:47:14 INFO  main [WavefrontOBJ] Done with "Mesh013.obj" (took 40 ms)
2025-04-05 11:47:14 INFO  main [WavefrontOBJ] Loading geometry from "Mesh010.obj" ..
2025-04-05 11:47:14 INFO  main [WavefrontOBJ] Mesh010: 32 triangles, 60 vertices (merged 36 vertices).
2025-04-05 11:47:14 INFO  main [WavefrontOBJ] Done with "Mesh010.obj" (took 0 ms)
2025-04-05 11:47:14 INFO  main [WavefrontOBJ] Loading geometry from "Mesh015.obj" ..
2025-04-05 11:47:14 INFO  main [WavefrontOBJ] Mesh015: 32 triangles, 60 vertices (merged 36 vertices).
2025-04-05 11:47:14 INFO  main [WavefrontOBJ] Done with "Mesh015.obj" (took 0 ms)
2025-04-05 11:47:14 INFO  main [WavefrontOBJ] Loading geometry from "Mesh002.obj" ..
2025-04-05 11:47:14 INFO  main [WavefrontOBJ] Mesh002: 32 triangles, 60 vertices (merged 36 vertices).
2025-04-05 11:47:14 INFO  main [WavefrontOBJ] Done with "Mesh002.obj" (took 0 ms)
2025-04-05 11:47:14 INFO  main [WavefrontOBJ] Loading geometry from "Mesh007.obj" ..
2025-04-05 11:47:14 INFO  main [WavefrontOBJ] Mesh007: 32 triangles, 60 vertices (merged 36 vertices).
2025-04-05 11:47:14 INFO  main [WavefrontOBJ] Done with "Mesh007.obj" (took 0 ms)
2025-04-05 11:47:14 INFO  main [WavefrontOBJ] Loading geometry from "Mesh005.obj" ..
2025-04-05 11:47:14 INFO  main [WavefrontOBJ] Mesh005: 12 triangles, 20 vertices (merged 16 vertices).
2025-04-05 11:47:14 INFO  main [WavefrontOBJ] Done with "Mesh005.obj" (took 0 ms)
2025-04-05 11:47:14 INFO  main [WavefrontOBJ] Loading geometry from "Mesh016.obj" ..
2025-04-05 11:47:14 INFO  main [WavefrontOBJ] Mesh016: 120 triangles, 204 vertices (merged 156 vertices).
2025-04-05 11:47:14 INFO  main [WavefrontOBJ] Done with "Mesh016.obj" (took 1 ms)
2025-04-05 11:47:14 INFO  main [WavefrontOBJ] Loading geometry from "Mesh017.obj" ..
2025-04-05 11:47:14 INFO  main [WavefrontOBJ] Mesh017: 20 triangles, 40 vertices (merged 20 vertices).
2025-04-05 11:47:14 INFO  main [WavefrontOBJ] Done with "Mesh017.obj" (took 0 ms)
2025-04-05 11:47:14 INFO  main [WavefrontOBJ] Loading geometry from "Mesh018.obj" ..
2025-04-05 11:47:14 INFO  main [WavefrontOBJ] Mesh018: 2 triangles, 4 vertices (merged 2 vertices).
2025-04-05 11:47:14 INFO  main [WavefrontOBJ] Done with "Mesh018.obj" (took 0 ms)
2025-04-05 11:47:14 INFO  main [WavefrontOBJ] Loading geometry from "Mesh011.obj" ..
2025-04-05 11:47:14 INFO  main [WavefrontOBJ] Mesh011: 32 triangles, 30 vertices (merged 66 vertices).
2025-04-05 11:47:14 INFO  main [WavefrontOBJ] Done with "Mesh011.obj" (took 0 ms)
2025-04-05 11:47:14 INFO  main [PluginManager] Loading plugin "plugins/homogeneous.so" ..
2025-04-05 11:47:14 INFO  main [PluginManager] Loading plugin "plugins/isotropic.so" ..
2025-04-05 11:47:14 INFO  main [WavefrontOBJ] Loading geometry from "Mesh014.obj" ..
2025-04-05 11:47:14 INFO  main [WavefrontOBJ] Mesh014: 36 triangles, 72 vertices (merged 36 vertices).
2025-04-05 11:47:14 INFO  main [WavefrontOBJ] Done with "Mesh014.obj" (took 0 ms)
2025-04-05 11:47:14 INFO  main [WavefrontOBJ] Loading geometry from "Mesh001.obj" ..
2025-04-05 11:47:14 INFO  main [WavefrontOBJ] Mesh001: 924 triangles, 2016 vertices (merged 756 vertices).
2025-04-05 11:47:14 INFO  main [WavefrontOBJ] Done with "Mesh001.obj" (took 14 ms)
2025-04-05 11:47:14 INFO  main [WavefrontOBJ] Loading geometry from "Mesh000.obj" ..
2025-04-05 11:47:14 INFO  main [WavefrontOBJ] Mesh000: 3127 triangles, 2075 vertices (merged 7306 vertices).
2025-04-05 11:47:14 INFO  main [WavefrontOBJ] Done with "Mesh000.obj" (took 35 ms)
2025-04-05 11:47:14 INFO  main [WavefrontOBJ] Loading geometry from "Mesh009.obj" ..
2025-04-05 11:47:14 INFO  main [WavefrontOBJ] Mesh009: 146 triangles, 110 vertices (merged 328 vertices).
2025-04-05 11:47:14 INFO  main [WavefrontOBJ] Done with "Mesh009.obj" (took 1 ms)
2025-04-05 11:47:14 INFO  ren0 [KDTreeBase] Constructing a SAH kd-tree (30963 primitives) ..
2025-04-05 11:47:15 INFO  ren0 [KDTreeBase] Finished -- took 447 ms.
2025-04-05 11:47:15 INFO  ren0 [PMMFocalGuidingIntegrator] Starting preprocess
2025-04-05 11:47:15 INFO  ren0 [octree.h:482] root weight: 8.000e-20 (0.000000)
2025-04-05 11:47:15 INFO  ren0 [octree.h:483] splitting threshold: 8.000e-23 (0.000000)
2025-04-05 11:47:15 INFO  ren0 [octree.h:498] node count: 1 -> 585 -> 585

2025-04-05 11:47:15 INFO  ren0 [octree.h:482] root weight: 4.096e-17 (0.000000)
2025-04-05 11:47:15 INFO  ren0 [octree.h:483] splitting threshold: 4.096e-20 (0.000000)
2025-04-05 11:47:15 INFO  ren0 [octree.h:498] node count: 585 -> 585 -> 585

2025-04-05 11:47:15 INFO  ren0 [octree.h:482] root weight: 8.000e-20 (0.000000)
2025-04-05 11:47:15 INFO  ren0 [octree.h:483] splitting threshold: 8.000e-23 (0.000000)
2025-04-05 11:47:15 INFO  ren0 [octree.h:498] node count: 1 -> 585 -> 585

2025-04-05 11:47:15 INFO  ren0 [octree.h:482] root weight: 4.096e-17 (0.000000)
2025-04-05 11:47:15 INFO  ren0 [octree.h:483] splitting threshold: 4.096e-20 (0.000000)
2025-04-05 11:47:15 INFO  ren0 [octree.h:498] node count: 585 -> 585 -> 585

2025-04-05 11:47:15 INFO  ren0 [PMMFocalGuidingIntegrator] Octree[
AABB: AABB3[min=[-21.7494, -3.70393, -3.09172], max=[7.19249, 11.2965, 6.96201]]
Nodes count: 585
]
2025-04-05 11:47:15 INFO  ren0 [PMMFocalGuidingIntegrator] Octree[
AABB: AABB3[min=[-21.7494, -3.70393, -3.09172], max=[7.19249, 11.2965, 6.96201]]
Nodes count: 585
]
2025-04-05 11:47:15 INFO  ren0 [PMMFocalGuidingIntegrator] GMM[
]
2025-04-05 11:47:15 INFO  ren0 [PMMFocalGuidingIntegrator] Starting training... (8) iterations
2025-04-05 11:47:15 INFO  ren0 [PMMFocalGuidingIntegrator] Rendering 0 iteration
2025-04-05 11:47:15 INFO  ren0 [SamplingIntegrator] Starting render job (1280x720, 4 samples, 8 cores, SSE2 enabled) ..
2025-04-05 11:48:09 INFO  ren0 [PMMFocalGuidingIntegrator] iteration render time: 54.8232s
2025-04-05 11:48:10 INFO  ren0 [PMMFocalGuidingIntegrator] Got 55284 non-zero samples and 0 zero samples
2025-04-05 11:48:10 INFO  ren0 [gaussian_mixture_model.h:589] Start processing batch
2025-04-05 11:48:10 INFO  ren0 [gaussian_mixture_model.h:391] Random
2025-04-05 11:48:10 INFO  ren0 [gaussian_mixture_model.h:457] Starting initialization using random value from the first batch
2025-04-05 11:48:10 INFO  ren0 [gaussian_mixture_model.h:470] Initialized using random value from the first batch
2025-04-05 11:48:12 INFO  ren0 [gaussian_mixture_model.h:616] Finish E step
2025-04-05 11:48:15 INFO  ren0 [gaussian_mixture_model.h:205] components before the merge: 20
2025-04-05 11:48:15 INFO  ren0 [gaussian_mixture_model.h:224] components after the merge: 15, merged 5 component
2025-04-05 11:48:15 INFO  ren0 [gaussian_mixture_model.h:242] components after the split: 20, split 5 components
2025-04-05 11:48:15 INFO  ren0 [gaussian_mixture_model.h:628] Finish M step
2025-04-05 11:48:15 INFO  ren0 [octree.h:482] root weight: 1.108e+08 (110824392.000000)
2025-04-05 11:48:15 INFO  ren0 [octree.h:483] splitting threshold: 1.108e+05 (110824.398438)
2025-04-05 11:48:15 INFO  ren0 [octree.h:482] root weight: 1.369e+08 (136943056.000000)
2025-04-05 11:48:15 INFO  ren0 [octree.h:483] splitting threshold: 1.369e+05 (136943.062500)
2025-04-05 11:48:15 INFO  ren0 [octree.h:498] node count: 585 -> 722 -> 543

2025-04-05 11:48:15 INFO  ren0 [octree.h:498] node count: 585 -> 635 -> 365

2025-04-05 11:48:15 INFO  ren0 [PMMFocalGuidingIntegrator] diverge probability: 0.553

2025-04-05 11:48:15 INFO  ren0 [PMMFocalGuidingIntegrator] iteration postprocessing time: 5.6860s
2025-04-05 11:48:15 INFO  ren0 [PMMFocalGuidingIntegrator] GMM[
weight = 0.0131904 mean = [-8.42621 6.71896 -1.12253] covariance = [[5.7101 -0.245403 -0.00872485][-0.245403 6.5465 -0.790727][-0.00872485 -0.790727 1.49248]]
weight = 0.0173929 mean = [-0.800786 -1.6378 -1.10625] covariance = [[1.74659 0.155683 0.66093][0.155683 1.51808 -0.391364][0.66093 -0.391364 3.92463]]
weight = 0.0244636 mean = [-1.79366 8.0575 -1.16863] covariance = [[2.31737 0.224653 -0.0698212][0.224653 3.00313 0.483611][-0.0698212 0.483611 1.46069]]
weight = 0.0123995 mean = [-8.51158 7.55962 4.09074] covariance = [[9.0605 0.465422 0.278921][0.465422 4.64751 0.420543][0.278921 0.420543 3.22419]]
weight = 0.11307 mean = [4.61802 1.76588 5.11726] covariance = [[4.70155 1.03543 -1.37992][1.03543 6.34952 0.521295][-1.37992 0.521295 2.8871]]
weight = 0.0131904 mean = [-11.6972 5.95497 -0.970479] covariance = [[5.7101 -0.245403 -0.00872485][-0.245403 6.5465 -0.790727][-0.00872485 -0.790727 1.49248]]
weight = 0.0244134 mean = [-5.75 4.19218 -2.07012] covariance = [[2.26972 1.27702 -0.429511][1.27702 2.82666 -0.549453][-0.429511 -0.549453 1.30141]]
weight = 0.0244636 mean = [-2.35575 5.68156 -1.81145] covariance = [[2.31737 0.224653 -0.0698212][0.224653 3.00313 0.483611][-0.0698212 0.483611 1.46069]]
weight = 0.0603424 mean = [6.30852 3.05133 -0.652999] covariance = [[0.849325 0.0108847 -0.181183][0.0108847 2.7256 0.0251674][-0.181183 0.0251674 3.26095]]
weight = 0.0270356 mean = [2.64513 1.17043 -2.42725] covariance = [[0.826552 -0.0147184 -0.0390777][-0.0147184 0.875278 -0.0209073][-0.0390777 -0.0209073 0.438882]]
weight = 0.0361713 mean = [-11.0137 -0.595957 2.37974] covariance = [[11.67 -0.559955 0.966271][-0.559955 3.73729 -0.64142][0.966271 -0.64142 8.64216]]
weight = 0.0123995 mean = [-12.7524 7.09705 3.85738] covariance = [[9.0605 0.465422 0.278921][0.465422 4.64751 0.420543][0.278921 0.420543 3.22419]]
weight = 0.115507 mean = [-3.55768 0.484084 0.541958] covariance = [[3.42156 0.453043 0.353879][0.453043 3.77244 -1.94672][0.353879 -1.94672 5.36147]]
weight = 0.0625937 mean = [0.094723 2.40835 -2.16778] covariance = [[1.32535 -0.261609 -0.0459309][-0.261609 1.11681 -0.163221][-0.0459309 -0.163221 1.08009]]
weight = 0.0270356 mean = [2.31217 2.45393 -2.45862] covariance = [[0.826552 -0.0147184 -0.0390777][-0.0147184 0.875278 -0.0209073][-0.0390777 -0.0209073 0.438882]]
weight = 0.0354535 mean = [-0.194526 3.93384 0.589447] covariance = [[1.53069 0.422306 0.00137879][0.422306 2.86602 0.236925][0.00137879 0.236925 2.64517]]
weight = 0.0354535 mean = [0.384249 6.0845 1.70517] covariance = [[1.53069 0.422306 0.00137879][0.422306 2.86602 0.236925][0.00137879 0.236925 2.64517]]
weight = 0.015076 mean = [3.58527 9.38548 0.38779] covariance = [[14.0795 -0.416081 -2.55745][-0.416081 1.71703 -0.367718][-2.55745 -0.367718 7.88923]]
weight = 0.275362 mean = [3.50597 1.50014 0.196635] covariance = [[2.75719 -0.11117 0.558608][-0.11117 5.67163 0.309527][0.558608 0.309527 3.70043]]
weight = 0.0549863 mean = [-5.14262 5.07576 2.60995] covariance = [[3.10245 2.23798 1.28795][2.23798 6.29676 0.244067][1.28795 0.244067 3.64464]]
]
2025-04-05 11:48:15 INFO  ren0 [PMMFocalGuidingIntegrator] Octree[
AABB: AABB3[min=[-21.7494, -3.70393, -3.09172], max=[7.19249, 11.2965, 6.96201]]
Nodes count: 543
]
2025-04-05 11:48:15 INFO  ren0 [PMMFocalGuidingIntegrator] Octree[
AABB: AABB3[min=[-21.7494, -3.70393, -3.09172], max=[7.19249, 11.2965, 6.96201]]
Nodes count: 365
]
2025-04-05 11:48:15 INFO  ren0 [PMMFocalGuidingIntegrator] Rendering 1 iteration
2025-04-05 11:48:15 INFO  ren0 [SamplingIntegrator] Starting render job (1280x720, 4 samples, 8 cores, SSE2 enabled) ..
2025-04-05 11:49:26 INFO  ren0 [PMMFocalGuidingIntegrator] iteration render time: 1.1747m
2025-04-05 11:49:26 INFO  ren0 [PMMFocalGuidingIntegrator] Got 68278 non-zero samples and 0 zero samples
2025-04-05 11:49:26 INFO  ren0 [gaussian_mixture_model.h:589] Start processing batch
2025-04-05 11:49:28 INFO  ren0 [gaussian_mixture_model.h:616] Finish E step
2025-04-05 11:49:32 INFO  ren0 [gaussian_mixture_model.h:205] components before the merge: 20
2025-04-05 11:49:32 INFO  ren0 [gaussian_mixture_model.h:224] components after the merge: 15, merged 5 component
2025-04-05 11:49:32 INFO  ren0 [gaussian_mixture_model.h:242] components after the split: 20, split 5 components
2025-04-05 11:49:32 INFO  ren0 [gaussian_mixture_model.h:628] Finish M step
2025-04-05 11:49:32 INFO  ren0 [octree.h:482] root weight: 8.380e+07 (83797440.000000)
2025-04-05 11:49:32 INFO  ren0 [octree.h:483] splitting threshold: 8.380e+04 (83797.445312)
2025-04-05 11:49:32 INFO  ren0 [octree.h:482] root weight: 9.828e+07 (98277088.000000)
2025-04-05 11:49:32 INFO  ren0 [octree.h:483] splitting threshold: 9.828e+04 (98277.093750)
2025-04-05 11:49:32 INFO  ren0 [octree.h:498] node count: 543 -> 564 -> 521

2025-04-05 11:49:32 INFO  ren0 [octree.h:498] node count: 365 -> 379 -> 362

2025-04-05 11:49:32 INFO  ren0 [PMMFocalGuidingIntegrator] diverge probability: 0.540

2025-04-05 11:49:32 INFO  ren0 [PMMFocalGuidingIntegrator] iteration postprocessing time: 6.8717s
2025-04-05 11:49:32 INFO  ren0 [PMMFocalGuidingIntegrator] GMM[
weight = 0.0116287 mean = [-11.317 6.05527 -0.914537] covariance = [[5.71076 -0.357943 -0.0102705][-0.357943 7.58351 -1.13116][-0.0102705 -1.13116 1.6813]]
weight = 0.0169764 mean = [-0.72063 -1.56621 -0.609746] covariance = [[1.93433 0.237762 0.8785][0.237762 1.50716 -0.194883][0.8785 -0.194883 3.3997]]
weight = 0.0114896 mean = [-6.38056 3.41584 -1.66902] covariance = [[1.62133 0.335232 -0.0806854][0.335232 1.68464 -0.222251][-0.0806854 -0.222251 0.95493]]
weight = 0.0232879 mean = [-2.42611 5.30451 -1.68733] covariance = [[2.57436 0.0638458 -0.137248][0.0638458 2.70528 0.244633][-0.137248 0.244633 1.29005]]
weight = 0.100117 mean = [4.80775 1.76114 4.9152] covariance = [[3.29847 1.19862 -0.3657][1.19862 6.47934 0.2819][-0.3657 0.2819 2.01601]]
weight = 0.0116287 mean = [-7.99874 6.57868 -1.07211] covariance = [[5.71076 -0.357943 -0.0102705][-0.357943 7.58351 -1.13116][-0.0102705 -1.13116 1.6813]]
weight = 0.0114896 mean = [-5.08836 4.91104 -2.07343] covariance = [[1.62133 0.335232 -0.0806854][0.335232 1.68464 -0.222251][-0.0806854 -0.222251 0.95493]]
weight = 0.0232879 mean = [-1.87812 7.56408 -1.36158] covariance = [[2.57436 0.0638458 -0.137248][0.0638458 2.70528 0.244633][-0.137248 0.244633 1.29005]]
weight = 0.0292323 mean = [6.07655 3.64659 0.0794842] covariance = [[0.645199 -0.0294116 -0.0330543][-0.0294116 2.03404 -0.602667][-0.0330543 -0.602667 2.22755]]
weight = 0.0292323 mean = [6.16361 2.31982 -1.0507] covariance = [[0.645199 -0.0294116 -0.0330543][-0.0294116 2.03404 -0.602667][-0.0330543 -0.602667 2.22755]]
weight = 0.033048 mean = [-10.6317 -0.564989 2.14324] covariance = [[13.4836 0.332681 0.545661][0.332681 3.71809 -0.46607][0.545661 -0.46607 7.76751]]
weight = 0.0118087 mean = [-8.54882 7.2879 4.02023] covariance = [[9.70702 0.461261 0.339656][0.461261 5.01932 0.641779][0.339656 0.641779 3.3995]]
weight = 0.114239 mean = [-3.32602 0.597245 0.70019] covariance = [[3.86725 0.515713 0.406209][0.515713 3.83915 -1.77937][0.406209 -1.77937 5.25765]]
weight = 0.0724686 mean = [-0.00311766 2.3734 -2.06768] covariance = [[1.43208 -0.434033 -0.0184865][-0.434033 1.04073 -0.160639][-0.0184865 -0.160639 0.771462]]
weight = 0.0752088 mean = [2.5265 1.4723 -2.47315] covariance = [[0.672189 -0.124061 -0.00752929][-0.124061 1.02531 0.0621897][-0.00752929 0.0621897 0.291199]]
weight = 0.0118087 mean = [-12.9376 6.82463 3.73989] covariance = [[9.70702 0.461261 0.339656][0.461261 5.01932 0.641779][0.339656 0.641779 3.3995]]
weight = 0.0674527 mean = [0.112531 4.87541 0.931077] covariance = [[1.89735 0.831947 0.159497][0.831947 4.69726 0.891636][0.159497 0.891636 2.91795]]
weight = 0.0145171 mean = [2.07655 9.56271 0.89903] covariance = [[10.5933 -0.689796 -3.13346][-0.689796 1.3652 0.0723371][-3.13346 0.0723371 8.9708]]
weight = 0.279689 mean = [3.45519 1.70652 0.197028] covariance = [[2.90441 -0.114259 0.394495][-0.114259 5.47879 0.280658][0.394495 0.280658 3.51901]]
weight = 0.0513896 mean = [-5.32178 4.97177 2.33979] covariance = [[3.80472 2.86927 1.38302][2.86927 7.46934 0.458725][1.38302 0.458725 3.83374]]
]
2025-04-05 11:49:32 INFO  ren0 [PMMFocalGuidingIntegrator] Octree[
AABB: AABB3[min=[-21.7494, -3.70393, -3.09172], max=[7.19249, 11.2965, 6.96201]]
Nodes count: 521
]
2025-04-05 11:49:32 INFO  ren0 [PMMFocalGuidingIntegrator] Octree[
AABB: AABB3[min=[-21.7494, -3.70393, -3.09172], max=[7.19249, 11.2965, 6.96201]]
Nodes count: 362
]
2025-04-05 11:49:32 INFO  ren0 [PMMFocalGuidingIntegrator] Rendering 2 iteration
2025-04-05 11:49:33 INFO  ren0 [SamplingIntegrator] Starting render job (1280x720, 4 samples, 8 cores, SSE2 enabled) ..
2025-04-05 11:50:45 INFO  ren0 [PMMFocalGuidingIntegrator] iteration render time: 1.2052m
2025-04-05 11:50:45 INFO  ren0 [PMMFocalGuidingIntegrator] Got 84083 non-zero samples and 0 zero samples
2025-04-05 11:50:45 INFO  ren0 [gaussian_mixture_model.h:589] Start processing batch
2025-04-05 11:50:48 INFO  ren0 [gaussian_mixture_model.h:616] Finish E step
2025-04-05 11:50:53 INFO  ren0 [gaussian_mixture_model.h:205] components before the merge: 20
2025-04-05 11:50:53 INFO  ren0 [gaussian_mixture_model.h:224] components after the merge: 15, merged 5 component
2025-04-05 11:50:53 INFO  ren0 [gaussian_mixture_model.h:242] components after the split: 20, split 5 components
2025-04-05 11:50:53 INFO  ren0 [gaussian_mixture_model.h:628] Finish M step
2025-04-05 11:50:53 INFO  ren0 [octree.h:482] root weight: 7.813e+07 (78125272.000000)
2025-04-05 11:50:53 INFO  ren0 [octree.h:483] splitting threshold: 7.813e+04 (78125.273438)
2025-04-05 11:50:53 INFO  ren0 [octree.h:482] root weight: 8.211e+07 (82111232.000000)
2025-04-05 11:50:53 INFO  ren0 [octree.h:483] splitting threshold: 8.211e+04 (82111.234375)
2025-04-05 11:50:53 INFO  ren0 [octree.h:498] node count: 521 -> 553 -> 522

2025-04-05 11:50:53 INFO  ren0 [octree.h:498] node count: 362 -> 371 -> 350

2025-04-05 11:50:53 INFO  ren0 [PMMFocalGuidingIntegrator] diverge probability: 0.512

2025-04-05 11:50:53 INFO  ren0 [PMMFocalGuidingIntegrator] iteration postprocessing time: 8.6068s
2025-04-05 11:50:53 INFO  ren0 [PMMFocalGuidingIntegrator] GMM[
weight = 0.010509 mean = [-11.0921 6.1441 -0.909881] covariance = [[5.34556 -0.353081 -0.00912423][-0.353081 8.19459 -1.30422][-0.00912423 -1.30422 1.75128]]
weight = 0.0167881 mean = [-0.672149 -1.51153 -0.46981] covariance = [[2.10813 0.292668 0.97896][0.292668 1.53287 -0.121019][0.97896 -0.121019 3.1275]]
weight = 0.0110273 mean = [-6.15388 3.65203 -1.70534] covariance = [[1.47237 0.0683321 -0.0153046][0.0683321 1.42085 -0.211744][-0.0153046 -0.211744 0.825209]]
weight = 0.0224435 mean = [-2.44777 5.11288 -1.67855] covariance = [[2.73464 -0.0333658 -0.110951][-0.0333658 2.53083 0.170116][-0.110951 0.170116 1.20537]]
weight = 0.0941438 mean = [4.92052 1.8093 4.87309] covariance = [[2.61133 1.05381 -0.107603][1.05381 6.30288 0.191943][-0.107603 0.191943 1.7976]]
weight = 0.010509 mean = [-7.85363 6.48084 -1.04162] covariance = [[5.34556 -0.353081 -0.00912423][-0.353081 8.19459 -1.30422][-0.00912423 -1.30422 1.75128]]
weight = 0.0110273 mean = [-4.98189 4.90695 -2.09636] covariance = [[1.47237 0.0683321 -0.0153046][0.0683321 1.42085 -0.211744][-0.0153046 -0.211744 0.825209]]
weight = 0.0224435 mean = [-1.93579 7.2958 -1.44311] covariance = [[2.73464 -0.0333658 -0.110951][-0.0333658 2.53083 0.170116][-0.110951 0.170116 1.20537]]
weight = 0.028375 mean = [6.1233 2.09996 -0.261602] covariance = [[0.564856 -0.046244 -0.0359702][-0.046244 1.45486 0.257178][-0.0359702 0.257178 2.41412]]
weight = 0.028375 mean = [6.05073 3.71584 -0.670665] covariance = [[0.564856 -0.046244 -0.0359702][-0.046244 1.45486 0.257178][-0.0359702 0.257178 2.41412]]
weight = 0.0155072 mean = [-8.49759 -0.424088 2.13284] covariance = [[7.48894 0.290996 0.0336203][0.290996 3.55146 -0.485171][0.0336203 -0.485171 7.58035]]
weight = 0.0155072 mean = [-12.3629 -0.700737 2.07189] covariance = [[7.48894 0.290996 0.0336203][0.290996 3.55146 -0.485171][0.0336203 -0.485171 7.58035]]
weight = 0.109562 mean = [-3.19904 0.647293 0.789041] covariance = [[4.12802 0.517239 0.458053][0.517239 3.8861 -1.75371][0.458053 -1.75371 5.37341]]
weight = 0.084839 mean = [-0.0886372 2.41475 -2.13379] covariance = [[1.52504 -0.56555 0.0468875][-0.56555 0.966885 -0.183045][0.0468875 -0.183045 0.660962]]
weight = 0.0945042 mean = [2.55072 1.32616 -2.54828] covariance = [[0.533699 -0.122734 0.00600497][-0.122734 0.755714 0.0771955][0.00600497 0.0771955 0.233065]]
weight = 0.0217244 mean = [-10.9268 6.87837 3.78671] covariance = [[18.9809 0.87005 1.12903][0.87005 5.22921 0.756284][1.12903 0.756284 3.65658]]
weight = 0.0636415 mean = [0.140602 4.82372 0.780427] covariance = [[2.05013 0.838793 0.145764][0.838793 5.05115 0.945784][0.145764 0.945784 2.88873]]
weight = 0.0150178 mean = [1.4854 9.67491 1.20979] covariance = [[8.37073 -0.517561 -2.87686][-0.517561 1.1235 0.023612][-2.87686 0.023612 9.1753]]
weight = 0.276239 mean = [3.42928 1.78815 0.186934] covariance = [[2.9828 -0.194979 0.320287][-0.194979 5.37298 0.281419][0.320287 0.281419 3.29829]]
weight = 0.0478155 mean = [-5.45083 4.82884 2.17859] covariance = [[4.13578 3.0961 1.35055][3.0961 7.87151 0.49897][1.35055 0.49897 3.89221]]
]
2025-04-05 11:50:53 INFO  ren0 [PMMFocalGuidingIntegrator] Octree[
AABB: AABB3[min=[-21.7494, -3.70393, -3.09172], max=[7.19249, 11.2965, 6.96201]]
Nodes count: 522
]
2025-04-05 11:50:53 INFO  ren0 [PMMFocalGuidingIntegrator] Octree[
AABB: AABB3[min=[-21.7494, -3.70393, -3.09172], max=[7.19249, 11.2965, 6.96201]]
Nodes count: 350
]
2025-04-05 11:50:53 INFO  ren0 [PMMFocalGuidingIntegrator] Rendering 3 iteration
2025-04-05 11:50:53 INFO  ren0 [SamplingIntegrator] Starting render job (1280x720, 4 samples, 8 cores, SSE2 enabled) ..
2025-04-05 11:52:09 INFO  ren0 [PMMFocalGuidingIntegrator] iteration render time: 1.2530m
2025-04-05 11:52:09 INFO  ren0 [PMMFocalGuidingIntegrator] Got 102907 non-zero samples and 0 zero samples
2025-04-05 11:52:09 INFO  ren0 [gaussian_mixture_model.h:589] Start processing batch
2025-04-05 11:52:13 INFO  ren0 [gaussian_mixture_model.h:616] Finish E step
2025-04-05 11:52:19 INFO  ren0 [gaussian_mixture_model.h:205] components before the merge: 20
2025-04-05 11:52:19 INFO  ren0 [gaussian_mixture_model.h:224] components after the merge: 15, merged 5 component
2025-04-05 11:52:19 INFO  ren0 [gaussian_mixture_model.h:242] components after the split: 20, split 5 components
2025-04-05 11:52:19 INFO  ren0 [gaussian_mixture_model.h:628] Finish M step
2025-04-05 11:52:19 INFO  ren0 [octree.h:482] root weight: 8.475e+07 (84753320.000000)
2025-04-05 11:52:19 INFO  ren0 [octree.h:483] splitting threshold: 8.475e+04 (84753.320312)
2025-04-05 11:52:19 INFO  ren0 [octree.h:482] root weight: 7.718e+07 (77175480.000000)
2025-04-05 11:52:19 INFO  ren0 [octree.h:483] splitting threshold: 7.718e+04 (77175.484375)
2025-04-05 11:52:19 INFO  ren0 [octree.h:498] node count: 522 -> 565 -> 556

2025-04-05 11:52:19 INFO  ren0 [octree.h:498] node count: 350 -> 363 -> 343

2025-04-05 11:52:19 INFO  ren0 [PMMFocalGuidingIntegrator] diverge probability: 0.477

2025-04-05 11:52:19 INFO  ren0 [PMMFocalGuidingIntegrator] iteration postprocessing time: 10.4359s
2025-04-05 11:52:19 INFO  ren0 [PMMFocalGuidingIntegrator] GMM[
weight = 0.00947651 mean = [-10.6834 5.80546 -0.846979] covariance = [[5.25408 -1.33125 0.22173][-1.33125 8.00057 -1.25122][0.22173 -1.25122 1.75555]]
weight = 0.0163136 mean = [-0.637669 -1.4619 -0.412966] covariance = [[2.25973 0.316297 1.05196][0.316297 1.58621 -0.0873942][1.05196 -0.0873942 3.01523]]
weight = 0.0272177 mean = [6.11323 2.28569 -0.986507] covariance = [[0.532132 -0.0594943 0.0231261][-0.0594943 1.72654 -0.500097][0.0231261 -0.500097 1.9059]]
weight = 0.0140321 mean = [-12.2253 -0.772717 2.19061] covariance = [[6.83055 0.346048 0.0957677][0.346048 3.41771 -0.529206][0.0957677 -0.529206 7.57008]]
weight = 0.0880869 mean = [4.99201 1.86552 4.86021] covariance = [[2.17374 0.884186 -0.0194063][0.884186 6.06073 0.169809][-0.0194063 0.169809 1.72996]]
weight = 0.00947651 mean = [-7.81139 6.88467 -1.08643] covariance = [[5.25408 -1.33125 0.22173][-1.33125 8.00057 -1.25122][0.22173 -1.25122 1.75555]]
weight = 0.021073 mean = [-5.37787 4.4335 -1.96814] covariance = [[1.88559 0.406762 -0.170059][0.406762 1.75585 -0.421162][-0.170059 -0.421162 0.819988]]
weight = 0.0427839 mean = [-2.24524 6.06454 -1.54937] covariance = [[2.99832 0.300952 -0.0544867][0.300952 4.45965 0.274222][-0.0544867 0.274222 1.18368]]
weight = 0.047671 mean = [-0.76562 2.85459 -2.2996] covariance = [[0.901478 -0.232924 -0.01226][-0.232924 0.643353 -0.135861][-0.01226 -0.135861 0.575512]]
weight = 0.0272177 mean = [6.04943 3.52363 0.0537671] covariance = [[0.532132 -0.0594943 0.0231261][-0.0594943 1.72654 -0.500097][0.0231261 -0.500097 1.9059]]
weight = 0.0102146 mean = [-13.1673 6.67371 3.51791] covariance = [[10.4851 0.189959 0.59871][0.189959 5.31336 0.653285][0.59871 0.653285 3.83209]]
weight = 0.0140321 mean = [-8.54745 -0.372775 1.99181] covariance = [[6.83055 0.346048 0.0957677][0.346048 3.41771 -0.529206][0.0957677 -0.529206 7.57008]]
weight = 0.10459 mean = [-3.0758 0.679808 0.892745] covariance = [[4.31992 0.480359 0.552452][0.480359 3.89969 -1.70471][0.552452 -1.70471 5.43674]]
weight = 0.047671 mean = [0.447649 2.08971 -2.11051] covariance = [[0.901478 -0.232924 -0.01226][-0.232924 0.643353 -0.135861][-0.01226 -0.135861 0.575512]]
weight = 0.113134 mean = [2.57157 1.2495 -2.62355] covariance = [[0.395348 -0.0938044 0.0130463][-0.0938044 0.519905 0.0667329][0.0130463 0.0667329 0.190149]]
weight = 0.0102146 mean = [-8.59902 6.89285 3.94633] covariance = [[10.4851 0.189959 0.59871][0.189959 5.31336 0.653285][0.59871 0.653285 3.83209]]
weight = 0.0612134 mean = [0.138166 4.74689 0.661311] covariance = [[2.19861 0.803096 0.0947364][0.803096 5.14806 0.938979][0.0947364 0.938979 2.76996]]
weight = 0.0156943 mean = [1.28624 9.71608 1.25544] covariance = [[7.49703 -0.380495 -2.71977][-0.380495 0.978226 -0.0839859][-2.71977 -0.0839859 8.95338]]
weight = 0.274204 mean = [3.40403 1.8506 0.150631] covariance = [[2.99723 -0.306667 0.259459][-0.306667 5.35081 0.2478][0.259459 0.2478 3.12046]]
weight = 0.0456834 mean = [-5.50376 4.77258 2.06126] covariance = [[4.20679 3.01769 1.20195][3.01769 7.78732 0.41243][1.20195 0.41243 3.87609]]
]
2025-04-05 11:52:19 INFO  ren0 [PMMFocalGuidingIntegrator] Octree[
AABB: AABB3[min=[-21.7494, -3.70393, -3.09172], max=[7.19249, 11.2965, 6.96201]]
Nodes count: 556
]
2025-04-05 11:52:19 INFO  ren0 [PMMFocalGuidingIntegrator] Octree[
AABB: AABB3[min=[-21.7494, -3.70393, -3.09172], max=[7.19249, 11.2965, 6.96201]]
Nodes count: 343
]
2025-04-05 11:52:19 INFO  ren0 [PMMFocalGuidingIntegrator] Rendering 4 iteration
2025-04-05 11:52:19 INFO  ren0 [SamplingIntegrator] Starting render job (1280x720, 4 samples, 8 cores, SSE2 enabled) ..
2025-04-05 11:53:39 INFO  ren0 [PMMFocalGuidingIntegrator] iteration render time: 1.3342m
2025-04-05 11:53:39 INFO  ren0 [PMMFocalGuidingIntegrator] Got 125496 non-zero samples and 0 zero samples
2025-04-05 11:53:39 INFO  ren0 [gaussian_mixture_model.h:589] Start processing batch
2025-04-05 11:53:44 INFO  ren0 [gaussian_mixture_model.h:616] Finish E step
2025-04-05 11:53:52 INFO  ren0 [gaussian_mixture_model.h:205] components before the merge: 20
2025-04-05 11:53:52 INFO  ren0 [gaussian_mixture_model.h:224] components after the merge: 14, merged 6 component
2025-04-05 11:53:52 INFO  ren0 [gaussian_mixture_model.h:242] components after the split: 20, split 6 components
2025-04-05 11:53:52 INFO  ren0 [gaussian_mixture_model.h:628] Finish M step
2025-04-05 11:53:52 INFO  ren0 [octree.h:482] root weight: 9.547e+07 (95472616.000000)
2025-04-05 11:53:52 INFO  ren0 [octree.h:483] splitting threshold: 9.547e+04 (95472.617188)
2025-04-05 11:53:52 INFO  ren0 [octree.h:482] root weight: 8.459e+07 (84585920.000000)
2025-04-05 11:53:52 INFO  ren0 [octree.h:483] splitting threshold: 8.459e+04 (84585.921875)
2025-04-05 11:53:52 INFO  ren0 [octree.h:498] node count: 556 -> 591 -> 575

2025-04-05 11:53:52 INFO  ren0 [octree.h:498] node count: 343 -> 349 -> 335

2025-04-05 11:53:52 INFO  ren0 [PMMFocalGuidingIntegrator] diverge probability: 0.470

2025-04-05 11:53:52 INFO  ren0 [PMMFocalGuidingIntegrator] iteration postprocessing time: 13.0366s
2025-04-05 11:53:52 INFO  ren0 [PMMFocalGuidingIntegrator] GMM[
weight = 0.00839176 mean = [-10.0805 7.44671 -1.18046] covariance = [[6.76969 1.84466 -0.376666][1.84466 5.98955 -0.880578][-0.376666 -0.880578 1.69074]]
weight = 0.0161726 mean = [-0.602361 -1.3955 -0.382801] covariance = [[2.39251 0.338769 1.10076][0.338769 1.64911 -0.0842762][1.10076 -0.0842762 2.96494]]
weight = 0.0309922 mean = [-4.15908 4.68521 -1.7975] covariance = [[2.95774 -0.21007 0.114524][-0.21007 3.01977 0.0361297][0.114524 0.0361297 1.08199]]
weight = 0.0255853 mean = [6.11836 2.17096 -0.178794] covariance = [[0.516544 -0.0375353 -0.00118908][-0.0375353 1.40033 0.351993][-0.00118908 0.351993 2.08639]]
weight = 0.0822786 mean = [5.05195 1.91002 4.83429] covariance = [[1.8966 0.748816 0.00229488][0.748816 5.86131 0.134906][0.00229488 0.134906 1.71132]]
weight = 0.00839176 mean = [-8.12243 5.18952 -0.74468] covariance = [[6.76969 1.84466 -0.376666][1.84466 5.98955 -0.880578][-0.376666 -0.880578 1.69074]]
weight = 0.0126856 mean = [-12.1793 -0.818376 2.20408] covariance = [[6.55392 0.35355 0.14608][0.35355 3.29231 -0.534738][0.14608 -0.534738 7.60005]]
weight = 0.0309922 mean = [-2.38807 6.23681 -1.64535] covariance = [[2.95774 -0.21007 0.114524][-0.21007 3.01977 0.0361297][0.114524 0.0361297 1.08199]]
weight = 0.0517262 mean = [-0.752746 2.85467 -2.37025] covariance = [[0.7682 -0.197957 -0.0150059][-0.197957 0.543517 -0.124503][-0.0150059 -0.124503 0.51318]]
weight = 0.0255853 mean = [6.04515 3.6278 -0.794545] covariance = [[0.516544 -0.0375353 -0.00118908][-0.0375353 1.40033 0.351993][-0.00118908 0.351993 2.08639]]
weight = 0.00941611 mean = [-13.2034 6.62093 3.40398] covariance = [[9.59298 0.0755919 0.605407][0.0755919 5.44936 0.633686][0.605407 0.633686 4.01142]]
weight = 0.0126856 mean = [-8.58777 -0.385789 1.91517] covariance = [[6.55392 0.35355 0.14608][0.35355 3.29231 -0.534738][0.14608 -0.534738 7.60005]]
weight = 0.101468 mean = [-2.96228 0.684115 0.975522] covariance = [[4.50117 0.427036 0.655275][0.427036 3.86011 -1.66966][0.655275 -1.66966 5.49992]]
weight = 0.0517262 mean = [0.364736 2.14973 -2.18211] covariance = [[0.7682 -0.197957 -0.0150059][-0.197957 0.543517 -0.124503][-0.0150059 -0.124503 0.51318]]
weight = 0.133392 mean = [2.57829 1.19528 -2.69263] covariance = [[0.275011 -0.0565632 0.0169216][-0.0565632 0.335995 0.0489423][0.0169216 0.0489423 0.15159]]
weight = 0.00941611 mean = [-8.83671 6.77218 3.88872] covariance = [[9.59298 0.0755919 0.605407][0.0755919 5.44936 0.633686][0.605407 0.633686 4.01142]]
weight = 0.0586679 mean = [0.107976 4.64402 0.562241] covariance = [[2.30757 0.728474 0.0675632][0.728474 5.20576 0.980106][0.0675632 0.980106 2.6769]]
weight = 0.0150475 mean = [1.12024 9.71866 1.42338] covariance = [[7.2339 -0.262102 -2.8208][-0.262102 0.903141 -0.130675][-2.8208 -0.130675 9.00139]]
weight = 0.272297 mean = [3.37262 1.86883 0.0857617] covariance = [[3.00073 -0.345345 0.222547][-0.345345 5.23971 0.26577][0.222547 0.26577 3.03193]]
weight = 0.0430829 mean = [-5.50594 4.73691 1.96865] covariance = [[4.23849 2.96189 1.07289][2.96189 7.72111 0.362536][1.07289 0.362536 3.86359]]
]
2025-04-05 11:53:52 INFO  ren0 [PMMFocalGuidingIntegrator] Octree[
AABB: AABB3[min=[-21.7494, -3.70393, -3.09172], max=[7.19249, 11.2965, 6.96201]]
Nodes count: 575
]
2025-04-05 11:53:52 INFO  ren0 [PMMFocalGuidingIntegrator] Octree[
AABB: AABB3[min=[-21.7494, -3.70393, -3.09172], max=[7.19249, 11.2965, 6.96201]]
Nodes count: 335
]
2025-04-05 11:53:52 INFO  ren0 [PMMFocalGuidingIntegrator] Rendering 5 iteration
2025-04-05 11:53:52 INFO  ren0 [SamplingIntegrator] Starting render job (1280x720, 4 samples, 8 cores, SSE2 enabled) ..
2025-04-05 11:55:13 INFO  ren0 [PMMFocalGuidingIntegrator] iteration render time: 1.3405m
2025-04-05 11:55:13 INFO  ren0 [PMMFocalGuidingIntegrator] Got 150976 non-zero samples and 0 zero samples
2025-04-05 11:55:13 INFO  ren0 [gaussian_mixture_model.h:589] Start processing batch
2025-04-05 11:55:19 INFO  ren0 [gaussian_mixture_model.h:616] Finish E step
2025-04-05 11:55:28 INFO  ren0 [gaussian_mixture_model.h:205] components before the merge: 20
2025-04-05 11:55:28 INFO  ren0 [gaussian_mixture_model.h:224] components after the merge: 14, merged 6 component
2025-04-05 11:55:28 INFO  ren0 [gaussian_mixture_model.h:242] components after the split: 20, split 6 components
2025-04-05 11:55:28 INFO  ren0 [gaussian_mixture_model.h:628] Finish M step
2025-04-05 11:55:28 INFO  ren0 [octree.h:482] root weight: 1.109e+08 (110926704.000000)
2025-04-05 11:55:28 INFO  ren0 [octree.h:483] splitting threshold: 1.109e+05 (110926.710938)
2025-04-05 11:55:28 INFO  ren0 [octree.h:482] root weight: 9.323e+07 (93225064.000000)
2025-04-05 11:55:28 INFO  ren0 [octree.h:483] splitting threshold: 9.323e+04 (93225.070312)
2025-04-05 11:55:28 INFO  ren0 [octree.h:498] node count: 575 -> 595 -> 569

2025-04-05 11:55:28 INFO  ren0 [octree.h:498] node count: 335 -> 340 -> 336

