2025-05-18 18:20:43 INFO  main [mitsuba.cpp:274] Mitsuba version 0.6.0 (Linux, 64 bit), Copyright (c) 2017 Wenzel Jakob
2025-05-18 18:20:43 INFO  main [mitsuba.cpp:377] Parsing scene description from "scene/modern-hall/modern-hall.xml" ..
2025-05-18 18:20:43 INFO  main [scenehandler.cpp:675] In file "/mitsuba/scene/modern-hall/modern-hall.xml" (near line 20): Parsing included file "pmm_focal_recursive.xml" ..
2025-05-18 18:20:43 INFO  main [PluginManager] Loading plugin "plugins/pmm_focal_recursive.so" ..
2025-05-18 18:20:43 INFO  main [octree.h:535] root weight: 8.000e-20 (0.000000)
2025-05-18 18:20:43 INFO  main [octree.h:536] splitting threshold: 8.000e-23 (0.000000)
2025-05-18 18:20:43 INFO  main [octree.h:551] node count: 1 -> 585 -> 585

2025-05-18 18:20:43 INFO  main [octree.h:535] root weight: 8.000e-20 (0.000000)
2025-05-18 18:20:43 INFO  main [octree.h:536] splitting threshold: 8.000e-23 (0.000000)
2025-05-18 18:20:43 INFO  main [octree.h:551] node count: 1 -> 585 -> 585

2025-05-18 18:20:43 INFO  main [MIFocalGuidingPathTracer] budget: 600
2025-05-18 18:20:43 INFO  main [MIFocalGuidingPathTracer] dumpPrimaryRays: false
2025-05-18 18:20:43 INFO  main [MIFocalGuidingPathTracer] dumpScene: false
2025-05-18 18:20:43 INFO  main [MIFocalGuidingPathTracer] gmm.alpha: 0.4
2025-05-18 18:20:43 INFO  main [MIFocalGuidingPathTracer] gmm.initMethod: Random
2025-05-18 18:20:43 INFO  main [MIFocalGuidingPathTracer] gmm.maxNumComp: 10
2025-05-18 18:20:43 INFO  main [MIFocalGuidingPathTracer] gmm.mergingThreshold: 0.65
2025-05-18 18:20:43 INFO  main [MIFocalGuidingPathTracer] gmm.minNumComp: 3
2025-05-18 18:20:43 INFO  main [MIFocalGuidingPathTracer] gmm.splittingThreshold: 100
2025-05-18 18:20:43 INFO  main [MIFocalGuidingPathTracer] iterationBudget: 10
2025-05-18 18:20:43 INFO  main [MIFocalGuidingPathTracer] iterationCount: 15
2025-05-18 18:20:43 INFO  main [MIFocalGuidingPathTracer] maxDepth: 40
2025-05-18 18:20:43 INFO  main [MIFocalGuidingPathTracer] minSamplesToStartFitting: 128
2025-05-18 18:20:43 INFO  main [MIFocalGuidingPathTracer] normalBinning: disabled
2025-05-18 18:20:43 INFO  main [MIFocalGuidingPathTracer] renderMaxSeconds: 36000
2025-05-18 18:20:43 INFO  main [MIFocalGuidingPathTracer] rrDepth: 14
2025-05-18 18:20:43 INFO  main [MIFocalGuidingPathTracer] samplingMode: 2
2025-05-18 18:20:43 INFO  main [MIFocalGuidingPathTracer] strictNormals: true
2025-05-18 18:20:43 INFO  main [MIFocalGuidingPathTracer] trainingSamples: 4
2025-05-18 18:20:43 INFO  main [MIFocalGuidingPathTracer] tree.threshold: 0.001
2025-05-18 18:20:43 INFO  main [MIFocalGuidingPathTracer] unboundedSplatting: true
2025-05-18 18:20:43 INFO  main [PluginManager] Loading plugin "plugins/independent.so" ..
2025-05-18 18:20:43 INFO  main [PluginManager] Loading plugin "plugins/box.so" ..
2025-05-18 18:20:43 INFO  main [PluginManager] Loading plugin "plugins/hdrfilm.so" ..
2025-05-18 18:20:43 INFO  main [PluginManager] Loading plugin "plugins/perspective.so" ..
2025-05-18 18:20:43 INFO  main [PluginManager] Loading plugin "plugins/dielectric.so" ..
2025-05-18 18:20:43 INFO  main [PluginManager] Loading plugin "plugins/bitmap.so" ..
2025-05-18 18:20:43 INFO  main [BitmapTexture] Loading texture "wood5.jpg"
2025-05-18 18:20:43 INFO  main [PluginManager] Loading plugin "plugins/lanczos.so" ..
2025-05-18 18:20:43 INFO  main [MIPMap] Generating MIP map cache file "/mitsuba/scene/modern-hall/textures/wood5.mip" ..
2025-05-18 18:20:44 INFO  main [PluginManager] Loading plugin "plugins/roughplastic.so" ..
2025-05-18 18:20:44 INFO  main [PluginManager] Loading plugin "plugins/twosided.so" ..
2025-05-18 18:20:44 INFO  main [BitmapTexture] Loading texture "Tiles.jpg"
2025-05-18 18:20:44 INFO  main [PluginManager] Loading plugin "plugins/diffuse.so" ..
2025-05-18 18:20:44 INFO  main [BitmapTexture] Loading texture "Wallpaper.jpg"
2025-05-18 18:20:44 INFO  main [PluginManager] Loading plugin "plugins/roughconductor.so" ..
2025-05-18 18:20:44 INFO  main [spectrum.cpp:599] "Cu.eta.spd": loaded a spectral power distribution with 55 entries (between 302.400421 and 885.601257 nm)
2025-05-18 18:20:44 INFO  main [spectrum.cpp:599] "Cu.k.spd": loaded a spectral power distribution with 55 entries (between 302.400421 and 885.601257 nm)
2025-05-18 18:20:44 INFO  main [spectrum.cpp:599] "Cu.eta.spd": loaded a spectral power distribution with 55 entries (between 302.400421 and 885.601257 nm)
2025-05-18 18:20:44 INFO  main [spectrum.cpp:599] "Cu.k.spd": loaded a spectral power distribution with 55 entries (between 302.400421 and 885.601257 nm)
2025-05-18 18:20:44 INFO  main [PluginManager] Loading plugin "plugins/difftrans.so" ..
2025-05-18 18:20:44 INFO  main [PluginManager] Loading plugin "plugins/area.so" ..
2025-05-18 18:20:44 INFO  main [PluginManager] Loading plugin "plugins/rectangle.so" ..
2025-05-18 18:20:44 INFO  main [PluginManager] Loading plugin "plugins/cube.so" ..
2025-05-18 18:20:44 INFO  main [PluginManager] Loading plugin "plugins/obj.so" ..
2025-05-18 18:20:44 INFO  main [WavefrontOBJ] Loading geometry from "Mesh008.obj" ..
2025-05-18 18:20:44 INFO  main [WavefrontOBJ] Mesh008: 5184 triangles, 2664 vertices (merged 12888 vertices).
2025-05-18 18:20:44 INFO  main [WavefrontOBJ] Done with "Mesh008.obj" (took 12 ms)
2025-05-18 18:20:44 INFO  main [WavefrontOBJ] Loading geometry from "Mesh004.obj" ..
2025-05-18 18:20:44 INFO  main [WavefrontOBJ] Mesh004: 5184 triangles, 2664 vertices (merged 12888 vertices).
2025-05-18 18:20:44 INFO  main [WavefrontOBJ] Done with "Mesh004.obj" (took 11 ms)
2025-05-18 18:20:44 INFO  main [WavefrontOBJ] Loading geometry from "Mesh003.obj" ..
2025-05-18 18:20:44 INFO  main [WavefrontOBJ] Mesh003: 5184 triangles, 2664 vertices (merged 12888 vertices).
2025-05-18 18:20:44 INFO  main [WavefrontOBJ] Done with "Mesh003.obj" (took 10 ms)
2025-05-18 18:20:44 INFO  main [WavefrontOBJ] Loading geometry from "Mesh006.obj" ..
2025-05-18 18:20:44 INFO  main [WavefrontOBJ] Mesh006: 5184 triangles, 2664 vertices (merged 12888 vertices).
2025-05-18 18:20:44 INFO  main [WavefrontOBJ] Done with "Mesh006.obj" (took 10 ms)
2025-05-18 18:20:44 INFO  main [WavefrontOBJ] Loading geometry from "Mesh012.obj" ..
2025-05-18 18:20:44 INFO  main [WavefrontOBJ] Mesh012: 444 triangles, 882 vertices (merged 450 vertices).
2025-05-18 18:20:44 INFO  main [WavefrontOBJ] Done with "Mesh012.obj" (took 2 ms)
2025-05-18 18:20:44 INFO  main [WavefrontOBJ] Loading geometry from "Mesh013.obj" ..
2025-05-18 18:20:44 INFO  main [WavefrontOBJ] Mesh013: 5184 triangles, 2664 vertices (merged 12888 vertices).
2025-05-18 18:20:44 INFO  main [WavefrontOBJ] Done with "Mesh013.obj" (took 11 ms)
2025-05-18 18:20:44 INFO  main [WavefrontOBJ] Loading geometry from "Mesh010.obj" ..
2025-05-18 18:20:44 INFO  main [WavefrontOBJ] Mesh010: 32 triangles, 60 vertices (merged 36 vertices).
2025-05-18 18:20:44 INFO  main [WavefrontOBJ] Done with "Mesh010.obj" (took 0 ms)
2025-05-18 18:20:44 INFO  main [WavefrontOBJ] Loading geometry from "Mesh015.obj" ..
2025-05-18 18:20:44 INFO  main [WavefrontOBJ] Mesh015: 32 triangles, 60 vertices (merged 36 vertices).
2025-05-18 18:20:44 INFO  main [WavefrontOBJ] Done with "Mesh015.obj" (took 0 ms)
2025-05-18 18:20:44 INFO  main [WavefrontOBJ] Loading geometry from "Mesh002.obj" ..
2025-05-18 18:20:44 INFO  main [WavefrontOBJ] Mesh002: 32 triangles, 60 vertices (merged 36 vertices).
2025-05-18 18:20:44 INFO  main [WavefrontOBJ] Done with "Mesh002.obj" (took 0 ms)
2025-05-18 18:20:44 INFO  main [WavefrontOBJ] Loading geometry from "Mesh007.obj" ..
2025-05-18 18:20:44 INFO  main [WavefrontOBJ] Mesh007: 32 triangles, 60 vertices (merged 36 vertices).
2025-05-18 18:20:44 INFO  main [WavefrontOBJ] Done with "Mesh007.obj" (took 0 ms)
2025-05-18 18:20:44 INFO  main [WavefrontOBJ] Loading geometry from "Mesh005.obj" ..
2025-05-18 18:20:44 INFO  main [WavefrontOBJ] Mesh005: 12 triangles, 20 vertices (merged 16 vertices).
2025-05-18 18:20:44 INFO  main [WavefrontOBJ] Done with "Mesh005.obj" (took 0 ms)
2025-05-18 18:20:44 INFO  main [WavefrontOBJ] Loading geometry from "Mesh016.obj" ..
2025-05-18 18:20:44 INFO  main [WavefrontOBJ] Mesh016: 120 triangles, 204 vertices (merged 156 vertices).
2025-05-18 18:20:44 INFO  main [WavefrontOBJ] Done with "Mesh016.obj" (took 0 ms)
2025-05-18 18:20:44 INFO  main [WavefrontOBJ] Loading geometry from "Mesh017.obj" ..
2025-05-18 18:20:44 INFO  main [WavefrontOBJ] Mesh017: 20 triangles, 40 vertices (merged 20 vertices).
2025-05-18 18:20:44 INFO  main [WavefrontOBJ] Done with "Mesh017.obj" (took 0 ms)
2025-05-18 18:20:44 INFO  main [WavefrontOBJ] Loading geometry from "Mesh018.obj" ..
2025-05-18 18:20:44 INFO  main [WavefrontOBJ] Mesh018: 2 triangles, 4 vertices (merged 2 vertices).
2025-05-18 18:20:44 INFO  main [WavefrontOBJ] Done with "Mesh018.obj" (took 0 ms)
2025-05-18 18:20:44 INFO  main [WavefrontOBJ] Loading geometry from "Mesh011.obj" ..
2025-05-18 18:20:44 INFO  main [WavefrontOBJ] Mesh011: 32 triangles, 30 vertices (merged 66 vertices).
2025-05-18 18:20:44 INFO  main [WavefrontOBJ] Done with "Mesh011.obj" (took 0 ms)
2025-05-18 18:20:44 INFO  main [PluginManager] Loading plugin "plugins/homogeneous.so" ..
2025-05-18 18:20:44 INFO  main [PluginManager] Loading plugin "plugins/isotropic.so" ..
2025-05-18 18:20:44 INFO  main [WavefrontOBJ] Loading geometry from "Mesh014.obj" ..
2025-05-18 18:20:44 INFO  main [WavefrontOBJ] Mesh014: 36 triangles, 72 vertices (merged 36 vertices).
2025-05-18 18:20:44 INFO  main [WavefrontOBJ] Done with "Mesh014.obj" (took 0 ms)
2025-05-18 18:20:44 INFO  main [WavefrontOBJ] Loading geometry from "Mesh001.obj" ..
2025-05-18 18:20:44 INFO  main [WavefrontOBJ] Mesh001: 924 triangles, 2016 vertices (merged 756 vertices).
2025-05-18 18:20:44 INFO  main [WavefrontOBJ] Done with "Mesh001.obj" (took 5 ms)
2025-05-18 18:20:44 INFO  main [WavefrontOBJ] Loading geometry from "Mesh000.obj" ..
2025-05-18 18:20:44 INFO  main [WavefrontOBJ] Mesh000: 3127 triangles, 2075 vertices (merged 7306 vertices).
2025-05-18 18:20:44 INFO  main [WavefrontOBJ] Done with "Mesh000.obj" (took 12 ms)
2025-05-18 18:20:44 INFO  main [WavefrontOBJ] Loading geometry from "Mesh009.obj" ..
2025-05-18 18:20:44 INFO  main [WavefrontOBJ] Mesh009: 146 triangles, 110 vertices (merged 328 vertices).
2025-05-18 18:20:44 INFO  main [WavefrontOBJ] Done with "Mesh009.obj" (took 0 ms)
2025-05-18 18:20:44 INFO  ren0 [KDTreeBase] Constructing a SAH kd-tree (30963 primitives) ..
2025-05-18 18:20:44 INFO  ren0 [KDTreeBase] Finished -- took 122 ms.
2025-05-18 18:20:44 INFO  ren0 [octree.h:535] root weight: 8.000e-20 (0.000000)
2025-05-18 18:20:44 INFO  ren0 [octree.h:536] splitting threshold: 8.000e-23 (0.000000)
2025-05-18 18:20:44 INFO  ren0 [octree.h:551] node count: 1 -> 585 -> 585

2025-05-18 18:20:44 INFO  ren0 [octree.h:535] root weight: 4.096e-17 (0.000000)
2025-05-18 18:20:44 INFO  ren0 [octree.h:536] splitting threshold: 4.096e-20 (0.000000)
2025-05-18 18:20:44 INFO  ren0 [octree.h:551] node count: 585 -> 585 -> 585

2025-05-18 18:20:44 INFO  ren0 [octree.h:535] root weight: 8.000e-20 (0.000000)
2025-05-18 18:20:44 INFO  ren0 [octree.h:536] splitting threshold: 8.000e-23 (0.000000)
2025-05-18 18:20:44 INFO  ren0 [octree.h:551] node count: 1 -> 585 -> 585

2025-05-18 18:20:44 INFO  ren0 [octree.h:535] root weight: 8.000e-20 (0.000000)
2025-05-18 18:20:44 INFO  ren0 [octree.h:536] splitting threshold: 8.000e-23 (0.000000)
2025-05-18 18:20:44 INFO  ren0 [octree.h:551] node count: 1 -> 585 -> 585

2025-05-18 18:20:44 INFO  ren0 [octree.h:535] root weight: 4.096e-17 (0.000000)
2025-05-18 18:20:44 INFO  ren0 [octree.h:536] splitting threshold: 4.096e-20 (0.000000)
2025-05-18 18:20:44 INFO  ren0 [octree.h:551] node count: 585 -> 585 -> 585

2025-05-18 18:20:44 INFO  ren0 [octree.h:535] root weight: 8.000e-20 (0.000000)
2025-05-18 18:20:44 INFO  ren0 [octree.h:536] splitting threshold: 8.000e-23 (0.000000)
2025-05-18 18:20:44 INFO  ren0 [octree.h:551] node count: 1 -> 585 -> 585

2025-05-18 18:20:44 INFO  ren0 [MIFocalGuidingPathTracer] AABB3[min=[-21.7494, -3.70393, -3.09172], max=[7.19249, 11.2965, 6.96201]]
2025-05-18 18:20:44 INFO  ren0 [MIFocalGuidingPathTracer] Starting render job (1280x720, 12 cores, SSE2 enabled) ..
2025-05-18 18:20:44 INFO  ren0 [MIFocalGuidingPathTracer] ITERATION 0, until 10.0 seconds
2025-05-18 18:20:54 INFO  ren0 [MIFocalGuidingPathTracer]   10.41 seconds elapsed, passes this iteration: 6, total passes: 6
2025-05-18 18:20:54 INFO  ren0 [MIFocalGuidingPathTracer] Got 128851 non-zero samples
2025-05-18 18:20:54 INFO  ren0 [gaussian_mixture_model.h:808] Processing mega batch of size 128851
2025-05-18 18:20:54 INFO  ren0 [gaussian_mixture_model.h:547] Random
2025-05-18 18:20:54 INFO  ren0 [MIFocalGuidingPathTracer] GMM[
weight = 0.0467527 mean = [5.21714 4.60075 -1.35766] covariance = [[1.3106 -0.475023 0.0678131][-0.475023 1.98708 0.233928][0.0678131 0.233928 1.63844]]
weight = 0.0467527 mean = [5.87993 4.386 0.311205] covariance = [[1.3106 -0.475023 0.0678131][-0.475023 1.98708 0.233928][0.0678131 0.233928 1.63844]]
weight = 0.070305 mean = [4.05335 3.43893 3.98329] covariance = [[2.61191 -1.38684 1.18674][-1.38684 2.46298 -1.11106][1.18674 -1.11106 3.10836]]
weight = 0.0114235 mean = [-12.6526 3.74239 2.4264] covariance = [[13.5813 -3.21349 2.31395][-3.21349 12.4806 -2.45204][2.31395 -2.45204 8.24339]]
weight = 0.0355502 mean = [4.90297 -0.76129 1.57393] covariance = [[4.54035 1.57726 -0.191921][1.57726 2.13724 1.0549][-0.191921 1.0549 7.45595]]
weight = 0.0154003 mean = [5.18786 6.00307 5.52539] covariance = [[2.87017 -2.14293 0.0848855][-2.14293 4.30973 -0.906738][0.0848855 -0.906738 1.40159]]
weight = 0.524586 mean = [2.28429 1.52728 -2.11183] covariance = [[2.0524 -0.47957 0.343266][-0.47957 1.10961 0.113621][0.343266 0.113621 2.47491]]
weight = 0.226166 mean = [-3.1337 3.83784 -1.49844] covariance = [[5.58685 1.15672 0.237473][1.15672 3.42217 -0.904039][0.237473 -0.904039 4.52328]]
weight = 0.0230635 mean = [-7.32596 5.45658 0.504223] covariance = [[3.52502 2.58526 0.403534][2.58526 5.47763 0.505064][0.403534 0.505064 6.44416]]
]
2025-05-18 18:20:54 INFO  ren0 [octree.h:535] root weight: 2.822e+06 (2821737.750000)
2025-05-18 18:20:54 INFO  ren0 [octree.h:536] splitting threshold: 2.822e+03 (2821.737793)
2025-05-18 18:20:54 INFO  ren0 [octree.h:535] root weight: 3.192e+05 (319199.312500)
2025-05-18 18:20:54 INFO  ren0 [octree.h:536] splitting threshold: 3.192e+02 (319.199341)
2025-05-18 18:20:54 INFO  ren0 [octree.h:551] node count: 585 -> 961 -> 785

2025-05-18 18:20:54 INFO  ren0 [octree.h:551] node count: 585 -> 606 -> 428

2025-05-18 18:20:54 INFO  ren0 [MIFocalGuidingPathTracer] ITERATION 1, until 20.0 seconds
2025-05-18 18:21:14 INFO  ren0 [MIFocalGuidingPathTracer]   29.90 seconds elapsed, passes this iteration: 1, total passes: 7
2025-05-18 18:21:14 INFO  ren0 [MIFocalGuidingPathTracer] Got 34878 non-zero samples
2025-05-18 18:21:14 INFO  ren0 [gaussian_mixture_model.h:808] Processing mega batch of size 34878
2025-05-18 18:21:14 INFO  ren0 [MIFocalGuidingPathTracer] GMM[
weight = 0.0140897 mean = [4.73328 4.69031 -1.2738] covariance = [[1.17784 -0.147762 0.143198][-0.147762 1.39812 0.522283][0.143198 0.522283 2.32459]]
weight = 0.0169959 mean = [5.89367 3.79635 0.485018] covariance = [[1.3034 -0.506741 -0.0291777][-0.506741 1.75528 0.449868][-0.0291777 0.449868 2.31253]]
weight = 0.0140897 mean = [5.91505 3.61306 -0.865083] covariance = [[1.17784 -0.147762 0.143198][-0.147762 1.39812 0.522283][0.143198 0.522283 2.32459]]
weight = 0.0452964 mean = [4.22411 3.13441 3.44948] covariance = [[2.36244 -1.14576 1.173][-1.14576 2.24015 -1.0616][1.173 -1.0616 2.73189]]
weight = 0.016615 mean = [4.33843 -0.287189 2.63043] covariance = [[4.52153 1.34642 0.709404][1.34642 2.18536 1.0734][0.709404 1.0734 6.29332]]
weight = 0.00536559 mean = [5.44926 5.7323 5.39574] covariance = [[2.96168 -1.6896 -0.167846][-1.6896 4.32594 -1.08074][-0.167846 -1.08074 1.51617]]
weight = 0.213636 mean = [2.15432 1.75313 -2.0229] covariance = [[2.4434 -0.727035 0.369421][-0.727035 1.16199 0.126258][0.369421 0.126258 2.34722]]
weight = 0.316307 mean = [-2.75136 4.53764 -2.36668] covariance = [[2.79259 -1.09068 0.139918][-1.09068 2.59323 -0.107617][0.139918 -0.107617 1.80688]]
weight = 0.357605 mean = [-7.81401 9.90282 -1.67855] covariance = [[1.76211 -0.483996 -0.259015][-0.483996 1.74459 -0.863772][-0.259015 -0.863772 3.67501]]
]
2025-05-18 18:21:14 INFO  ren0 [octree.h:535] root weight: 3.570e+06 (3570339.250000)
2025-05-18 18:21:14 INFO  ren0 [octree.h:536] splitting threshold: 3.570e+03 (3570.339355)
2025-05-18 18:21:14 INFO  ren0 [octree.h:535] root weight: 4.147e+05 (414722.125000)
2025-05-18 18:21:14 INFO  ren0 [octree.h:536] splitting threshold: 4.147e+02 (414.722137)
2025-05-18 18:21:14 INFO  ren0 [octree.h:551] node count: 785 -> 1010 -> 790

2025-05-18 18:21:14 INFO  ren0 [octree.h:551] node count: 428 -> 439 -> 417

2025-05-18 18:21:14 INFO  ren0 [MIFocalGuidingPathTracer] ITERATION 2, until 30.0 seconds
2025-05-18 18:21:27 INFO  ren0 [MIFocalGuidingPathTracer]   43.19 seconds elapsed, passes this iteration: 1, total passes: 8
2025-05-18 18:21:27 INFO  ren0 [MIFocalGuidingPathTracer] Got 17809 non-zero samples
2025-05-18 18:21:27 INFO  ren0 [gaussian_mixture_model.h:808] Processing mega batch of size 17809
2025-05-18 18:21:27 INFO  ren0 [MIFocalGuidingPathTracer] GMM[
weight = 0.118323 mean = [5.17628 4.26466 -0.782428] covariance = [[1.63982 -0.69061 0.666563][-0.69061 1.03084 -0.197345][0.666563 -0.197345 2.14272]]
weight = 0.0822307 mean = [3.72101 3.62516 2.82593] covariance = [[2.70017 -1.21398 1.22632][-1.21398 2.73914 -1.73925][1.22632 -1.73925 3.45428]]
weight = 0.0493826 mean = [3.17649 5.16266 -2.3216] covariance = [[0.991434 -0.280932 0.197309][-0.280932 0.602848 0.0441597][0.197309 0.0441597 0.968606]]
weight = 0.028353 mean = [1.59149 -0.485439 3.07523] covariance = [[31.3812 5.75736 -2.56389][5.75736 2.68486 0.281509][-2.56389 0.281509 4.90091]]
weight = 0.0104977 mean = [4.33236 6.92972 5.505] covariance = [[2.71678 -2.01305 0.0794664][-2.01305 3.68987 -0.253102][0.0794664 -0.253102 0.989872]]
weight = 0.289188 mean = [2.2067 1.90261 -2.18151] covariance = [[1.93147 -0.531751 0.20687][-0.531751 1.29607 0.176474][0.20687 0.176474 1.77147]]
weight = 0.292642 mean = [-3.06727 4.18284 -1.81668] covariance = [[5.44618 -0.251205 -0.609298][-0.251205 2.56497 -0.265787][-0.609298 -0.265787 2.71901]]
weight = 0.129384 mean = [-7.42429 9.63519 -1.67234] covariance = [[1.78906 -0.869614 0.335973][-0.869614 2.21028 -1.43863][0.335973 -1.43863 3.63713]]
]
2025-05-18 18:21:27 INFO  ren0 [octree.h:535] root weight: 2.614e+06 (2613651.750000)
2025-05-18 18:21:27 INFO  ren0 [octree.h:536] splitting threshold: 2.614e+03 (2613.651855)
2025-05-18 18:21:27 INFO  ren0 [octree.h:535] root weight: 2.812e+05 (281197.312500)
2025-05-18 18:21:27 INFO  ren0 [octree.h:536] splitting threshold: 2.812e+02 (281.197327)
2025-05-18 18:21:27 INFO  ren0 [octree.h:551] node count: 790 -> 887 -> 813

2025-05-18 18:21:27 INFO  ren0 [octree.h:551] node count: 417 -> 424 -> 421

2025-05-18 18:21:27 INFO  ren0 [MIFocalGuidingPathTracer] ITERATION 3, until 40.0 seconds
2025-05-18 18:21:42 INFO  ren0 [MIFocalGuidingPathTracer]   58.51 seconds elapsed, passes this iteration: 1, total passes: 9
2025-05-18 18:21:42 INFO  ren0 [MIFocalGuidingPathTracer] Got 24662 non-zero samples
2025-05-18 18:21:42 INFO  ren0 [gaussian_mixture_model.h:808] Processing mega batch of size 24662
2025-05-18 18:21:42 INFO  ren0 [MIFocalGuidingPathTracer] GMM[
weight = 0.0173392 mean = [5.15346 4.22112 -1.1215] covariance = [[1.01303 -0.272875 -0.0610073][-0.272875 0.929311 0.169443][-0.0610073 0.169443 1.04944]]
weight = 0.0766578 mean = [4.221 2.90983 3.64397] covariance = [[2.1838 -1.33842 1.61387][-1.33842 2.2862 -1.52782][1.61387 -1.52782 2.91844]]
weight = 0.0173392 mean = [5.91289 4.0422 0.0440891] covariance = [[1.01303 -0.272875 -0.0610073][-0.272875 0.929311 0.169443][-0.0610073 0.169443 1.04944]]
weight = 0.0766578 mean = [5.99526 1.13661 5.80975] covariance = [[2.1838 -1.33842 1.61387][-1.33842 2.2862 -1.52782][1.61387 -1.52782 2.91844]]
weight = 0.00251 mean = [3.624 4.60301 -1.68223] covariance = [[0.930439 -0.0555664 0.0275284][-0.0555664 0.409603 0.0695061][0.0275284 0.0695061 0.68617]]
weight = 0.0558909 mean = [2.29657 -0.498928 2.88958] covariance = [[24.1304 4.68388 5.45477][4.68388 2.02 2.09944][5.45477 2.09944 8.53708]]
weight = 0.00933171 mean = [4.63911 5.98229 5.67219] covariance = [[3.24035 -2.97363 0.176184][-2.97363 5.80396 -0.78161][0.176184 -0.78161 0.905245]]
weight = 0.664905 mean = [-0.0125276 2.69076 -2.10978] covariance = [[9.92294 -3.82495 -0.568334][-3.82495 3.4639 0.244839][-0.568334 0.244839 1.92803]]
weight = 0.0793678 mean = [-7.22874 9.52499 -1.43535] covariance = [[2.1712 -1.10094 0.718005][-1.10094 2.37363 -1.31233][0.718005 -1.31233 5.21345]]
]
2025-05-18 18:21:42 INFO  ren0 [octree.h:535] root weight: 2.090e+06 (2089504.500000)
2025-05-18 18:21:42 INFO  ren0 [octree.h:536] splitting threshold: 2.090e+03 (2089.504639)
2025-05-18 18:21:42 INFO  ren0 [octree.h:535] root weight: 3.239e+05 (323944.375000)
2025-05-18 18:21:42 INFO  ren0 [octree.h:536] splitting threshold: 3.239e+02 (323.944397)
2025-05-18 18:21:42 INFO  ren0 [octree.h:551] node count: 813 -> 937 -> 744

2025-05-18 18:21:42 INFO  ren0 [octree.h:551] node count: 421 -> 459 -> 454

2025-05-18 18:21:42 INFO  ren0 [MIFocalGuidingPathTracer] ITERATION 4, until 50.0 seconds
2025-05-18 18:21:59 INFO  ren0 [MIFocalGuidingPathTracer]   74.88 seconds elapsed, passes this iteration: 1, total passes: 10
2025-05-18 18:21:59 INFO  ren0 [MIFocalGuidingPathTracer] Got 25072 non-zero samples
2025-05-18 18:21:59 INFO  ren0 [gaussian_mixture_model.h:808] Processing mega batch of size 25072
2025-05-18 18:21:59 INFO  ren0 [MIFocalGuidingPathTracer] GMM[
weight = 0.0209847 mean = [6.03161 4.80915 -1.0701] covariance = [[0.773495 -0.0880695 -0.109418][-0.0880695 0.921984 0.0339031][-0.109418 0.0339031 0.966456]]
weight = 0.059828 mean = [6.28409 4.63584 0.366571] covariance = [[0.898865 0.109121 -0.0265119][0.109121 0.837485 0.0771927][-0.0265119 0.0771927 2.22114]]
weight = 0.182838 mean = [4.29367 3.37973 3.4265] covariance = [[2.5551 -1.4146 2.00126][-1.4146 4.05761 -2.60083][2.00126 -2.60083 3.94957]]
weight = 0.00490124 mean = [4.098 4.53599 -1.82484] covariance = [[0.839582 -0.0445996 -0.204039][-0.0445996 0.318566 0.064658][-0.204039 0.064658 0.762694]]
weight = 0.0578787 mean = [1.82512 -0.746108 1.74924] covariance = [[19.3915 1.36929 1.52262][1.36929 2.33954 1.81302][1.52262 1.81302 5.45127]]
weight = 0.044877 mean = [5.39833 6.44335 5.33129] covariance = [[0.803518 -1.22888 0.643663][-1.22888 3.52586 -1.72909][0.643663 -1.72909 2.34035]]
weight = 0.0209847 mean = [4.97377 4.445 -1.46204] covariance = [[0.773495 -0.0880695 -0.109418][-0.0880695 0.921984 0.0339031][-0.109418 0.0339031 0.966456]]
weight = 0.592662 mean = [0.715458 2.45886 -2.16118] covariance = [[8.22345 -3.17489 -0.0556079][-3.17489 2.96131 0.0657401][-0.0556079 0.0657401 1.64619]]
weight = 0.0150462 mean = [-6.73926 8.86234 0.0600046] covariance = [[4.02272 -0.893881 1.99388][-0.893881 4.90225 -3.72635][1.99388 -3.72635 10.9495]]
]
2025-05-18 18:21:59 INFO  ren0 [octree.h:535] root weight: 1.896e+06 (1896335.250000)
2025-05-18 18:21:59 INFO  ren0 [octree.h:536] splitting threshold: 1.896e+03 (1896.335327)
2025-05-18 18:21:59 INFO  ren0 [octree.h:535] root weight: 2.872e+05 (287247.125000)
2025-05-18 18:21:59 INFO  ren0 [octree.h:536] splitting threshold: 2.872e+02 (287.247131)
2025-05-18 18:21:59 INFO  ren0 [octree.h:551] node count: 744 -> 871 -> 772

2025-05-18 18:21:59 INFO  ren0 [octree.h:551] node count: 454 -> 469 -> 447

2025-05-18 18:21:59 INFO  ren0 [MIFocalGuidingPathTracer] ITERATION 5, until 60.0 seconds
2025-05-18 18:22:18 INFO  ren0 [MIFocalGuidingPathTracer]   94.50 seconds elapsed, passes this iteration: 1, total passes: 11
2025-05-18 18:22:18 INFO  ren0 [MIFocalGuidingPathTracer] Got 30451 non-zero samples
2025-05-18 18:22:18 INFO  ren0 [gaussian_mixture_model.h:808] Processing mega batch of size 30451
2025-05-18 18:22:18 INFO  ren0 [MIFocalGuidingPathTracer] GMM[
weight = 0.117092 mean = [3.92212 3.03317 3.2398] covariance = [[3.00647 -1.4365 2.58277][-1.4365 3.58285 -2.15998][2.58277 -2.15998 5.40659]]
weight = 0.0726446 mean = [-0.124963 -0.202037 1.62064] covariance = [[39.3694 -0.976108 -0.304883][-0.976108 2.21547 1.03657][-0.304883 1.03657 3.02951]]
weight = 0.0257175 mean = [5.12749 6.24496 5.60786] covariance = [[1.24914 -1.50502 0.190376][-1.50502 4.08519 -1.24947][0.190376 -1.24947 1.86847]]
weight = 0.112356 mean = [5.69414 4.43376 -0.574595] covariance = [[1.33941 -0.0314369 0.399681][-0.0314369 0.882627 0.0857629][0.399681 0.0857629 2.05874]]
weight = 0.657798 mean = [1.30689 2.23681 -2.12375] covariance = [[8.32103 -3.36939 0.266201][-3.36939 2.60591 0.0739914][0.266201 0.0739914 1.50274]]
weight = 0.0143919 mean = [-6.38174 7.29123 2.25002] covariance = [[5.48324 -1.83115 1.8126][-1.83115 6.2842 -3.06991][1.8126 -3.06991 9.15052]]
]
2025-05-18 18:22:18 INFO  ren0 [octree.h:535] root weight: 1.583e+06 (1582855.125000)
2025-05-18 18:22:18 INFO  ren0 [octree.h:536] splitting threshold: 1.583e+03 (1582.855225)
2025-05-18 18:22:18 INFO  ren0 [octree.h:535] root weight: 2.181e+05 (218060.453125)
2025-05-18 18:22:18 INFO  ren0 [octree.h:536] splitting threshold: 2.181e+02 (218.060471)
2025-05-18 18:22:18 INFO  ren0 [octree.h:551] node count: 772 -> 872 -> 787

2025-05-18 18:22:18 INFO  ren0 [octree.h:551] node count: 447 -> 461 -> 441

2025-05-18 18:22:18 INFO  ren0 [MIFocalGuidingPathTracer] ITERATION 6, until 70.0 seconds
2025-05-18 18:22:33 INFO  ren0 [MIFocalGuidingPathTracer]   109.49 seconds elapsed, passes this iteration: 1, total passes: 12
2025-05-18 18:22:33 INFO  ren0 [MIFocalGuidingPathTracer] Got 47012 non-zero samples
2025-05-18 18:22:33 INFO  ren0 [gaussian_mixture_model.h:808] Processing mega batch of size 47012
2025-05-18 18:22:33 INFO  ren0 [MIFocalGuidingPathTracer] GMM[
weight = 0.0601759 mean = [3.20257 3.29545 2.19674] covariance = [[2.03138 -0.261464 0.936654][-0.261464 2.30233 -0.468763][0.936654 -0.468763 2.74927]]
weight = 0.0315796 mean = [-1.40924 0.148578 1.63128] covariance = [[15.5431 -0.233143 -0.0431884][-0.233143 1.99895 0.620061][-0.0431884 0.620061 2.20704]]
weight = 0.00718149 mean = [4.81063 6.89287 5.26096] covariance = [[0.952357 -0.808824 -0.204827][-0.808824 2.4017 -0.368644][-0.204827 -0.368644 1.62172]]
weight = 0.0601759 mean = [4.59345 2.27914 4.25974] covariance = [[2.03138 -0.261464 0.936654][-0.261464 2.30233 -0.468763][0.936654 -0.468763 2.74927]]
weight = 0.0235404 mean = [5.02699 4.42684 -1.43018] covariance = [[1.07666 -0.0324597 0.0933393][-0.0324597 0.839816 -0.0496063][0.0933393 -0.0496063 1.22744]]
weight = 0.0315796 mean = [4.16613 0.051604 1.60872] covariance = [[15.5431 -0.233143 -0.0431884][-0.233143 1.99895 0.620061][-0.0431884 0.620061 2.20704]]
weight = 0.00718149 mean = [5.68503 4.74546 5.77261] covariance = [[0.952357 -0.808824 -0.204827][-0.808824 2.4017 -0.368644][-0.204827 -0.368644 1.62172]]
weight = 0.0235404 mean = [5.71669 4.215 -0.00218629] covariance = [[1.07666 -0.0324597 0.0933393][-0.0324597 0.839816 -0.0496063][0.0933393 -0.0496063 1.22744]]
weight = 0.755045 mean = [1.49011 2.07446 -2.2448] covariance = [[6.74993 -2.93832 -0.228988][-2.93832 2.22484 0.408629][-0.228988 0.408629 1.54014]]
]
2025-05-18 18:22:33 INFO  ren0 [octree.h:535] root weight: 1.449e+06 (1448716.500000)
2025-05-18 18:22:33 INFO  ren0 [octree.h:536] splitting threshold: 1.449e+03 (1448.716553)
2025-05-18 18:22:33 INFO  ren0 [octree.h:535] root weight: 1.837e+05 (183655.593750)
2025-05-18 18:22:33 INFO  ren0 [octree.h:536] splitting threshold: 1.837e+02 (183.655609)
2025-05-18 18:22:33 INFO  ren0 [octree.h:551] node count: 787 -> 888 -> 819

2025-05-18 18:22:33 INFO  ren0 [octree.h:551] node count: 441 -> 454 -> 441

2025-05-18 18:22:33 INFO  ren0 [MIFocalGuidingPathTracer] ITERATION 7, until 80.0 seconds
2025-05-18 18:22:54 INFO  ren0 [MIFocalGuidingPathTracer]   129.95 seconds elapsed, passes this iteration: 1, total passes: 13
2025-05-18 18:22:54 INFO  ren0 [MIFocalGuidingPathTracer] Got 54031 non-zero samples
2025-05-18 18:22:54 INFO  ren0 [gaussian_mixture_model.h:808] Processing mega batch of size 54031
2025-05-18 18:22:54 INFO  ren0 [MIFocalGuidingPathTracer] GMM[
weight = 0.0573595 mean = [2.73861 4.74069 1.29989] covariance = [[2.28067 0.135382 0.363574][0.135382 2.3794 -0.322733][0.363574 -0.322733 1.70288]]
weight = 0.0864263 mean = [4.29219 2.43569 3.64015] covariance = [[3.06155 -0.0753177 1.1561][-0.0753177 2.98417 -0.628687][1.1561 -0.628687 3.38167]]
weight = 0.14117 mean = [0.288309 0.423213 1.57721] covariance = [[22.9052 -1.18881 2.64665][-1.18881 2.92831 0.320271][2.64665 0.320271 4.30081]]
weight = 0.0245149 mean = [5.97679 5.88983 4.61316] covariance = [[1.39801 -1.15706 -0.061342][-1.15706 3.44683 -1.5731][-0.061342 -1.5731 2.61784]]
weight = 0.101267 mean = [5.60058 4.35685 -0.841096] covariance = [[1.52673 -0.167286 0.390715][-0.167286 1.01687 -0.171696][0.390715 -0.171696 2.2741]]
weight = 0.0573595 mean = [3.04532 2.73098 2.24167] covariance = [[2.28067 0.135382 0.363574][0.135382 2.3794 -0.322733][0.363574 -0.322733 1.70288]]
weight = 0.531903 mean = [1.28178 2.1219 -2.24249] covariance = [[7.74059 -2.93673 -0.0291466][-2.93673 2.01526 0.403035][-0.0291466 0.403035 1.55046]]
]
2025-05-18 18:22:54 INFO  ren0 [octree.h:535] root weight: 1.574e+06 (1573681.000000)
2025-05-18 18:22:54 INFO  ren0 [octree.h:536] splitting threshold: 1.574e+03 (1573.681030)
2025-05-18 18:22:54 INFO  ren0 [octree.h:535] root weight: 2.044e+05 (204380.062500)
2025-05-18 18:22:54 INFO  ren0 [octree.h:536] splitting threshold: 2.044e+02 (204.380066)
2025-05-18 18:22:54 INFO  ren0 [octree.h:551] node count: 819 -> 933 -> 823

2025-05-18 18:22:54 INFO  ren0 [octree.h:551] node count: 441 -> 464 -> 448

2025-05-18 18:22:54 INFO  ren0 [MIFocalGuidingPathTracer] ITERATION 8, until 90.0 seconds
2025-05-18 18:23:12 INFO  ren0 [MIFocalGuidingPathTracer]   147.96 seconds elapsed, passes this iteration: 1, total passes: 14
2025-05-18 18:23:12 INFO  ren0 [MIFocalGuidingPathTracer] Got 41509 non-zero samples
2025-05-18 18:23:12 INFO  ren0 [gaussian_mixture_model.h:808] Processing mega batch of size 41509
2025-05-18 18:23:12 INFO  ren0 [MIFocalGuidingPathTracer] GMM[
weight = 0.0448999 mean = [4.99488 2.40803 4.31479] covariance = [[1.97749 0.29497 0.0919792][0.29497 2.8167 -0.0239785][0.0919792 -0.0239785 1.9125]]
weight = 0.0364164 mean = [0.206853 0.615172 1.43236] covariance = [[7.9857 -0.44033 0.570454][-0.44033 2.74385 0.0281905][0.570454 0.0281905 3.01137]]
weight = 0.0364164 mean = [4.19007 0.289182 1.87835] covariance = [[7.9857 -0.44033 0.570454][-0.44033 2.74385 0.0281905][0.570454 0.0281905 3.01137]]
weight = 0.0208162 mean = [5.99798 5.4119 4.92466] covariance = [[0.711658 0.0149475 -0.765559][0.0149475 1.89029 -1.65898][-0.765559 -1.65898 3.72553]]
weight = 0.218132 mean = [3.91131 3.66429 1.42761] covariance = [[3.49141 0.445053 -0.66309][0.445053 2.77111 -0.987933][-0.66309 -0.987933 3.2592]]
weight = 0.643319 mean = [1.12899 2.20762 -2.31169] covariance = [[6.04629 -2.50537 -0.0667149][-2.50537 1.78402 0.380498][-0.0667149 0.380498 1.25674]]
]
2025-05-18 18:23:12 INFO  ren0 [octree.h:535] root weight: 1.576e+06 (1575726.500000)
2025-05-18 18:23:12 INFO  ren0 [octree.h:536] splitting threshold: 1.576e+03 (1575.726562)
2025-05-18 18:23:12 INFO  ren0 [octree.h:535] root weight: 1.847e+05 (184661.656250)
2025-05-18 18:23:12 INFO  ren0 [octree.h:536] splitting threshold: 1.847e+02 (184.661667)
2025-05-18 18:23:12 INFO  ren0 [octree.h:551] node count: 823 -> 947 -> 828

2025-05-18 18:23:12 INFO  ren0 [octree.h:551] node count: 448 -> 462 -> 439

2025-05-18 18:23:12 INFO  ren0 [MIFocalGuidingPathTracer] ITERATION 9, until 100.0 seconds
2025-05-18 18:23:28 INFO  ren0 [MIFocalGuidingPathTracer]   164.18 seconds elapsed, passes this iteration: 1, total passes: 15
2025-05-18 18:23:28 INFO  ren0 [pmm_focal_guiding_recursive.cpp:214] starting iterative narrowing
2025-05-18 18:23:28 INFO  ren0 [MIFocalGuidingPathTracer] Got 65034 non-zero samples
2025-05-18 18:23:28 INFO  ren0 [gaussian_mixture_model.h:808] Processing mega batch of size 65034
2025-05-18 18:23:28 INFO  ren0 [MIFocalGuidingPathTracer] GMM[
weight = 0.0296611 mean = [3.86145 2.73744 2.95424] covariance = [[1.97097 0.272052 -0.0461409][0.272052 2.67049 -0.0290713][-0.0461409 -0.0290713 1.85564]]
weight = 0.00687624 mean = [-2.23106 1.14359 0.759788] covariance = [[6.65636 -0.198466 0.669405][-0.198466 3.53123 0.742053][0.669405 0.742053 3.3353]]
weight = 0.0249328 mean = [0.661529 0.659547 1.45164] covariance = [[6.84695 -0.349237 0.401607][-0.349237 2.73111 -0.00365084][0.401607 -0.00365084 2.88278]]
weight = 0.0296611 mean = [4.93098 2.44536 4.51297] covariance = [[1.97097 0.272052 -0.0461409][0.272052 2.67049 -0.0290713][-0.0461409 -0.0290713 1.85564]]
weight = 0.00687624 mean = [1.38788 1.07982 1.44789] covariance = [[6.65636 -0.198466 0.669405][-0.198466 3.53123 0.742053][0.669405 0.742053 3.3353]]
weight = 0.0249328 mean = [4.34966 0.351456 1.81915] covariance = [[6.84695 -0.349237 0.401607][-0.349237 2.73111 -0.00365084][0.401607 -0.00365084 2.88278]]
weight = 0.00667476 mean = [6.27271 5.7776 3.68906] covariance = [[0.662803 -0.235403 -0.481635][-0.235403 1.34277 -0.522946][-0.481635 -0.522946 2.06787]]
weight = 0.00667476 mean = [5.84722 4.90375 5.65488] covariance = [[0.662803 -0.235403 -0.481635][-0.235403 1.34277 -0.522946][-0.481635 -0.522946 2.06787]]
weight = 0.86371 mean = [1.56087 2.29352 -1.97751] covariance = [[5.83211 -1.62525 0.922152][-1.62525 1.98055 0.749669][0.922152 0.749669 2.77096]]
]
2025-05-18 18:23:28 INFO  ren0 [octree.h:535] root weight: 1.422e+06 (1421811.750000)
2025-05-18 18:23:28 INFO  ren0 [octree.h:536] splitting threshold: 1.422e+03 (1421.811768)
2025-05-18 18:23:28 INFO  ren0 [octree.h:535] root weight: 1.609e+05 (160894.843750)
2025-05-18 18:23:28 INFO  ren0 [octree.h:536] splitting threshold: 1.609e+02 (160.894852)
2025-05-18 18:23:28 INFO  ren0 [octree.h:551] node count: 828 -> 937 -> 820

2025-05-18 18:23:28 INFO  ren0 [octree.h:551] node count: 439 -> 452 -> 436

2025-05-18 18:23:28 INFO  ren0 [MIFocalGuidingPathTracer] ITERATION 10, until 110.0 seconds
2025-05-18 18:23:48 INFO  ren0 [MIFocalGuidingPathTracer]   183.74 seconds elapsed, passes this iteration: 1, total passes: 16
2025-05-18 18:23:48 INFO  ren0 [MIFocalGuidingPathTracer] Got 46179 non-zero samples
2025-05-18 18:23:48 INFO  ren0 [gaussian_mixture_model.h:808] Processing mega batch of size 46179
2025-05-18 18:23:48 INFO  ren0 [MIFocalGuidingPathTracer] GMM[
weight = 0.000326807 mean = [5.56473 4.32519 1.70098] covariance = [[1.67643 0.811803 0.0232379][0.811803 1.78695 -0.316066][0.0232379 -0.316066 1.29655]]
weight = 0.000504145 mean = [-6.47392 -0.726652 -1.3876] covariance = [[19.4627 8.44158 0.754394][8.44158 8.98803 2.60592][0.754394 2.60592 2.86129]]
weight = 0.000564508 mean = [5.40191 3.30017 3.76052] covariance = [[2.33202 1.27105 0.625527][1.27105 3.22614 0.192328][0.625527 0.192328 3.42317]]
weight = 0.0019117 mean = [2.42887 1.16452 -0.922682] covariance = [[5.79293 0.237158 0.336964][0.237158 2.27894 -0.302765][0.336964 -0.302765 5.86419]]
weight = 0.000637803 mean = [6.5305 5.29753 3.02644] covariance = [[0.199866 0.013571 0.174016][0.013571 0.241763 -0.191682][0.174016 -0.191682 3.29574]]
weight = 0.000326807 mean = [4.07537 2.65227 2.08531] covariance = [[1.67643 0.811803 0.0232379][0.811803 1.78695 -0.316066][0.0232379 -0.316066 1.29655]]
weight = 0.995728 mean = [2.05481 1.42669 -2.95468] covariance = [[1.93928 -1.10617 -0.00302055][-1.10617 0.663404 0.0204028][-0.00302055 0.0204028 0.0330835]]
]
2025-05-18 18:23:48 INFO  ren0 [octree.h:535] root weight: 2.060e+07 (20595790.000000)
2025-05-18 18:23:48 INFO  ren0 [octree.h:536] splitting threshold: 2.060e+04 (20595.791016)
2025-05-18 18:23:48 INFO  ren0 [octree.h:535] root weight: 4.279e+04 (42792.703125)
2025-05-18 18:23:48 INFO  ren0 [octree.h:536] splitting threshold: 4.279e+01 (42.792706)
2025-05-18 18:23:48 INFO  ren0 [octree.h:551] node count: 820 -> 1232 -> 1076

2025-05-18 18:23:48 INFO  ren0 [octree.h:551] node count: 436 -> 436 -> 430

2025-05-18 18:23:48 INFO  ren0 [MIFocalGuidingPathTracer] ITERATION 11, until 120.0 seconds
2025-05-18 18:23:55 INFO  ren0 [MIFocalGuidingPathTracer]   191.17 seconds elapsed, passes this iteration: 1, total passes: 17
2025-05-18 18:23:55 INFO  ren0 [MIFocalGuidingPathTracer] Got 400832 non-zero samples
2025-05-18 18:23:55 INFO  ren0 [gaussian_mixture_model.h:808] Processing mega batch of size 400832
2025-05-18 18:23:55 INFO  ren0 [MIFocalGuidingPathTracer] GMM[
weight = 2.43971e-05 mean = [-0.740616 2.12087 -2.55863] covariance = [[1.94513 0.0353583 0.0508234][0.0353583 1.23236 0.204082][0.0508234 0.204082 0.770624]]
weight = 2.43971e-05 mean = [1.22731 2.24817 -2.45181] covariance = [[1.94513 0.0353583 0.0508234][0.0353583 1.23236 0.204082][0.0508234 0.204082 0.770624]]
weight = 2.20221e-05 mean = [2.35616 1.2567 -2.96263] covariance = [[0.0559226 -0.0309257 -4.7958e-05][-0.0309257 0.0178086 0.000174542][-4.7958e-05 0.000174542 0.000239068]]
weight = 0.905615 mean = [-4.51298 5.30539 -2.97073] covariance = [[0.606773 -0.359118 0.000515128][-0.359118 0.212592 -0.000298579][0.000515128 -0.000298579 2.51156e-05]]
weight = 2.20221e-05 mean = [2.69018 1.07018 -2.9633] covariance = [[0.0559226 -0.0309257 -4.7958e-05][-0.0309257 0.0178086 0.000174542][-4.7958e-05 0.000174542 0.000239068]]
weight = 0.0942917 mean = [-1.24636 3.37515 -2.96731] covariance = [[12.9899 -7.6797 0.0058354][-7.6797 4.54101 -0.00312659][0.0058354 -0.00312659 0.000522085]]
]
2025-05-18 18:23:55 INFO  ren0 [octree.h:535] root weight: 2.597e+07 (25972166.000000)
2025-05-18 18:23:55 INFO  ren0 [octree.h:536] splitting threshold: 2.597e+04 (25972.167969)
2025-05-18 18:23:55 INFO  ren0 [octree.h:535] root weight: 7.419e+03 (7419.096191)
2025-05-18 18:23:55 INFO  ren0 [octree.h:536] splitting threshold: 7.419e+00 (7.419096)
2025-05-18 18:23:55 INFO  ren0 [octree.h:551] node count: 1076 -> 1272 -> 990

2025-05-18 18:23:55 INFO  ren0 [octree.h:551] node count: 430 -> 430 -> 430

2025-05-18 18:23:55 INFO  ren0 [MIFocalGuidingPathTracer] ITERATION 12, until 130.0 seconds
2025-05-18 18:24:02 INFO  ren0 [MIFocalGuidingPathTracer]   197.96 seconds elapsed, passes this iteration: 1, total passes: 18
2025-05-18 18:24:02 INFO  ren0 [MIFocalGuidingPathTracer] Got 2285639 non-zero samples
2025-05-18 18:24:02 INFO  ren0 [gaussian_mixture_model.h:808] Processing mega batch of size 2285639
2025-05-18 18:24:04 INFO  ren0 [MIFocalGuidingPathTracer] GMM[
weight = 0.00223763 mean = [-4.7403 5.49839 -2.96557] covariance = [[0.0136599 -0.00267803 -0.000193283][-0.00267803 0.00383553 0.000258525][-0.000193283 0.000258525 2.84881e-05]]
weight = 0.0297308 mean = [-0.564342 3.01032 -2.94524] covariance = [[2.34251 -1.52587 0.020894][-1.52587 1.06119 -0.0160335][0.020894 -0.0160335 0.000274685]]
weight = 0.00745175 mean = [-4.89444 5.54409 -2.96112] covariance = [[0.0249141 0.00295575 -8.07333e-05][0.00295575 0.00346206 0.000376577][-8.07333e-05 0.000376577 4.92029e-05]]
weight = 0.00223763 mean = [-4.90434 5.54026 -2.9626] covariance = [[0.0136599 -0.00267803 -0.000193283][-0.00267803 0.00383553 0.000258525][-0.000193283 0.000258525 2.84881e-05]]
weight = 0.0100056 mean = [-4.11216 5.17659 -2.96931] covariance = [[2.48063 -0.63697 -0.00649197][-0.63697 0.386167 -0.000519497][-0.00649197 -0.000519497 5.02306e-05]]
weight = 0.0459535 mean = [-4.77768 5.43205 -2.96513] covariance = [[0.379009 -0.226397 -0.000206926][-0.226397 0.135434 0.000218334][-0.000206926 0.000218334 4.68521e-05]]
