2025-05-17 11:51:52 INFO  main [mitsuba.cpp:274] Mitsuba version 0.6.0 (Linux, 64 bit), Copyright (c) 2017 Wenzel Jakob
2025-05-17 11:51:52 INFO  main [mitsuba.cpp:377] Parsing scene description from "scene/modern-hall/modern-hall.xml" ..
2025-05-17 11:51:52 INFO  main [scenehandler.cpp:675] In file "/mitsuba/scene/modern-hall/modern-hall.xml" (near line 20): Parsing included file "pmm_focal_recursive.xml" ..
2025-05-17 11:51:52 INFO  main [PluginManager] Loading plugin "plugins/pmm_focal_recursive.so" ..
2025-05-17 11:51:52 INFO  main [octree.h:535] root weight: 8.000e-20 (0.000000)
2025-05-17 11:51:52 INFO  main [octree.h:536] splitting threshold: 8.000e-23 (0.000000)
2025-05-17 11:51:52 INFO  main [octree.h:551] node count: 1 -> 585 -> 585

2025-05-17 11:51:52 INFO  main [octree.h:535] root weight: 8.000e-20 (0.000000)
2025-05-17 11:51:52 INFO  main [octree.h:536] splitting threshold: 8.000e-23 (0.000000)
2025-05-17 11:51:52 INFO  main [octree.h:551] node count: 1 -> 585 -> 585

2025-05-17 11:51:52 INFO  main [MIFocalGuidingPathTracer] budget: 600
2025-05-17 11:51:52 INFO  main [MIFocalGuidingPathTracer] dumpPrimaryRays: false
2025-05-17 11:51:52 INFO  main [MIFocalGuidingPathTracer] dumpScene: false
2025-05-17 11:51:52 INFO  main [MIFocalGuidingPathTracer] gmm.alpha: 0.4
2025-05-17 11:51:52 INFO  main [MIFocalGuidingPathTracer] gmm.initMethod: KMeans
2025-05-17 11:51:52 INFO  main [MIFocalGuidingPathTracer] gmm.maxNumComp: 10
2025-05-17 11:51:52 INFO  main [MIFocalGuidingPathTracer] gmm.mergingThreshold: 0.9
2025-05-17 11:51:52 INFO  main [MIFocalGuidingPathTracer] gmm.minNumComp: 3
2025-05-17 11:51:52 INFO  main [MIFocalGuidingPathTracer] gmm.splittingThreshold: 100
2025-05-17 11:51:52 INFO  main [MIFocalGuidingPathTracer] iterationBudget: 10
2025-05-17 11:51:52 INFO  main [MIFocalGuidingPathTracer] iterationCount: 15
2025-05-17 11:51:52 INFO  main [MIFocalGuidingPathTracer] maxDepth: 40
2025-05-17 11:51:52 INFO  main [MIFocalGuidingPathTracer] minSamplesToStartFitting: 128
2025-05-17 11:51:52 INFO  main [MIFocalGuidingPathTracer] normalBinning: disabled
2025-05-17 11:51:52 INFO  main [MIFocalGuidingPathTracer] renderMaxSeconds: 36000
2025-05-17 11:51:52 INFO  main [MIFocalGuidingPathTracer] rrDepth: 14
2025-05-17 11:51:52 INFO  main [MIFocalGuidingPathTracer] samplingMode: 2
2025-05-17 11:51:52 INFO  main [MIFocalGuidingPathTracer] strictNormals: true
2025-05-17 11:51:52 INFO  main [MIFocalGuidingPathTracer] trainingSamples: 4
2025-05-17 11:51:52 INFO  main [MIFocalGuidingPathTracer] tree.threshold: 0.001
2025-05-17 11:51:52 INFO  main [MIFocalGuidingPathTracer] unboundedSplatting: true
2025-05-17 11:51:52 INFO  main [PluginManager] Loading plugin "plugins/independent.so" ..
2025-05-17 11:51:52 INFO  main [PluginManager] Loading plugin "plugins/box.so" ..
2025-05-17 11:51:52 INFO  main [PluginManager] Loading plugin "plugins/hdrfilm.so" ..
2025-05-17 11:51:52 INFO  main [PluginManager] Loading plugin "plugins/perspective.so" ..
2025-05-17 11:51:52 INFO  main [PluginManager] Loading plugin "plugins/dielectric.so" ..
2025-05-17 11:51:52 INFO  main [PluginManager] Loading plugin "plugins/bitmap.so" ..
2025-05-17 11:51:52 INFO  main [BitmapTexture] Loading texture "wood5.jpg"
2025-05-17 11:51:52 INFO  main [PluginManager] Loading plugin "plugins/lanczos.so" ..
2025-05-17 11:51:52 INFO  main [MIPMap] Generating MIP map cache file "/mitsuba/scene/modern-hall/textures/wood5.mip" ..
2025-05-17 11:51:52 INFO  main [PluginManager] Loading plugin "plugins/roughplastic.so" ..
2025-05-17 11:51:52 INFO  main [PluginManager] Loading plugin "plugins/twosided.so" ..
2025-05-17 11:51:52 INFO  main [BitmapTexture] Loading texture "Tiles.jpg"
2025-05-17 11:51:52 INFO  main [PluginManager] Loading plugin "plugins/diffuse.so" ..
2025-05-17 11:51:52 INFO  main [BitmapTexture] Loading texture "Wallpaper.jpg"
2025-05-17 11:51:52 INFO  main [PluginManager] Loading plugin "plugins/roughconductor.so" ..
2025-05-17 11:51:52 INFO  main [spectrum.cpp:599] "Cu.eta.spd": loaded a spectral power distribution with 55 entries (between 302.400421 and 885.601257 nm)
2025-05-17 11:51:52 INFO  main [spectrum.cpp:599] "Cu.k.spd": loaded a spectral power distribution with 55 entries (between 302.400421 and 885.601257 nm)
2025-05-17 11:51:52 INFO  main [spectrum.cpp:599] "Cu.eta.spd": loaded a spectral power distribution with 55 entries (between 302.400421 and 885.601257 nm)
2025-05-17 11:51:52 INFO  main [spectrum.cpp:599] "Cu.k.spd": loaded a spectral power distribution with 55 entries (between 302.400421 and 885.601257 nm)
2025-05-17 11:51:52 INFO  main [PluginManager] Loading plugin "plugins/difftrans.so" ..
2025-05-17 11:51:52 INFO  main [PluginManager] Loading plugin "plugins/area.so" ..
2025-05-17 11:51:52 INFO  main [PluginManager] Loading plugin "plugins/rectangle.so" ..
2025-05-17 11:51:52 INFO  main [PluginManager] Loading plugin "plugins/cube.so" ..
2025-05-17 11:51:52 INFO  main [PluginManager] Loading plugin "plugins/obj.so" ..
2025-05-17 11:51:52 INFO  main [WavefrontOBJ] Loading geometry from "Mesh008.obj" ..
2025-05-17 11:51:52 INFO  main [WavefrontOBJ] Mesh008: 5184 triangles, 2664 vertices (merged 12888 vertices).
2025-05-17 11:51:52 INFO  main [WavefrontOBJ] Done with "Mesh008.obj" (took 14 ms)
2025-05-17 11:51:52 INFO  main [WavefrontOBJ] Loading geometry from "Mesh004.obj" ..
2025-05-17 11:51:52 INFO  main [WavefrontOBJ] Mesh004: 5184 triangles, 2664 vertices (merged 12888 vertices).
2025-05-17 11:51:52 INFO  main [WavefrontOBJ] Done with "Mesh004.obj" (took 12 ms)
2025-05-17 11:51:52 INFO  main [WavefrontOBJ] Loading geometry from "Mesh003.obj" ..
2025-05-17 11:51:52 INFO  main [WavefrontOBJ] Mesh003: 5184 triangles, 2664 vertices (merged 12888 vertices).
2025-05-17 11:51:52 INFO  main [WavefrontOBJ] Done with "Mesh003.obj" (took 10 ms)
2025-05-17 11:51:52 INFO  main [WavefrontOBJ] Loading geometry from "Mesh006.obj" ..
2025-05-17 11:51:52 INFO  main [WavefrontOBJ] Mesh006: 5184 triangles, 2664 vertices (merged 12888 vertices).
2025-05-17 11:51:52 INFO  main [WavefrontOBJ] Done with "Mesh006.obj" (took 10 ms)
2025-05-17 11:51:52 INFO  main [WavefrontOBJ] Loading geometry from "Mesh012.obj" ..
2025-05-17 11:51:52 INFO  main [WavefrontOBJ] Mesh012: 444 triangles, 882 vertices (merged 450 vertices).
2025-05-17 11:51:52 INFO  main [WavefrontOBJ] Done with "Mesh012.obj" (took 2 ms)
2025-05-17 11:51:52 INFO  main [WavefrontOBJ] Loading geometry from "Mesh013.obj" ..
2025-05-17 11:51:52 INFO  main [WavefrontOBJ] Mesh013: 5184 triangles, 2664 vertices (merged 12888 vertices).
2025-05-17 11:51:52 INFO  main [WavefrontOBJ] Done with "Mesh013.obj" (took 10 ms)
2025-05-17 11:51:52 INFO  main [WavefrontOBJ] Loading geometry from "Mesh010.obj" ..
2025-05-17 11:51:52 INFO  main [WavefrontOBJ] Mesh010: 32 triangles, 60 vertices (merged 36 vertices).
2025-05-17 11:51:52 INFO  main [WavefrontOBJ] Done with "Mesh010.obj" (took 0 ms)
2025-05-17 11:51:52 INFO  main [WavefrontOBJ] Loading geometry from "Mesh015.obj" ..
2025-05-17 11:51:52 INFO  main [WavefrontOBJ] Mesh015: 32 triangles, 60 vertices (merged 36 vertices).
2025-05-17 11:51:52 INFO  main [WavefrontOBJ] Done with "Mesh015.obj" (took 0 ms)
2025-05-17 11:51:52 INFO  main [WavefrontOBJ] Loading geometry from "Mesh002.obj" ..
2025-05-17 11:51:52 INFO  main [WavefrontOBJ] Mesh002: 32 triangles, 60 vertices (merged 36 vertices).
2025-05-17 11:51:52 INFO  main [WavefrontOBJ] Done with "Mesh002.obj" (took 0 ms)
2025-05-17 11:51:52 INFO  main [WavefrontOBJ] Loading geometry from "Mesh007.obj" ..
2025-05-17 11:51:52 INFO  main [WavefrontOBJ] Mesh007: 32 triangles, 60 vertices (merged 36 vertices).
2025-05-17 11:51:52 INFO  main [WavefrontOBJ] Done with "Mesh007.obj" (took 0 ms)
2025-05-17 11:51:52 INFO  main [WavefrontOBJ] Loading geometry from "Mesh005.obj" ..
2025-05-17 11:51:52 INFO  main [WavefrontOBJ] Mesh005: 12 triangles, 20 vertices (merged 16 vertices).
2025-05-17 11:51:52 INFO  main [WavefrontOBJ] Done with "Mesh005.obj" (took 0 ms)
2025-05-17 11:51:52 INFO  main [WavefrontOBJ] Loading geometry from "Mesh016.obj" ..
2025-05-17 11:51:52 INFO  main [WavefrontOBJ] Mesh016: 120 triangles, 204 vertices (merged 156 vertices).
2025-05-17 11:51:52 INFO  main [WavefrontOBJ] Done with "Mesh016.obj" (took 0 ms)
2025-05-17 11:51:52 INFO  main [WavefrontOBJ] Loading geometry from "Mesh017.obj" ..
2025-05-17 11:51:52 INFO  main [WavefrontOBJ] Mesh017: 20 triangles, 40 vertices (merged 20 vertices).
2025-05-17 11:51:52 INFO  main [WavefrontOBJ] Done with "Mesh017.obj" (took 0 ms)
2025-05-17 11:51:52 INFO  main [WavefrontOBJ] Loading geometry from "Mesh018.obj" ..
2025-05-17 11:51:52 INFO  main [WavefrontOBJ] Mesh018: 2 triangles, 4 vertices (merged 2 vertices).
2025-05-17 11:51:52 INFO  main [WavefrontOBJ] Done with "Mesh018.obj" (took 0 ms)
2025-05-17 11:51:52 INFO  main [WavefrontOBJ] Loading geometry from "Mesh011.obj" ..
2025-05-17 11:51:52 INFO  main [WavefrontOBJ] Mesh011: 32 triangles, 30 vertices (merged 66 vertices).
2025-05-17 11:51:52 INFO  main [WavefrontOBJ] Done with "Mesh011.obj" (took 0 ms)
2025-05-17 11:51:52 INFO  main [PluginManager] Loading plugin "plugins/homogeneous.so" ..
2025-05-17 11:51:52 INFO  main [PluginManager] Loading plugin "plugins/isotropic.so" ..
2025-05-17 11:51:52 INFO  main [WavefrontOBJ] Loading geometry from "Mesh014.obj" ..
2025-05-17 11:51:52 INFO  main [WavefrontOBJ] Mesh014: 36 triangles, 72 vertices (merged 36 vertices).
2025-05-17 11:51:52 INFO  main [WavefrontOBJ] Done with "Mesh014.obj" (took 0 ms)
2025-05-17 11:51:52 INFO  main [WavefrontOBJ] Loading geometry from "Mesh001.obj" ..
2025-05-17 11:51:52 INFO  main [WavefrontOBJ] Mesh001: 924 triangles, 2016 vertices (merged 756 vertices).
2025-05-17 11:51:52 INFO  main [WavefrontOBJ] Done with "Mesh001.obj" (took 5 ms)
2025-05-17 11:51:52 INFO  main [WavefrontOBJ] Loading geometry from "Mesh000.obj" ..
2025-05-17 11:51:52 INFO  main [WavefrontOBJ] Mesh000: 3127 triangles, 2075 vertices (merged 7306 vertices).
2025-05-17 11:51:52 INFO  main [WavefrontOBJ] Done with "Mesh000.obj" (took 11 ms)
2025-05-17 11:51:52 INFO  main [WavefrontOBJ] Loading geometry from "Mesh009.obj" ..
2025-05-17 11:51:52 INFO  main [WavefrontOBJ] Mesh009: 146 triangles, 110 vertices (merged 328 vertices).
2025-05-17 11:51:52 INFO  main [WavefrontOBJ] Done with "Mesh009.obj" (took 0 ms)
2025-05-17 11:51:52 INFO  ren0 [KDTreeBase] Constructing a SAH kd-tree (30963 primitives) ..
2025-05-17 11:51:52 INFO  ren0 [KDTreeBase] Finished -- took 106 ms.
2025-05-17 11:51:52 INFO  ren0 [octree.h:535] root weight: 8.000e-20 (0.000000)
2025-05-17 11:51:52 INFO  ren0 [octree.h:536] splitting threshold: 8.000e-23 (0.000000)
2025-05-17 11:51:52 INFO  ren0 [octree.h:551] node count: 1 -> 585 -> 585

2025-05-17 11:51:52 INFO  ren0 [octree.h:535] root weight: 4.096e-17 (0.000000)
2025-05-17 11:51:52 INFO  ren0 [octree.h:536] splitting threshold: 4.096e-20 (0.000000)
2025-05-17 11:51:52 INFO  ren0 [octree.h:551] node count: 585 -> 585 -> 585

2025-05-17 11:51:52 INFO  ren0 [octree.h:535] root weight: 8.000e-20 (0.000000)
2025-05-17 11:51:52 INFO  ren0 [octree.h:536] splitting threshold: 8.000e-23 (0.000000)
2025-05-17 11:51:52 INFO  ren0 [octree.h:551] node count: 1 -> 585 -> 585

2025-05-17 11:51:52 INFO  ren0 [octree.h:535] root weight: 8.000e-20 (0.000000)
2025-05-17 11:51:52 INFO  ren0 [octree.h:536] splitting threshold: 8.000e-23 (0.000000)
2025-05-17 11:51:52 INFO  ren0 [octree.h:551] node count: 1 -> 585 -> 585

2025-05-17 11:51:52 INFO  ren0 [octree.h:535] root weight: 4.096e-17 (0.000000)
2025-05-17 11:51:52 INFO  ren0 [octree.h:536] splitting threshold: 4.096e-20 (0.000000)
2025-05-17 11:51:52 INFO  ren0 [octree.h:551] node count: 585 -> 585 -> 585

2025-05-17 11:51:52 INFO  ren0 [octree.h:535] root weight: 8.000e-20 (0.000000)
2025-05-17 11:51:52 INFO  ren0 [octree.h:536] splitting threshold: 8.000e-23 (0.000000)
2025-05-17 11:51:52 INFO  ren0 [octree.h:551] node count: 1 -> 585 -> 585

2025-05-17 11:51:52 INFO  ren0 [MIFocalGuidingPathTracer] AABB3[min=[-21.7494, -3.70393, -3.09172], max=[7.19249, 11.2965, 6.96201]]
2025-05-17 11:51:52 INFO  ren0 [MIFocalGuidingPathTracer] Starting render job (1280x720, 12 cores, SSE2 enabled) ..
2025-05-17 11:51:52 INFO  ren0 [MIFocalGuidingPathTracer] ITERATION 0, until 10.0 seconds
2025-05-17 11:52:03 INFO  ren0 [MIFocalGuidingPathTracer]   11.20 seconds elapsed, passes this iteration: 6, total passes: 6
2025-05-17 11:52:03 INFO  ren0 [MIFocalGuidingPathTracer] Got 123644 non-zero samples
2025-05-17 11:52:03 INFO  ren0 [gaussian_mixture_model.h:808] Processing mega batch of size 123644
2025-05-17 11:52:03 INFO  ren0 [gaussian_mixture_model.h:547] KMeans
2025-05-17 11:52:04 INFO  ren0 [MIFocalGuidingPathTracer] GMM[
weight = 0.0133279 mean = [1.8459 -0.917727 -1.02177] covariance = [[2.55813 0.168275 0.1252][0.168275 2.54141 -0.890507][0.1252 -0.890507 2.64226]]
weight = 0.0133279 mean = [4.06966 -0.588645 -0.625185] covariance = [[2.55813 0.168275 0.1252][0.168275 2.54141 -0.890507][0.1252 -0.890507 2.64226]]
weight = 0.13986 mean = [-2.61476 4.29982 -2.42056] covariance = [[4.23341 -1.51212 -0.111735][-1.51212 1.66943 0.298962][-0.111735 0.298962 1.19435]]
weight = 0.0427599 mean = [-8.38604 2.90182 -0.334498] covariance = [[10.728 -1.18718 -1.13467][-1.18718 4.94409 1.03354][-1.13467 1.03354 3.61406]]
weight = 0.205808 mean = [3.04119 2.77365 2.08268] covariance = [[9.54679 -0.488506 2.89501][-0.488506 3.92728 -0.175218][2.89501 -0.175218 6.29554]]
weight = 0.540087 mean = [2.27836 1.59051 -2.75066] covariance = [[1.9892 -0.407027 0.259236][-0.407027 0.818448 0.15384][0.259236 0.15384 0.315143]]
weight = 0.00878103 mean = [-10.5798 6.82862 2.90409] covariance = [[27.5384 1.18102 1.98279][1.18102 4.94951 -1.57316][1.98279 -1.57316 5.45618]]
weight = 0.0286391 mean = [3.63077 6.71983 -0.643609] covariance = [[5.76217 -2.15702 -2.68939][-2.15702 5.34943 0.911017][-2.68939 0.911017 4.86373]]
weight = 0.00740948 mean = [-8.14892 -0.557098 3.27294] covariance = [[23.7358 -4.16662 0.0376026][-4.16662 4.03768 -0.235909][0.0376026 -0.235909 3.04423]]
]
2025-05-17 11:52:04 INFO  ren0 [octree.h:535] root weight: 3.054e+06 (3053873.000000)
2025-05-17 11:52:04 INFO  ren0 [octree.h:536] splitting threshold: 3.054e+03 (3053.873047)
2025-05-17 11:52:04 INFO  ren0 [octree.h:535] root weight: 3.205e+05 (320456.375000)
2025-05-17 11:52:04 INFO  ren0 [octree.h:536] splitting threshold: 3.205e+02 (320.456390)
2025-05-17 11:52:04 INFO  ren0 [octree.h:551] node count: 585 -> 880 -> 695

2025-05-17 11:52:04 INFO  ren0 [octree.h:551] node count: 585 -> 603 -> 447

2025-05-17 11:52:04 INFO  ren0 [MIFocalGuidingPathTracer] ITERATION 1, until 20.0 seconds
2025-05-17 11:52:22 INFO  ren0 [MIFocalGuidingPathTracer]   29.70 seconds elapsed, passes this iteration: 1, total passes: 7
2025-05-17 11:52:22 INFO  ren0 [MIFocalGuidingPathTracer] Got 69829 non-zero samples
2025-05-17 11:52:22 INFO  ren0 [gaussian_mixture_model.h:808] Processing mega batch of size 69829
2025-05-17 11:52:22 INFO  ren0 [MIFocalGuidingPathTracer] GMM[
weight = 0.00283529 mean = [2.25718 -0.00426517 -0.906272] covariance = [[2.31514 0.481572 -0.161516][0.481572 1.59352 -0.546163][-0.161516 -0.546163 1.44591]]
weight = 0.0116467 mean = [4.01193 -0.331891 -0.588528] covariance = [[4.5129 0.245084 0.574485][0.245084 2.52736 -0.431271][0.574485 -0.431271 2.11961]]
weight = 0.00283529 mean = [0.413473 -1.19056 -0.147038] covariance = [[2.31514 0.481572 -0.161516][0.481572 1.59352 -0.546163][-0.161516 -0.546163 1.44591]]
weight = 0.407628 mean = [-6.26815 4.20715 -1.60738] covariance = [[5.23501 0.435261 0.935804][0.435261 1.29547 0.225498][0.935804 0.225498 3.2114]]
weight = 0.229992 mean = [1.9574 3.43758 2.53633] covariance = [[16.4126 -2.58472 3.34049][-2.58472 3.43177 0.193344][3.34049 0.193344 5.93761]]
weight = 0.292854 mean = [2.24395 1.46468 -2.79316] covariance = [[1.53496 -0.474069 0.140867][-0.474069 0.617554 0.0776479][0.140867 0.0776479 0.199637]]
weight = 0.0224204 mean = [-5.76953 5.72463 2.75906] covariance = [[14.2568 -1.3988 0.223151][-1.3988 1.63666 0.391446][0.223151 0.391446 2.21587]]
weight = 0.022449 mean = [3.42366 5.79531 -0.797667] covariance = [[4.09324 -1.16506 -1.99881][-1.16506 3.62911 1.28578][-1.99881 1.28578 4.97777]]
weight = 0.0073398 mean = [-6.44708 -0.11226 2.49097] covariance = [[12.9853 -2.91147 -0.51594][-2.91147 3.63765 0.04399][-0.51594 0.04399 2.11779]]
]
2025-05-17 11:52:22 INFO  ren0 [octree.h:535] root weight: 3.022e+06 (3021871.000000)
2025-05-17 11:52:22 INFO  ren0 [octree.h:536] splitting threshold: 3.022e+03 (3021.871094)
2025-05-17 11:52:22 INFO  ren0 [octree.h:535] root weight: 2.289e+05 (228882.062500)
2025-05-17 11:52:22 INFO  ren0 [octree.h:536] splitting threshold: 2.289e+02 (228.882080)
2025-05-17 11:52:22 INFO  ren0 [octree.h:551] node count: 695 -> 865 -> 741

2025-05-17 11:52:22 INFO  ren0 [octree.h:551] node count: 447 -> 454 -> 442

2025-05-17 11:52:22 INFO  ren0 [MIFocalGuidingPathTracer] ITERATION 2, until 30.0 seconds
2025-05-17 11:52:40 INFO  ren0 [MIFocalGuidingPathTracer]   47.60 seconds elapsed, passes this iteration: 1, total passes: 8
2025-05-17 11:52:40 INFO  ren0 [MIFocalGuidingPathTracer] Got 37396 non-zero samples
2025-05-17 11:52:40 INFO  ren0 [gaussian_mixture_model.h:808] Processing mega batch of size 37396
2025-05-17 11:52:40 INFO  ren0 [MIFocalGuidingPathTracer] GMM[
weight = 0.00283316 mean = [2.93642 0.698996 -1.0042] covariance = [[2.00548 0.307332 0.0843558][0.307332 1.59897 -0.462519][0.0843558 -0.462519 1.39923]]
weight = 0.00283316 mean = [1.3091 -0.521817 -0.476212] covariance = [[2.00548 0.307332 0.0843558][0.307332 1.59897 -0.462519][0.0843558 -0.462519 1.39923]]
weight = 0.0228385 mean = [3.672 -0.0232182 -0.437101] covariance = [[4.84334 0.947338 0.565043][0.947338 3.19962 -0.597943][0.565043 -0.597943 2.24765]]
weight = 0.163167 mean = [-5.5304 3.99815 -1.22109] covariance = [[8.40492 1.11925 0.623002][1.11925 1.54938 0.43007][0.623002 0.43007 3.58269]]
weight = 0.396684 mean = [3.29658 3.28529 2.40039] covariance = [[10.5123 -1.59896 3.22858][-1.59896 3.09894 0.117988][3.22858 0.117988 5.92722]]
weight = 0.335542 mean = [1.89096 1.644 -2.80431] covariance = [[1.87866 -0.796751 0.105567][-0.796751 0.711209 0.0546922][0.105567 0.0546922 0.152784]]
weight = 0.0158468 mean = [-5.41904 5.79552 2.65937] covariance = [[24.1564 -2.96079 -0.265807][-2.96079 2.16439 0.789019][-0.265807 0.789019 2.5587]]
weight = 0.046308 mean = [3.89276 5.58358 -0.627019] covariance = [[3.55647 -0.559892 -1.52033][-0.559892 4.92224 1.39666][-1.52033 1.39666 3.83269]]
weight = 0.013947 mean = [-8.11274 -0.22317 1.90426] covariance = [[18.5337 -0.770639 -1.80657][-0.770639 1.90015 -0.608051][-1.80657 -0.608051 3.54214]]
]
2025-05-17 11:52:40 INFO  ren0 [octree.h:535] root weight: 2.272e+06 (2271866.750000)
2025-05-17 11:52:40 INFO  ren0 [octree.h:536] splitting threshold: 2.272e+03 (2271.866943)
2025-05-17 11:52:40 INFO  ren0 [octree.h:535] root weight: 1.761e+05 (176067.843750)
2025-05-17 11:52:40 INFO  ren0 [octree.h:536] splitting threshold: 1.761e+02 (176.067856)
2025-05-17 11:52:40 INFO  ren0 [octree.h:551] node count: 741 -> 853 -> 784

2025-05-17 11:52:40 INFO  ren0 [octree.h:551] node count: 442 -> 449 -> 433

2025-05-17 11:52:40 INFO  ren0 [MIFocalGuidingPathTracer] ITERATION 3, until 40.0 seconds
2025-05-17 11:53:00 INFO  ren0 [MIFocalGuidingPathTracer]   67.47 seconds elapsed, passes this iteration: 1, total passes: 9
2025-05-17 11:53:00 INFO  ren0 [MIFocalGuidingPathTracer] Got 64063 non-zero samples
2025-05-17 11:53:00 INFO  ren0 [gaussian_mixture_model.h:808] Processing mega batch of size 64063
2025-05-17 11:53:00 INFO  ren0 [MIFocalGuidingPathTracer] GMM[
weight = 0.00261787 mean = [3.35505 1.23503 -1.19358] covariance = [[1.57799 0.165352 0.0379511][0.165352 1.30747 -0.324397][0.0379511 -0.324397 1.14953]]
weight = 0.00261787 mean = [1.95833 0.170004 -0.65176] covariance = [[1.57799 0.165352 0.0379511][0.165352 1.30747 -0.324397][0.0379511 -0.324397 1.14953]]
weight = 0.0255832 mean = [3.40218 0.33192 -0.53248] covariance = [[6.04875 1.69484 -0.546401][1.69484 3.27089 -0.979011][-0.546401 -0.979011 2.5197]]
weight = 0.121666 mean = [-4.56885 4.15419 -1.58485] covariance = [[7.83832 0.608158 -0.2775][0.608158 1.47617 0.0487146][-0.2775 0.0487146 3.09192]]
weight = 0.393808 mean = [2.96958 3.08484 1.72782] covariance = [[8.35581 -1.20544 2.65662][-1.20544 3.08313 0.0963957][2.65662 0.0963957 5.58628]]
weight = 0.37665 mean = [1.89209 1.61966 -2.83868] covariance = [[2.28991 -1.13307 0.058678][-1.13307 0.822228 0.0299144][0.058678 0.0299144 0.10369]]
weight = 0.0105624 mean = [-5.08893 5.93045 2.50806] covariance = [[28.962 -4.82936 0.0560061][-4.82936 3.31605 0.366999][0.0560061 0.366999 3.50442]]
weight = 0.0493839 mean = [4.1782 4.78358 -0.81942] covariance = [[3.8494 -0.782414 -1.0725][-0.782414 4.70419 1.27937][-1.0725 1.27937 3.05533]]
weight = 0.0171104 mean = [-6.23572 -0.752412 1.97233] covariance = [[23.9414 -2.65402 -2.01544][-2.65402 2.37384 -0.347059][-2.01544 -0.347059 5.00449]]
]
2025-05-17 11:53:00 INFO  ren0 [octree.h:535] root weight: 1.636e+06 (1636007.125000)
2025-05-17 11:53:00 INFO  ren0 [octree.h:536] splitting threshold: 1.636e+03 (1636.007202)
2025-05-17 11:53:00 INFO  ren0 [octree.h:535] root weight: 1.362e+05 (136248.234375)
2025-05-17 11:53:00 INFO  ren0 [octree.h:536] splitting threshold: 1.362e+02 (136.248245)
2025-05-17 11:53:00 INFO  ren0 [octree.h:551] node count: 784 -> 868 -> 808

2025-05-17 11:53:00 INFO  ren0 [octree.h:551] node count: 433 -> 444 -> 438

2025-05-17 11:53:00 INFO  ren0 [MIFocalGuidingPathTracer] ITERATION 4, until 50.0 seconds
2025-05-17 11:53:22 INFO  ren0 [MIFocalGuidingPathTracer]   89.84 seconds elapsed, passes this iteration: 1, total passes: 10
2025-05-17 11:53:22 INFO  ren0 [MIFocalGuidingPathTracer] Got 113239 non-zero samples
2025-05-17 11:53:22 INFO  ren0 [gaussian_mixture_model.h:808] Processing mega batch of size 113239
2025-05-17 11:53:22 INFO  ren0 [MIFocalGuidingPathTracer] GMM[
weight = 0.00156602 mean = [3.90119 1.57542 -1.5044] covariance = [[1.31669 -0.084715 0.0516244][-0.084715 1.28931 -0.316348][0.0516244 -0.316348 0.805749]]
weight = 0.00156602 mean = [2.5037 0.88793 -1.18674] covariance = [[1.31669 -0.084715 0.0516244][-0.084715 1.28931 -0.316348][0.0516244 -0.316348 0.805749]]
weight = 0.0303351 mean = [3.25129 0.244765 -0.873386] covariance = [[6.03894 1.68079 -0.014166][1.68079 4.19363 -1.15059][-0.014166 -1.15059 2.06775]]
weight = 0.189943 mean = [-6.13935 4.00894 -1.26727] covariance = [[9.26499 1.85052 -1.96277][1.85052 2.51201 -0.35958][-1.96277 -0.35958 3.41625]]
weight = 0.297571 mean = [2.86961 2.95547 1.51851] covariance = [[8.6557 -1.06862 3.58181][-1.06862 3.88885 0.76948][3.58181 0.76948 7.4481]]
weight = 0.328963 mean = [0.709038 2.20692 -2.91432] covariance = [[4.89986 -2.72941 0.109985][-2.72941 1.63651 -0.0458967][0.109985 -0.0458967 0.0427981]]
weight = 0.0194498 mean = [-7.39832 5.70442 2.27615] covariance = [[23.3694 0.692854 -0.890281][0.692854 5.26771 -1.67862][-0.890281 -1.67862 3.97826]]
weight = 0.051013 mean = [4.46715 4.47792 -0.950998] covariance = [[4.69199 -2.44563 -1.42308][-2.44563 5.54203 2.1425][-1.42308 2.1425 2.42334]]
weight = 0.0795928 mean = [-9.56749 0.497964 1.3035] covariance = [[14.2481 -2.84815 -1.50147][-2.84815 1.80128 0.434295][-1.50147 0.434295 4.00887]]
]
2025-05-17 11:53:22 INFO  ren0 [octree.h:535] root weight: 1.799e+06 (1799059.000000)
2025-05-17 11:53:22 INFO  ren0 [octree.h:536] splitting threshold: 1.799e+03 (1799.059082)
2025-05-17 11:53:22 INFO  ren0 [octree.h:535] root weight: 1.798e+05 (179808.765625)
2025-05-17 11:53:22 INFO  ren0 [octree.h:536] splitting threshold: 1.798e+02 (179.808777)
2025-05-17 11:53:22 INFO  ren0 [octree.h:551] node count: 808 -> 942 -> 783

2025-05-17 11:53:22 INFO  ren0 [octree.h:551] node count: 438 -> 453 -> 444

2025-05-17 11:53:22 INFO  ren0 [MIFocalGuidingPathTracer] ITERATION 5, until 60.0 seconds
2025-05-17 11:53:41 INFO  ren0 [MIFocalGuidingPathTracer]   108.68 seconds elapsed, passes this iteration: 1, total passes: 11
2025-05-17 11:53:41 INFO  ren0 [MIFocalGuidingPathTracer] Got 110098 non-zero samples
2025-05-17 11:53:41 INFO  ren0 [gaussian_mixture_model.h:808] Processing mega batch of size 110098
2025-05-17 11:53:41 INFO  ren0 [MIFocalGuidingPathTracer] GMM[
weight = 0.00164093 mean = [4.42293 1.24165 -1.67201] covariance = [[0.810506 0.122722 -0.0816736][0.122722 1.02162 -0.300323][-0.0816736 -0.300323 0.66772]]
weight = 0.00164093 mean = [3.25582 1.60824 -1.83063] covariance = [[0.810506 0.122722 -0.0816736][0.122722 1.02162 -0.300323][-0.0816736 -0.300323 0.66772]]
weight = 0.000883551 mean = [3.07562 1.57849 -1.97704] covariance = [[0.567229 -0.0507259 -0.051518][-0.0507259 0.858915 -0.251681][-0.051518 -0.251681 0.544411]]
weight = 0.134987 mean = [-5.44469 4.6607 -1.15472] covariance = [[6.73034 1.09102 -1.19876][1.09102 2.10689 -0.343245][-1.19876 -0.343245 3.17901]]
weight = 0.277868 mean = [2.66293 2.71656 1.08334] covariance = [[6.35502 -1.43507 2.024][-1.43507 4.45392 0.385975][2.024 0.385975 6.51559]]
weight = 0.429068 mean = [0.184367 2.50093 -2.94617] covariance = [[9.02745 -5.34976 0.0497209][-5.34976 3.20975 -0.0261521][0.0497209 -0.0261521 0.0155534]]
weight = 0.0237272 mean = [-6.48356 6.36211 2.71842] covariance = [[20.1167 1.29139 -1.13194][1.29139 4.46701 -0.751585][-1.13194 -0.751585 6.59199]]
weight = 0.103559 mean = [4.42488 2.19645 -1.31134] covariance = [[3.92133 0.447414 -0.565438][0.447414 5.6059 -0.143913][-0.565438 -0.143913 1.81111]]
weight = 0.0266255 mean = [-9.00202 0.323769 0.899188] covariance = [[24.3486 -3.92866 1.08256][-3.92866 2.51861 -0.300319][1.08256 -0.300319 5.6734]]
]
2025-05-17 11:53:41 INFO  ren0 [octree.h:535] root weight: 1.457e+06 (1456773.000000)
2025-05-17 11:53:41 INFO  ren0 [octree.h:536] splitting threshold: 1.457e+03 (1456.773071)
2025-05-17 11:53:41 INFO  ren0 [octree.h:535] root weight: 1.621e+05 (162063.843750)
2025-05-17 11:53:41 INFO  ren0 [octree.h:536] splitting threshold: 1.621e+02 (162.063858)
2025-05-17 11:53:41 INFO  ren0 [octree.h:551] node count: 783 -> 888 -> 795

2025-05-17 11:53:41 INFO  ren0 [octree.h:551] node count: 444 -> 459 -> 454

2025-05-17 11:53:41 INFO  ren0 [MIFocalGuidingPathTracer] ITERATION 6, until 70.0 seconds
2025-05-17 11:54:03 INFO  ren0 [MIFocalGuidingPathTracer]   130.70 seconds elapsed, passes this iteration: 1, total passes: 12
2025-05-17 11:54:03 INFO  ren0 [MIFocalGuidingPathTracer] Got 331055 non-zero samples
2025-05-17 11:54:03 INFO  ren0 [gaussian_mixture_model.h:808] Processing mega batch of size 331055
2025-05-17 11:54:04 INFO  ren0 [MIFocalGuidingPathTracer] GMM[
weight = 0.000857558 mean = [7.02782 0.780165 -2.16728] covariance = [[0.505987 0.0441055 -0.112435][0.0441055 0.33925 -0.143099][-0.112435 -0.143099 0.194055]]
weight = 0.000857558 mean = [6.58524 1.46221 -2.44191] covariance = [[0.505987 0.0441055 -0.112435][0.0441055 0.33925 -0.143099][-0.112435 -0.143099 0.194055]]
weight = 0.000439897 mean = [6.67174 1.30641 -2.35283] covariance = [[0.655273 -0.119833 -0.0794317][-0.119833 0.453068 -0.166659][-0.0794317 -0.166659 0.179717]]
weight = 0.0211088 mean = [2.66939 1.49405 -2.60201] covariance = [[0.272263 0.0849154 -0.0540516][0.0849154 0.722641 -0.131746][-0.0540516 -0.131746 0.126722]]
weight = 0.241189 mean = [2.58432 2.69421 0.70526] covariance = [[5.93898 -0.221681 2.12533][-0.221681 4.46962 0.826201][2.12533 0.826201 5.31509]]
weight = 0.350402 mean = [1.05635 1.98695 -2.97814] covariance = [[3.08601 -1.83383 0.00592224][-1.83383 1.09986 -0.00374203][0.00592224 -0.00374203 0.00101255]]
weight = 0.109103 mean = [-5.91245 5.26 0.496732] covariance = [[9.0931 1.42189 -1.57462][1.42189 3.86264 -0.292235][-1.57462 -0.292235 5.61552]]
weight = 0.170915 mean = [5.87985 1.49347 -1.95121] covariance = [[2.85406 -1.19542 0.00471469][-1.19542 3.57978 -0.0740789][0.00471469 -0.0740789 0.597282]]
weight = 0.105127 mean = [-10.9907 1.01558 -0.106722] covariance = [[43.3835 -5.58949 10.094][-5.58949 1.49575 -1.68329][10.094 -1.68329 3.94387]]
]
2025-05-17 11:54:04 INFO  ren0 [octree.h:535] root weight: 1.461e+06 (1461472.625000)
2025-05-17 11:54:04 INFO  ren0 [octree.h:536] splitting threshold: 1.461e+03 (1461.472656)
2025-05-17 11:54:04 INFO  ren0 [octree.h:535] root weight: 1.625e+05 (162521.156250)
2025-05-17 11:54:04 INFO  ren0 [octree.h:536] splitting threshold: 1.625e+02 (162.521164)
2025-05-17 11:54:04 INFO  ren0 [octree.h:551] node count: 795 -> 939 -> 818

2025-05-17 11:54:04 INFO  ren0 [octree.h:551] node count: 454 -> 463 -> 447

2025-05-17 11:54:04 INFO  ren0 [MIFocalGuidingPathTracer] ITERATION 7, until 80.0 seconds
2025-05-17 11:54:27 INFO  ren0 [MIFocalGuidingPathTracer]   154.95 seconds elapsed, passes this iteration: 1, total passes: 13
2025-05-17 11:54:27 INFO  ren0 [MIFocalGuidingPathTracer] Got 719192 non-zero samples
2025-05-17 11:54:27 INFO  ren0 [gaussian_mixture_model.h:808] Processing mega batch of size 719192
2025-05-17 11:54:28 INFO  ren0 [MIFocalGuidingPathTracer] GMM[
weight = 4.42915e-05 mean = [6.77854 0.505692 -1.61809] covariance = [[0.0977456 0.000514488 -0.0132558][0.000514488 0.14788 0.000642076][-0.0132558 0.000642076 0.0876097]]
weight = 0.0906607 mean = [2.53888 1.10825 -2.98589] covariance = [[0.000857717 -2.76689e-06 -1.49261e-05][-2.76689e-06 0.000698876 7.53718e-05][-1.49261e-05 7.53718e-05 9.12628e-05]]
weight = 0.0346476 mean = [2.56028 1.02193 -2.94066] covariance = [[0.0291307 -0.00596527 -0.00150286][-0.00596527 0.0204693 -0.00226688][-0.00150286 -0.00226688 0.00855382]]
weight = 0.0906607 mean = [2.58004 1.1071 -2.98681] covariance = [[0.000857717 -2.76689e-06 -1.49261e-05][-2.76689e-06 0.000698876 7.53718e-05][-1.49261e-05 7.53718e-05 9.12628e-05]]
weight = 8.55056e-05 mean = [6.83993 0.63348 -1.7877] covariance = [[0.0561328 -0.00699101 0.0113813][-0.00699101 0.0971251 0.0327593][0.0113813 0.0327593 0.0618614]]
weight = 0.11353 mean = [-2.20304 3.92865 -2.9913] covariance = [[0.590236 -0.347697 0.000789682][-0.347697 0.204881 -0.000466977][0.000789682 -0.000466977 1.4877e-05]]
weight = 0.000394103 mean = [6.56069 1.11012 -2.18975] covariance = [[0.191757 -0.0341997 0.0130695][-0.0341997 0.175095 0.0261564][0.0130695 0.0261564 0.231387]]
weight = 0.414138 mean = [1.15038 3.09643 -1.21717] covariance = [[9.95482 -1.75874 4.05174][-1.75874 2.84763 -0.521136][4.05174 -0.521136 5.32016]]
weight = 0.255839 mean = [-3.90405 3.3877 -1.2544] covariance = [[6.96093 2.17389 -4.65706][2.17389 3.75734 -1.68778][-4.65706 -1.68778 5.64247]]
]
2025-05-17 11:54:28 INFO  ren0 [octree.h:535] root weight: 1.570e+06 (1570495.875000)
2025-05-17 11:54:28 INFO  ren0 [octree.h:536] splitting threshold: 1.570e+03 (1570.495972)
2025-05-17 11:54:28 INFO  ren0 [octree.h:535] root weight: 1.882e+05 (188158.875000)
2025-05-17 11:54:28 INFO  ren0 [octree.h:536] splitting threshold: 1.882e+02 (188.158890)
2025-05-17 11:54:28 INFO  ren0 [octree.h:551] node count: 818 -> 959 -> 787

2025-05-17 11:54:28 INFO  ren0 [octree.h:551] node count: 447 -> 466 -> 461

2025-05-17 11:54:28 INFO  ren0 [MIFocalGuidingPathTracer] ITERATION 8, until 90.0 seconds
2025-05-17 11:54:51 INFO  ren0 [MIFocalGuidingPathTracer]   178.90 seconds elapsed, passes this iteration: 1, total passes: 14
2025-05-17 11:54:51 INFO  ren0 [MIFocalGuidingPathTracer] Got 3202771 non-zero samples
2025-05-17 11:54:51 INFO  ren0 [gaussian_mixture_model.h:808] Processing mega batch of size 3202771
2025-05-17 11:54:55 INFO  ren0 [MIFocalGuidingPathTracer] GMM[
weight = 0.000111568 mean = [2.62561 1.03112 -2.93955] covariance = [[0.000163504 -3.80598e-05 0.000181038][-3.80598e-05 0.0003925 3.52227e-05][0.000181038 3.52227e-05 0.00024329]]
weight = 1.19604e-05 mean = [2.58367 1.09181 -2.99026] covariance = [[0.00108315 -0.000466295 0.00134318][-0.000466295 0.000714488 -0.000528151][0.00134318 -0.000528151 0.00168043]]
weight = 0.000111568 mean = [2.62333 1.00461 -2.94812] covariance = [[0.000163504 -3.80598e-05 0.000181038][-3.80598e-05 0.0003925 3.52227e-05][0.000181038 3.52227e-05 0.00024329]]
weight = 0.00590022 mean = [2.5272 1.06619 -2.95133] covariance = [[4.86776e-05 -5.66436e-07 6.16849e-05][-5.66436e-07 7.63422e-05 -2.13536e-05][6.16849e-05 -2.13536e-05 8.94893e-05]]
weight = 0.000137957 mean = [2.579 1.06309 -2.98899] covariance = [[0.000175458 0.000154257 0.000140469][0.000154257 0.00027983 0.000141651][0.000140469 0.000141651 0.000117662]]
weight = 0.0182124 mean = [-2.32725 3.98673 -2.98889] covariance = [[0.0010375 0.000162754 -0.000207879][0.000162754 0.00110473 -9.07339e-05][-0.000207879 -9.07339e-05 0.000118131]]
weight = 0.000251009 mean = [2.61677 1.03311 -2.95008] covariance = [[0.000136512 -0.000248719 9.43723e-05][-0.000248719 0.00139299 -2.91586e-05][9.43723e-05 -2.91586e-05 0.000110345]]
weight = 0.0744505 mean = [2.53704 1.1149 -2.98366] covariance = [[0.00250117 -5.29402e-05 -7.52738e-05][-5.29402e-05 0.00191246 -0.000107622][-7.52738e-05 -0.000107622 4.33842e-05]]
weight = 0.900813 mean = [0.32745 2.29917 0.0605453] covariance = [[21.1426 2.15651 -1.20938][2.15651 4.37974 -0.305509][-1.20938 -0.305509 6.55296]]
]
2025-05-17 11:54:55 INFO  ren0 [octree.h:535] root weight: 1.390e+06 (1390436.625000)
2025-05-17 11:54:55 INFO  ren0 [octree.h:536] splitting threshold: 1.390e+03 (1390.436646)
2025-05-17 11:54:55 INFO  ren0 [octree.h:535] root weight: 2.043e+05 (204349.125000)
2025-05-17 11:54:55 INFO  ren0 [octree.h:536] splitting threshold: 2.043e+02 (204.349136)
2025-05-17 11:54:55 INFO  ren0 [octree.h:551] node count: 787 -> 885 -> 786

2025-05-17 11:54:55 INFO  ren0 [octree.h:551] node count: 461 -> 478 -> 465

2025-05-17 11:54:55 INFO  ren0 [MIFocalGuidingPathTracer] ITERATION 9, until 100.0 seconds
2025-05-17 11:55:14 INFO  ren0 [MIFocalGuidingPathTracer]   202.26 seconds elapsed, passes this iteration: 1, total passes: 15
2025-05-17 11:55:14 INFO  ren0 [pmm_focal_guiding_recursive.cpp:214] starting iterative narrowing
2025-05-17 11:55:14 INFO  ren0 [MIFocalGuidingPathTracer] Got 1339149 non-zero samples
2025-05-17 11:55:14 INFO  ren0 [gaussian_mixture_model.h:808] Processing mega batch of size 1339149
2025-05-17 11:55:16 INFO  ren0 [MIFocalGuidingPathTracer] GMM[
weight = 0.0191122 mean = [2.56078 0.96993 -2.91068] covariance = [[0.0193737 -0.00197494 -0.00425101][-0.00197494 0.0204656 -0.00424301][-0.00425101 -0.00424301 0.00942092]]
weight = 0.0493336 mean = [2.57472 1.09293 -2.96763] covariance = [[0.0128542 -0.00122456 -0.000370696][-0.00122456 0.0103903 -0.00133309][-0.000370696 -0.00133309 0.00227704]]
weight = 0.00135673 mean = [2.46605 1.09014 -2.9805] covariance = [[0.000141727 4.77868e-06 4.20542e-05][4.77868e-06 0.000148737 -5.14541e-06][4.20542e-05 -5.14541e-06 2.67575e-05]]
weight = 0.00135673 mean = [2.48131 1.09633 -2.9758] covariance = [[0.000141727 4.77868e-06 4.20542e-05][4.77868e-06 0.000148737 -5.14541e-06][4.20542e-05 -5.14541e-06 2.67575e-05]]
weight = 0.08974 mean = [2.55277 1.11926 -2.98396] covariance = [[0.00180738 1.50002e-05 3.23606e-05][1.50002e-05 0.00150738 -8.7303e-05][3.23606e-05 -8.7303e-05 6.67103e-06]]
weight = 0.0050221 mean = [-2.35972 3.9302 -2.98857] covariance = [[1.9579e-05 -1.89166e-07 3.18887e-06][-1.89166e-07 9.77883e-05 -1.81655e-05][3.18887e-06 -1.81655e-05 1.96605e-05]]
weight = 0.00433964 mean = [2.5925 1.09822 -2.96699] covariance = [[2.91927e-05 2.3518e-05 2.15022e-05][2.3518e-05 0.000240326 1.6621e-05][2.15022e-05 1.6621e-05 3.27775e-05]]
weight = 0.0192784 mean = [2.53925 1.06827 -2.98993] covariance = [[0.000365497 0.000137455 2.96345e-05][0.000137455 0.000447685 1.70137e-05][2.96345e-05 1.70137e-05 1.75594e-05]]
weight = 0.810461 mean = [0.345688 2.68234 -0.657695] covariance = [[27.8724 2.83319 6.19512][2.83319 3.36865 1.83418][6.19512 1.83418 7.06052]]
]
2025-05-17 11:55:16 INFO  ren0 [octree.h:535] root weight: 1.431e+06 (1430732.125000)
2025-05-17 11:55:16 INFO  ren0 [octree.h:536] splitting threshold: 1.431e+03 (1430.732178)
2025-05-17 11:55:16 INFO  ren0 [octree.h:535] root weight: 1.556e+05 (155582.078125)
2025-05-17 11:55:16 INFO  ren0 [octree.h:536] splitting threshold: 1.556e+02 (155.582092)
2025-05-17 11:55:16 INFO  ren0 [octree.h:551] node count: 786 -> 896 -> 783

2025-05-17 11:55:16 INFO  ren0 [octree.h:551] node count: 465 -> 470 -> 457

2025-05-17 11:55:16 INFO  ren0 [MIFocalGuidingPathTracer] ITERATION 10, until 110.0 seconds
2025-05-17 11:55:38 INFO  ren0 [MIFocalGuidingPathTracer]   226.40 seconds elapsed, passes this iteration: 1, total passes: 16
2025-05-17 11:55:38 INFO  ren0 [MIFocalGuidingPathTracer] Got 2514341 non-zero samples
2025-05-17 11:55:39 INFO  ren0 [gaussian_mixture_model.h:808] Processing mega batch of size 2514341
2025-05-17 11:55:42 INFO  ren0 [MIFocalGuidingPathTracer] GMM[
weight = 0.000224038 mean = [5.56026 3.51803 -1.16564] covariance = [[1.09237 -0.490639 0.542564][-0.490639 0.950755 -0.374492][0.542564 -0.374492 0.557605]]
weight = 0.000308471 mean = [-4.73712 5.4342 -2.83689] covariance = [[0.0455373 -0.0208595 0.0375517][-0.0208595 0.00987194 -0.017345][0.0375517 -0.017345 0.0313031]]
weight = 0.000224038 mean = [4.23329 4.60447 -2.03724] covariance = [[1.09237 -0.490639 0.542564][-0.490639 0.950755 -0.374492][0.542564 -0.374492 0.557605]]
weight = 0.287792 mean = [-2.32649 3.92177 -2.98587] covariance = [[0.0872584 -0.0451506 0.00676632][-0.0451506 0.0259618 -0.0022355][0.00676632 -0.0022355 0.00417241]]
weight = 0.687668 mean = [0.155866 2.55108 -2.95677] covariance = [[0.00060893 0.000645196 0.000115413][0.000645196 0.0008712 0.000113074][0.000115413 0.000113074 4.47726e-05]]
weight = 0.000766047 mean = [3.0422 2.63505 1.08521] covariance = [[6.25499 0.143311 2.0362][0.143311 4.5452 0.503948][2.0362 0.503948 5.2995]]
weight = 0.0026815 mean = [2.57328 1.12949 -2.98374] covariance = [[0.00139099 8.20526e-05 -9.53831e-05][8.20526e-05 0.0010321 -0.000176319][-9.53831e-05 -0.000176319 0.000175633]]
weight = 0.0198359 mean = [-2.29154 3.96731 -2.97576] covariance = [[0.000252561 -0.000245137 -0.000207596][-0.000245137 0.000391374 0.000277983][-0.000207596 0.000277983 0.000230543]]
weight = 0.00050016 mean = [0.0636001 2.55615 -2.99] covariance = [[0.000342404 0.000368521 5.4908e-05][0.000368521 0.000420648 5.87909e-05][5.4908e-05 5.87909e-05 2.52577e-05]]
]
2025-05-17 11:55:42 INFO  ren0 [octree.h:535] root weight: 2.332e+07 (23315214.000000)
2025-05-17 11:55:42 INFO  ren0 [octree.h:536] splitting threshold: 2.332e+04 (23315.214844)
2025-05-17 11:55:42 INFO  ren0 [octree.h:535] root weight: 4.036e+04 (40358.011719)
2025-05-17 11:55:42 INFO  ren0 [octree.h:536] splitting threshold: 4.036e+01 (40.358013)
2025-05-17 11:55:42 INFO  ren0 [octree.h:551] node count: 783 -> 1243 -> 1091

2025-05-17 11:55:42 INFO  ren0 [octree.h:551] node count: 457 -> 457 -> 449

2025-05-17 11:55:42 INFO  ren0 [MIFocalGuidingPathTracer] ITERATION 11, until 120.0 seconds
2025-05-17 11:55:57 INFO  ren0 [MIFocalGuidingPathTracer]   244.84 seconds elapsed, passes this iteration: 1, total passes: 17
2025-05-17 11:55:57 INFO  ren0 [MIFocalGuidingPathTracer] Got 5065498 non-zero samples
2025-05-17 11:55:57 INFO  ren0 [gaussian_mixture_model.h:808] Processing mega batch of size 5065498
2025-05-17 11:56:08 INFO  ren0 [MIFocalGuidingPathTracer] GMM[
weight = 0.000252713 mean = [2.60103 1.07417 -2.97714] covariance = [[0.000283237 9.72988e-06 -5.67948e-05][9.72988e-06 0.000307125 2.2714e-05][-5.67948e-05 2.2714e-05 0.000153589]]
weight = 3.86588e-05 mean = [2.59033 1.09657 -2.94986] covariance = [[6.66237e-05 -5.68577e-05 1.38692e-05][-5.68577e-05 0.000312314 -0.000224877][1.38692e-05 -0.000224877 0.000228599]]
weight = 0.000204247 mean = [2.55215 1.05844 -2.9716] covariance = [[0.000770331 0.000255867 -1.54738e-05][0.000255867 0.000503919 0.000173711][-1.54738e-05 0.000173711 0.000113154]]
