2025-05-20 21:02:28 INFO  main [mitsuba.cpp:274] Mitsuba version 0.6.0 (Linux, 64 bit), Copyright (c) 2017 Wenzel Jakob
2025-05-20 21:02:28 INFO  main [mitsuba.cpp:377] Parsing scene description from "scene/dining-room/dining-room.xml" ..
2025-05-20 21:02:28 INFO  main [scenehandler.cpp:675] In file "/mitsuba/scene/dining-room/dining-room.xml" (near line 18): Parsing included file "pmm_focal_recursive.xml" ..
2025-05-20 21:02:28 INFO  main [PluginManager] Loading plugin "plugins/pmm_focal_recursive.so" ..
2025-05-20 21:02:28 INFO  main [octree.h:534] root weight: 8.000e-20 (0.000000)
2025-05-20 21:02:28 INFO  main [octree.h:535] splitting threshold: 8.000e-23 (0.000000)
2025-05-20 21:02:28 INFO  main [octree.h:550] node count: 1 -> 585 -> 585

2025-05-20 21:02:28 INFO  main [octree.h:534] root weight: 8.000e-20 (0.000000)
2025-05-20 21:02:28 INFO  main [octree.h:535] splitting threshold: 8.000e-23 (0.000000)
2025-05-20 21:02:28 INFO  main [octree.h:550] node count: 1 -> 585 -> 585

2025-05-20 21:02:28 INFO  main [MIFocalGuidingPathTracer] Final render will have 32 spp, m_budget will not be taken into account.
2025-05-20 21:02:28 INFO  main [MIFocalGuidingPathTracer] budget: 1800
2025-05-20 21:02:28 INFO  main [MIFocalGuidingPathTracer] dumpPrimaryRays: false
2025-05-20 21:02:28 INFO  main [MIFocalGuidingPathTracer] dumpScene: false
2025-05-20 21:02:28 INFO  main [MIFocalGuidingPathTracer] finalSpp: 32
2025-05-20 21:02:28 INFO  main [MIFocalGuidingPathTracer] gmm.alpha: 0.4
2025-05-20 21:02:28 INFO  main [MIFocalGuidingPathTracer] gmm.initMethod: Random
2025-05-20 21:02:28 INFO  main [MIFocalGuidingPathTracer] gmm.maxNumComp: 10
2025-05-20 21:02:28 INFO  main [MIFocalGuidingPathTracer] gmm.mergingThreshold: 0.65
2025-05-20 21:02:28 INFO  main [MIFocalGuidingPathTracer] gmm.minNumComp: 3
2025-05-20 21:02:28 INFO  main [MIFocalGuidingPathTracer] gmm.splittingThreshold: 100
2025-05-20 21:02:28 INFO  main [MIFocalGuidingPathTracer] iterationBudget: 10
2025-05-20 21:02:28 INFO  main [MIFocalGuidingPathTracer] iterationCount: 15
2025-05-20 21:02:28 INFO  main [MIFocalGuidingPathTracer] maxDepth: 40
2025-05-20 21:02:28 INFO  main [MIFocalGuidingPathTracer] minSamplesToStartFitting: 10
2025-05-20 21:02:28 INFO  main [MIFocalGuidingPathTracer] normalBinning: disabled
2025-05-20 21:02:28 INFO  main [MIFocalGuidingPathTracer] renderMaxSeconds: 36000
2025-05-20 21:02:28 INFO  main [MIFocalGuidingPathTracer] rrDepth: 14
2025-05-20 21:02:28 INFO  main [MIFocalGuidingPathTracer] samplingMode: 2
2025-05-20 21:02:28 INFO  main [MIFocalGuidingPathTracer] shouldPretrain: false
2025-05-20 21:02:28 INFO  main [MIFocalGuidingPathTracer] strictNormals: true
2025-05-20 21:02:28 INFO  main [MIFocalGuidingPathTracer] trainingSamples: 4
2025-05-20 21:02:28 INFO  main [MIFocalGuidingPathTracer] tree.threshold: 0.001
2025-05-20 21:02:28 INFO  main [MIFocalGuidingPathTracer] unboundedSplatting: true
2025-05-20 21:02:28 INFO  main [PluginManager] Loading plugin "plugins/independent.so" ..
2025-05-20 21:02:28 INFO  main [PluginManager] Loading plugin "plugins/box.so" ..
2025-05-20 21:02:28 INFO  main [PluginManager] Loading plugin "plugins/hdrfilm.so" ..
2025-05-20 21:02:28 INFO  main [PluginManager] Loading plugin "plugins/perspective.so" ..
2025-05-20 21:02:28 INFO  main [PluginManager] Loading plugin "plugins/roughplastic.so" ..
2025-05-20 21:02:28 INFO  main [PluginManager] Loading plugin "plugins/twosided.so" ..
2025-05-20 21:02:28 INFO  main [PluginManager] Loading plugin "plugins/roughconductor.so" ..
2025-05-20 21:02:28 INFO  main [spectrum.cpp:599] "Cu.eta.spd": loaded a spectral power distribution with 55 entries (between 302.400421 and 885.601257 nm)
2025-05-20 21:02:28 INFO  main [spectrum.cpp:599] "Cu.k.spd": loaded a spectral power distribution with 55 entries (between 302.400421 and 885.601257 nm)
2025-05-20 21:02:28 INFO  main [PluginManager] Loading plugin "plugins/diffuse.so" ..
2025-05-20 21:02:28 INFO  main [PluginManager] Loading plugin "plugins/bitmap.so" ..
2025-05-20 21:02:28 INFO  main [BitmapTexture] Loading texture "picture3.jpg"
2025-05-20 21:02:28 INFO  main [PluginManager] Loading plugin "plugins/lanczos.so" ..
2025-05-20 21:02:28 INFO  main [MIPMap] Generating MIP map cache file "/mitsuba/scene/dining-room/textures/picture3.mip" ..
2025-05-20 21:02:28 INFO  main [BitmapTexture] Loading texture "Tiles.jpg"
2025-05-20 21:02:28 INFO  main [spectrum.cpp:599] "Cu.eta.spd": loaded a spectral power distribution with 55 entries (between 302.400421 and 885.601257 nm)
2025-05-20 21:02:28 INFO  main [spectrum.cpp:599] "Cu.k.spd": loaded a spectral power distribution with 55 entries (between 302.400421 and 885.601257 nm)
2025-05-20 21:02:28 INFO  main [PluginManager] Loading plugin "plugins/conductor.so" ..
2025-05-20 21:02:28 INFO  main [spectrum.cpp:599] "Ir.eta.spd": loaded a spectral power distribution with 28 entries (between 302.389984 and 885.570984 nm)
2025-05-20 21:02:28 INFO  main [spectrum.cpp:599] "Ir.k.spd": loaded a spectral power distribution with 28 entries (between 302.389984 and 885.570984 nm)
2025-05-20 21:02:28 INFO  main [spectrum.cpp:599] "Cu.eta.spd": loaded a spectral power distribution with 55 entries (between 302.400421 and 885.601257 nm)
2025-05-20 21:02:28 INFO  main [spectrum.cpp:599] "Cu.k.spd": loaded a spectral power distribution with 55 entries (between 302.400421 and 885.601257 nm)
2025-05-20 21:02:28 INFO  main [BitmapTexture] Loading texture "Teacup.png"
2025-05-20 21:02:28 INFO  main [spectrum.cpp:599] "Cu.eta.spd": loaded a spectral power distribution with 55 entries (between 302.400421 and 885.601257 nm)
2025-05-20 21:02:28 INFO  main [spectrum.cpp:599] "Cu.k.spd": loaded a spectral power distribution with 55 entries (between 302.400421 and 885.601257 nm)
2025-05-20 21:02:28 INFO  main [PluginManager] Loading plugin "plugins/area.so" ..
2025-05-20 21:02:28 INFO  main [PluginManager] Loading plugin "plugins/disk.so" ..
2025-05-20 21:02:28 INFO  main [PluginManager] Loading plugin "plugins/ply.so" ..
2025-05-20 21:02:28 INFO  main [PLYLoader] Loading geometry from "parabol1.ply" ..
2025-05-20 21:02:28 INFO  main [PLYLoader] "parabol1": Loaded 25856 triangles, 13057 vertices (456.0 KiB in 3 ms).
2025-05-20 21:02:28 INFO  main [PLYLoader] Loading geometry from "parabol2.ply" ..
2025-05-20 21:02:28 INFO  main [PLYLoader] "parabol2": Loaded 25856 triangles, 13057 vertices (456.0 KiB in 2 ms).
2025-05-20 21:02:28 INFO  main [PluginManager] Loading plugin "plugins/obj.so" ..
2025-05-20 21:02:28 INFO  main [WavefrontOBJ] Loading geometry from "Mesh013.obj" ..
2025-05-20 21:02:28 INFO  main [WavefrontOBJ] Mesh013: 1056 triangles, 577 vertices (merged 2591 vertices).
2025-05-20 21:02:28 INFO  main [WavefrontOBJ] Done with "Mesh013.obj" (took 2 ms)
2025-05-20 21:02:28 INFO  main [WavefrontOBJ] Loading geometry from "Mesh016.obj" ..
2025-05-20 21:02:28 INFO  main [WavefrontOBJ] Mesh016: 384 triangles, 768 vertices (merged 384 vertices).
2025-05-20 21:02:28 INFO  main [WavefrontOBJ] Done with "Mesh016.obj" (took 2 ms)
2025-05-20 21:02:28 INFO  main [WavefrontOBJ] Loading geometry from "Mesh015.obj" ..
2025-05-20 21:02:28 INFO  main [WavefrontOBJ] Mesh015: 3136 triangles, 1680 vertices (merged 7728 vertices).
2025-05-20 21:02:28 INFO  main [WavefrontOBJ] Done with "Mesh015.obj" (took 6 ms)
2025-05-20 21:02:28 INFO  main [WavefrontOBJ] Loading geometry from "Mesh023.obj" ..
2025-05-20 21:02:28 INFO  main [WavefrontOBJ] Mesh023: 1056 triangles, 577 vertices (merged 2591 vertices).
2025-05-20 21:02:28 INFO  main [WavefrontOBJ] Done with "Mesh023.obj" (took 2 ms)
2025-05-20 21:02:28 INFO  main [WavefrontOBJ] Loading geometry from "Mesh020.obj" ..
2025-05-20 21:02:28 INFO  main [WavefrontOBJ] Mesh020: 384 triangles, 768 vertices (merged 384 vertices).
2025-05-20 21:02:28 INFO  main [WavefrontOBJ] Done with "Mesh020.obj" (took 1 ms)
2025-05-20 21:02:28 INFO  main [WavefrontOBJ] Loading geometry from "Mesh017.obj" ..
2025-05-20 21:02:28 INFO  main [WavefrontOBJ] Mesh017: 3136 triangles, 1680 vertices (merged 7728 vertices).
2025-05-20 21:02:28 INFO  main [WavefrontOBJ] Done with "Mesh017.obj" (took 6 ms)
2025-05-20 21:02:28 INFO  main [WavefrontOBJ] Loading geometry from "Mesh024.obj" ..
2025-05-20 21:02:28 INFO  main [WavefrontOBJ] Mesh024: 34 triangles, 68 vertices (merged 34 vertices).
2025-05-20 21:02:28 INFO  main [WavefrontOBJ] Done with "Mesh024.obj" (took 0 ms)
2025-05-20 21:02:28 INFO  main [WavefrontOBJ] Loading geometry from "Mesh041.obj" ..
2025-05-20 21:02:28 INFO  main [WavefrontOBJ] Mesh041: 8 triangles, 16 vertices (merged 8 vertices).
2025-05-20 21:02:28 INFO  main [WavefrontOBJ] Done with "Mesh041.obj" (took 0 ms)
2025-05-20 21:02:28 INFO  main [WavefrontOBJ] Loading geometry from "Mesh011.obj" ..
2025-05-20 21:02:28 INFO  main [WavefrontOBJ] Mesh011: 8992 triangles, 4544 vertices (merged 22432 vertices).
2025-05-20 21:02:28 INFO  main [WavefrontOBJ] Done with "Mesh011.obj" (took 19 ms)
2025-05-20 21:02:28 INFO  main [WavefrontOBJ] Loading geometry from "Mesh026.obj" ..
2025-05-20 21:02:28 INFO  main [WavefrontOBJ] Mesh026: 7624 triangles, 4070 vertices (merged 18802 vertices).
2025-05-20 21:02:28 INFO  main [WavefrontOBJ] Done with "Mesh026.obj" (took 16 ms)
2025-05-20 21:02:28 INFO  main [WavefrontOBJ] Loading geometry from "Mesh018.obj" ..
2025-05-20 21:02:28 INFO  main [WavefrontOBJ] Mesh018: 2016 triangles, 1260 vertices (merged 4788 vertices).
2025-05-20 21:02:28 INFO  main [WavefrontOBJ] Done with "Mesh018.obj" (took 4 ms)
2025-05-20 21:02:28 INFO  main [WavefrontOBJ] Loading geometry from "Mesh007.obj" ..
2025-05-20 21:02:28 INFO  main [WavefrontOBJ] Mesh007: 4352 triangles, 2178 vertices (merged 10878 vertices).
2025-05-20 21:02:28 INFO  main [WavefrontOBJ] Done with "Mesh007.obj" (took 9 ms)
2025-05-20 21:02:28 INFO  main [WavefrontOBJ] Loading geometry from "Mesh005.obj" ..
2025-05-20 21:02:28 INFO  main [WavefrontOBJ] Mesh005: 160 triangles, 144 vertices (merged 336 vertices).
2025-05-20 21:02:28 INFO  main [WavefrontOBJ] Done with "Mesh005.obj" (took 0 ms)
2025-05-20 21:02:28 INFO  main [WavefrontOBJ] Loading geometry from "Mesh019.obj" ..
2025-05-20 21:02:28 INFO  main [WavefrontOBJ] Mesh019: 560 triangles, 400 vertices (merged 1280 vertices).
2025-05-20 21:02:28 INFO  main [WavefrontOBJ] Done with "Mesh019.obj" (took 1 ms)
2025-05-20 21:02:28 INFO  main [WavefrontOBJ] Loading geometry from "Mesh021.obj" ..
2025-05-20 21:02:28 INFO  main [WavefrontOBJ] Mesh021: 720 triangles, 482 vertices (merged 1678 vertices).
2025-05-20 21:02:28 INFO  main [WavefrontOBJ] Done with "Mesh021.obj" (took 1 ms)
2025-05-20 21:02:28 INFO  main [WavefrontOBJ] Loading geometry from "Mesh037.obj" ..
2025-05-20 21:02:28 INFO  main [WavefrontOBJ] Mesh037: 7624 triangles, 4070 vertices (merged 18802 vertices).
2025-05-20 21:02:28 INFO  main [WavefrontOBJ] Done with "Mesh037.obj" (took 17 ms)
2025-05-20 21:02:28 INFO  main [WavefrontOBJ] Loading geometry from "Mesh004.obj" ..
2025-05-20 21:02:28 INFO  main [WavefrontOBJ] Mesh004: 2016 triangles, 1260 vertices (merged 4788 vertices).
2025-05-20 21:02:28 INFO  main [WavefrontOBJ] Done with "Mesh004.obj" (took 4 ms)
2025-05-20 21:02:28 INFO  main [WavefrontOBJ] Loading geometry from "Mesh014.obj" ..
2025-05-20 21:02:28 INFO  main [WavefrontOBJ] Mesh014: 160 triangles, 144 vertices (merged 336 vertices).
2025-05-20 21:02:28 INFO  main [WavefrontOBJ] Done with "Mesh014.obj" (took 0 ms)
2025-05-20 21:02:28 INFO  main [WavefrontOBJ] Loading geometry from "Mesh012.obj" ..
2025-05-20 21:02:28 INFO  main [WavefrontOBJ] Mesh012: 560 triangles, 400 vertices (merged 1280 vertices).
2025-05-20 21:02:28 INFO  main [WavefrontOBJ] Done with "Mesh012.obj" (took 1 ms)
2025-05-20 21:02:28 INFO  main [WavefrontOBJ] Loading geometry from "Mesh028.obj" ..
2025-05-20 21:02:28 INFO  main [WavefrontOBJ] Mesh028: 720 triangles, 482 vertices (merged 1678 vertices).
2025-05-20 21:02:28 INFO  main [WavefrontOBJ] Done with "Mesh028.obj" (took 1 ms)
2025-05-20 21:02:28 INFO  main [WavefrontOBJ] Loading geometry from "Mesh025.obj" ..
2025-05-20 21:02:28 INFO  main [WavefrontOBJ] Mesh025: 4352 triangles, 2178 vertices (merged 10878 vertices).
2025-05-20 21:02:28 INFO  main [WavefrontOBJ] Done with "Mesh025.obj" (took 9 ms)
2025-05-20 21:02:28 INFO  main [WavefrontOBJ] Loading geometry from "Mesh008.obj" ..
2025-05-20 21:02:28 INFO  main [WavefrontOBJ] Mesh008: 6320 triangles, 3270 vertices (merged 15690 vertices).
2025-05-20 21:02:28 INFO  main [WavefrontOBJ] Done with "Mesh008.obj" (took 13 ms)
2025-05-20 21:02:28 INFO  main [WavefrontOBJ] Loading geometry from "Mesh032.obj" ..
2025-05-20 21:02:28 INFO  main [WavefrontOBJ] Mesh032: 13248 triangles, 6686 vertices (merged 33058 vertices).
2025-05-20 21:02:28 INFO  main [WavefrontOBJ] Done with "Mesh032.obj" (took 28 ms)
2025-05-20 21:02:28 INFO  main [WavefrontOBJ] Loading geometry from "Mesh035.obj" ..
2025-05-20 21:02:28 INFO  main [WavefrontOBJ] Mesh035: 14480 triangles, 7404 vertices (merged 36036 vertices).
2025-05-20 21:02:28 INFO  main [WavefrontOBJ] Done with "Mesh035.obj" (took 31 ms)
2025-05-20 21:02:28 INFO  main [WavefrontOBJ] Loading geometry from "Mesh042.obj" ..
2025-05-20 21:02:28 INFO  main [WavefrontOBJ] Mesh042: 2320 triangles, 1492 vertices (merged 5468 vertices).
2025-05-20 21:02:28 INFO  main [WavefrontOBJ] Done with "Mesh042.obj" (took 5 ms)
2025-05-20 21:02:28 INFO  main [WavefrontOBJ] Loading geometry from "Mesh010.obj" ..
2025-05-20 21:02:28 INFO  main [WavefrontOBJ] Mesh010: 13248 triangles, 6686 vertices (merged 33058 vertices).
2025-05-20 21:02:28 INFO  main [WavefrontOBJ] Done with "Mesh010.obj" (took 28 ms)
2025-05-20 21:02:28 INFO  main [WavefrontOBJ] Loading geometry from "Mesh036.obj" ..
2025-05-20 21:02:28 INFO  main [WavefrontOBJ] Mesh036: 14480 triangles, 7404 vertices (merged 36036 vertices).
2025-05-20 21:02:28 INFO  main [WavefrontOBJ] Done with "Mesh036.obj" (took 31 ms)
2025-05-20 21:02:28 INFO  main [WavefrontOBJ] Loading geometry from "Mesh027.obj" ..
2025-05-20 21:02:28 INFO  main [WavefrontOBJ] Mesh027: 2320 triangles, 1492 vertices (merged 5468 vertices).
2025-05-20 21:02:28 INFO  main [WavefrontOBJ] Done with "Mesh027.obj" (took 5 ms)
2025-05-20 21:02:28 INFO  main [WavefrontOBJ] Loading geometry from "Mesh043.obj" ..
2025-05-20 21:02:28 INFO  main [WavefrontOBJ] Mesh043: 13248 triangles, 6686 vertices (merged 33058 vertices).
2025-05-20 21:02:28 INFO  main [WavefrontOBJ] Done with "Mesh043.obj" (took 28 ms)
2025-05-20 21:02:28 INFO  main [WavefrontOBJ] Loading geometry from "Mesh044.obj" ..
2025-05-20 21:02:28 INFO  main [WavefrontOBJ] Mesh044: 14480 triangles, 7404 vertices (merged 36036 vertices).
2025-05-20 21:02:28 INFO  main [WavefrontOBJ] Done with "Mesh044.obj" (took 31 ms)
2025-05-20 21:02:28 INFO  main [WavefrontOBJ] Loading geometry from "Mesh031.obj" ..
2025-05-20 21:02:28 INFO  main [WavefrontOBJ] Mesh031: 2320 triangles, 1492 vertices (merged 5468 vertices).
2025-05-20 21:02:28 INFO  main [WavefrontOBJ] Done with "Mesh031.obj" (took 5 ms)
2025-05-20 21:02:28 INFO  main [WavefrontOBJ] Loading geometry from "Mesh022.obj" ..
2025-05-20 21:02:28 INFO  main [WavefrontOBJ] Mesh022: 13248 triangles, 6686 vertices (merged 33058 vertices).
2025-05-20 21:02:28 INFO  main [WavefrontOBJ] Done with "Mesh022.obj" (took 28 ms)
2025-05-20 21:02:28 INFO  main [WavefrontOBJ] Loading geometry from "Mesh038.obj" ..
2025-05-20 21:02:28 INFO  main [WavefrontOBJ] Mesh038: 14480 triangles, 7404 vertices (merged 36036 vertices).
2025-05-20 21:02:28 INFO  main [WavefrontOBJ] Done with "Mesh038.obj" (took 31 ms)
2025-05-20 21:02:28 INFO  main [WavefrontOBJ] Loading geometry from "Mesh030.obj" ..
2025-05-20 21:02:28 INFO  main [WavefrontOBJ] Mesh030: 2320 triangles, 1492 vertices (merged 5468 vertices).
2025-05-20 21:02:28 INFO  main [WavefrontOBJ] Done with "Mesh030.obj" (took 5 ms)
2025-05-20 21:02:28 INFO  main [WavefrontOBJ] Loading geometry from "Mesh046.obj" ..
2025-05-20 21:02:29 INFO  main [WavefrontOBJ] Mesh046: 13248 triangles, 6686 vertices (merged 33058 vertices).
2025-05-20 21:02:29 INFO  main [WavefrontOBJ] Done with "Mesh046.obj" (took 28 ms)
2025-05-20 21:02:29 INFO  main [WavefrontOBJ] Loading geometry from "Mesh047.obj" ..
2025-05-20 21:02:29 INFO  main [WavefrontOBJ] Mesh047: 14480 triangles, 7404 vertices (merged 36036 vertices).
2025-05-20 21:02:29 INFO  main [WavefrontOBJ] Done with "Mesh047.obj" (took 31 ms)
2025-05-20 21:02:29 INFO  main [WavefrontOBJ] Loading geometry from "Mesh034.obj" ..
2025-05-20 21:02:29 INFO  main [WavefrontOBJ] Mesh034: 2320 triangles, 1492 vertices (merged 5468 vertices).
2025-05-20 21:02:29 INFO  main [WavefrontOBJ] Done with "Mesh034.obj" (took 5 ms)
2025-05-20 21:02:29 INFO  main [WavefrontOBJ] Loading geometry from "Mesh033.obj" ..
2025-05-20 21:02:29 INFO  main [WavefrontOBJ] Mesh033: 44 triangles, 96 vertices (merged 36 vertices).
2025-05-20 21:02:29 INFO  main [WavefrontOBJ] Done with "Mesh033.obj" (took 0 ms)
2025-05-20 21:02:29 INFO  main [WavefrontOBJ] Loading geometry from "Mesh006.obj" ..
2025-05-20 21:02:29 INFO  main [WavefrontOBJ] Mesh006: 4 triangles, 6 vertices (merged 6 vertices).
2025-05-20 21:02:29 INFO  main [WavefrontOBJ] Done with "Mesh006.obj" (took 0 ms)
2025-05-20 21:02:29 INFO  main [WavefrontOBJ] Loading geometry from "Mesh048.obj" ..
2025-05-20 21:02:29 INFO  main [WavefrontOBJ] Mesh048: 30 triangles, 38 vertices (merged 52 vertices).
2025-05-20 21:02:29 INFO  main [WavefrontOBJ] Done with "Mesh048.obj" (took 0 ms)
2025-05-20 21:02:29 INFO  main [WavefrontOBJ] Loading geometry from "Mesh049.obj" ..
2025-05-20 21:02:29 INFO  main [WavefrontOBJ] Mesh049: 13248 triangles, 6686 vertices (merged 33058 vertices).
2025-05-20 21:02:29 INFO  main [WavefrontOBJ] Done with "Mesh049.obj" (took 28 ms)
2025-05-20 21:02:29 INFO  main [WavefrontOBJ] Loading geometry from "Mesh051.obj" ..
2025-05-20 21:02:29 INFO  main [WavefrontOBJ] Mesh051: 14480 triangles, 7404 vertices (merged 36036 vertices).
2025-05-20 21:02:29 INFO  main [WavefrontOBJ] Done with "Mesh051.obj" (took 31 ms)
2025-05-20 21:02:29 INFO  main [WavefrontOBJ] Loading geometry from "Mesh040.obj" ..
2025-05-20 21:02:29 INFO  main [WavefrontOBJ] Mesh040: 2320 triangles, 1492 vertices (merged 5468 vertices).
2025-05-20 21:02:29 INFO  main [WavefrontOBJ] Done with "Mesh040.obj" (took 5 ms)
2025-05-20 21:02:29 INFO  main [WavefrontOBJ] Loading geometry from "Mesh003.obj" ..
2025-05-20 21:02:29 INFO  main [WavefrontOBJ] Mesh003: 18176 triangles, 9150 vertices (merged 45378 vertices).
2025-05-20 21:02:29 INFO  main [WavefrontOBJ] Done with "Mesh003.obj" (took 39 ms)
2025-05-20 21:02:29 INFO  main [WavefrontOBJ] Loading geometry from "Mesh002.obj" ..
2025-05-20 21:02:29 INFO  main [WavefrontOBJ] Mesh002: 7624 triangles, 4070 vertices (merged 18802 vertices).
2025-05-20 21:02:29 INFO  main [WavefrontOBJ] Done with "Mesh002.obj" (took 16 ms)
2025-05-20 21:02:29 INFO  main [WavefrontOBJ] Loading geometry from "Mesh009.obj" ..
2025-05-20 21:02:29 INFO  main [WavefrontOBJ] Mesh009: 2016 triangles, 1260 vertices (merged 4788 vertices).
2025-05-20 21:02:29 INFO  main [WavefrontOBJ] Done with "Mesh009.obj" (took 4 ms)
2025-05-20 21:02:29 INFO  main [WavefrontOBJ] Loading geometry from "Mesh045.obj" ..
2025-05-20 21:02:29 INFO  main [WavefrontOBJ] Mesh045: 4352 triangles, 2178 vertices (merged 10878 vertices).
2025-05-20 21:02:29 INFO  main [WavefrontOBJ] Done with "Mesh045.obj" (took 9 ms)
2025-05-20 21:02:29 INFO  main [WavefrontOBJ] Loading geometry from "Mesh029.obj" ..
2025-05-20 21:02:29 INFO  main [WavefrontOBJ] Mesh029: 160 triangles, 144 vertices (merged 336 vertices).
2025-05-20 21:02:29 INFO  main [WavefrontOBJ] Done with "Mesh029.obj" (took 0 ms)
2025-05-20 21:02:29 INFO  main [WavefrontOBJ] Loading geometry from "Mesh039.obj" ..
2025-05-20 21:02:29 INFO  main [WavefrontOBJ] Mesh039: 560 triangles, 400 vertices (merged 1280 vertices).
2025-05-20 21:02:29 INFO  main [WavefrontOBJ] Done with "Mesh039.obj" (took 1 ms)
2025-05-20 21:02:29 INFO  main [WavefrontOBJ] Loading geometry from "Mesh050.obj" ..
2025-05-20 21:02:29 INFO  main [WavefrontOBJ] Mesh050: 720 triangles, 482 vertices (merged 1678 vertices).
2025-05-20 21:02:29 INFO  main [WavefrontOBJ] Done with "Mesh050.obj" (took 1 ms)
2025-05-20 21:02:29 INFO  main [WavefrontOBJ] Loading geometry from "Mesh001.obj" ..
2025-05-20 21:02:29 INFO  main [WavefrontOBJ] Mesh001: 170 triangles, 340 vertices (merged 170 vertices).
2025-05-20 21:02:29 INFO  main [WavefrontOBJ] Done with "Mesh001.obj" (took 0 ms)
2025-05-20 21:02:29 INFO  main [WavefrontOBJ] Loading geometry from "Mesh000.obj" ..
2025-05-20 21:02:29 INFO  main [WavefrontOBJ] Mesh000: 22 triangles, 44 vertices (merged 22 vertices).
2025-05-20 21:02:29 INFO  main [WavefrontOBJ] Done with "Mesh000.obj" (took 0 ms)
2025-05-20 21:02:29 INFO  main [PluginManager] Loading plugin "plugins/rectangle.so" ..
2025-05-20 21:02:29 INFO  ren0 [KDTreeBase] Constructing a SAH kd-tree (321251 primitives) ..
2025-05-20 21:02:29 INFO  ren0 [KDTreeBase] Finished -- took 535 ms.
2025-05-20 21:02:29 INFO  ren0 [octree.h:534] root weight: 8.000e-20 (0.000000)
2025-05-20 21:02:29 INFO  ren0 [octree.h:535] splitting threshold: 8.000e-23 (0.000000)
2025-05-20 21:02:29 INFO  ren0 [octree.h:550] node count: 1 -> 585 -> 585

2025-05-20 21:02:29 INFO  ren0 [octree.h:534] root weight: 4.096e-17 (0.000000)
2025-05-20 21:02:29 INFO  ren0 [octree.h:535] splitting threshold: 4.096e-20 (0.000000)
2025-05-20 21:02:29 INFO  ren0 [octree.h:550] node count: 585 -> 585 -> 585

2025-05-20 21:02:29 INFO  ren0 [octree.h:534] root weight: 8.000e-20 (0.000000)
2025-05-20 21:02:29 INFO  ren0 [octree.h:535] splitting threshold: 8.000e-23 (0.000000)
2025-05-20 21:02:29 INFO  ren0 [octree.h:550] node count: 1 -> 585 -> 585

2025-05-20 21:02:29 INFO  ren0 [octree.h:534] root weight: 8.000e-20 (0.000000)
2025-05-20 21:02:29 INFO  ren0 [octree.h:535] splitting threshold: 8.000e-23 (0.000000)
2025-05-20 21:02:29 INFO  ren0 [octree.h:550] node count: 1 -> 585 -> 585

2025-05-20 21:02:29 INFO  ren0 [octree.h:534] root weight: 4.096e-17 (0.000000)
2025-05-20 21:02:29 INFO  ren0 [octree.h:535] splitting threshold: 4.096e-20 (0.000000)
2025-05-20 21:02:29 INFO  ren0 [octree.h:550] node count: 585 -> 585 -> 585

2025-05-20 21:02:29 INFO  ren0 [octree.h:534] root weight: 8.000e-20 (0.000000)
2025-05-20 21:02:29 INFO  ren0 [octree.h:535] splitting threshold: 8.000e-23 (0.000000)
2025-05-20 21:02:29 INFO  ren0 [octree.h:550] node count: 1 -> 585 -> 585

2025-05-20 21:02:29 INFO  ren0 [MIFocalGuidingPathTracer] AABB3[min=[-6.3658, -1.5274, -4.73046], max=[5.27597, 8.04131, 10.0598]]
2025-05-20 21:02:29 INFO  ren0 [MIFocalGuidingPathTracer] Starting render job (1280x720, 12 cores, SSE2 enabled) ..
2025-05-20 21:02:29 INFO  ren0 [MIFocalGuidingPathTracer] ITERATION 0, until 10.0 seconds
2025-05-20 21:02:41 INFO  ren0 [MIFocalGuidingPathTracer]   11.44 seconds elapsed, passes this iteration: 5, total passes: 5
2025-05-20 21:02:41 INFO  ren0 [MIFocalGuidingPathTracer] Got 1681235 non-zero samples
2025-05-20 21:02:41 INFO  ren0 [gaussian_mixture_model.h:815] Processing mega batch of size 1681235
2025-05-20 21:02:41 INFO  ren0 [gaussian_mixture_model.h:554] Random
2025-05-20 21:02:41 INFO  ren0 [gaussian_mixture_model.h:215] Before splitting
2025-05-20 21:02:41 INFO  ren0 [gaussian_mixture_model.h:216] GMM[
weight = 0.00137937 mean = [1.78963 -0.00680349 -3.67216] covariance = [[5.24163 -0.018425 0.0425435][-0.018425 0.791788 -0.434814][0.0425435 -0.434814 0.989402]]
weight = 0.00100913 mean = [-5.61317 1.20211 -2.73646] covariance = [[0.783059 -0.510158 -0.0185196][-0.510158 2.3649 -0.104953][-0.0185196 -0.104953 1.89394]]
weight = 0.0027842 mean = [-0.66305 2.02453 -3.69638] covariance = [[4.35899 -0.536031 0.103304][-0.536031 1.51792 -0.0931243][0.103304 -0.0931243 0.871287]]
weight = 0.441584 mean = [3.71025 2.90547 8.56209] covariance = [[0.729127 1.33189 -0.565351][1.33189 3.61027 -1.6017][-0.565351 -1.6017 0.729997]]
weight = 0.189332 mean = [3.59185 5.05471 3.1088] covariance = [[0.922587 -0.800982 0.607218][-0.800982 1.44204 -0.183458][0.607218 -0.183458 1.3557]]
weight = 0.000856438 mean = [1.63256 0.32413 1.61528] covariance = [[3.56437 -0.605916 -0.715061][-0.605916 1.8494 0.2121][-0.715061 0.2121 3.23398]]
weight = 0.356765 mean = [-0.731941 6.94031 0.880197] covariance = [[2.26 -0.549698 -1.68612][-0.549698 0.899534 0.944861][-1.68612 0.944861 1.69577]]
weight = 0.00309642 mean = [-2.74153 3.82608 -0.224326] covariance = [[2.59558 -0.608334 0.468562][-0.608334 3.41832 2.03903][0.468562 2.03903 3.39133]]
weight = 0.000922492 mean = [-5.01965 1.55309 0.0280363] covariance = [[1.50918 -0.965007 -0.034545][-0.965007 3.80244 -1.19779][-0.034545 -1.19779 3.77216]]
weight = 0.00227135 mean = [-1.99794 2.3252 7.32387] covariance = [[6.86284 -2.54832 1.92819][-2.54832 6.24937 -2.85522][1.92819 -2.85522 3.50509]]
]
2025-05-20 21:02:41 INFO  ren0 [gaussian_mixture_model.h:218] Before merging
2025-05-20 21:02:41 INFO  ren0 [gaussian_mixture_model.h:219] GMM[
weight = 0.00137937 mean = [1.78963 -0.00680349 -3.67216] covariance = [[5.24163 -0.018425 0.0425435][-0.018425 0.791788 -0.434814][0.0425435 -0.434814 0.989402]]
weight = 0.00100913 mean = [-5.61317 1.20211 -2.73646] covariance = [[0.783059 -0.510158 -0.0185196][-0.510158 2.3649 -0.104953][-0.0185196 -0.104953 1.89394]]
weight = 0.0027842 mean = [-0.66305 2.02453 -3.69638] covariance = [[4.35899 -0.536031 0.103304][-0.536031 1.51792 -0.0931243][0.103304 -0.0931243 0.871287]]
weight = 0.441584 mean = [3.71025 2.90547 8.56209] covariance = [[0.729127 1.33189 -0.565351][1.33189 3.61027 -1.6017][-0.565351 -1.6017 0.729997]]
weight = 0.189332 mean = [3.59185 5.05471 3.1088] covariance = [[0.922587 -0.800982 0.607218][-0.800982 1.44204 -0.183458][0.607218 -0.183458 1.3557]]
weight = 0.000856438 mean = [1.63256 0.32413 1.61528] covariance = [[3.56437 -0.605916 -0.715061][-0.605916 1.8494 0.2121][-0.715061 0.2121 3.23398]]
weight = 0.356765 mean = [-0.731941 6.94031 0.880197] covariance = [[2.26 -0.549698 -1.68612][-0.549698 0.899534 0.944861][-1.68612 0.944861 1.69577]]
weight = 0.00309642 mean = [-2.74153 3.82608 -0.224326] covariance = [[2.59558 -0.608334 0.468562][-0.608334 3.41832 2.03903][0.468562 2.03903 3.39133]]
weight = 0.000922492 mean = [-5.01965 1.55309 0.0280363] covariance = [[1.50918 -0.965007 -0.034545][-0.965007 3.80244 -1.19779][-0.034545 -1.19779 3.77216]]
weight = 0.00227135 mean = [-1.99794 2.3252 7.32387] covariance = [[6.86284 -2.54832 1.92819][-2.54832 6.24937 -2.85522][1.92819 -2.85522 3.50509]]
]
2025-05-20 21:02:41 INFO  ren0 [gaussian_mixture_model.h:215] Before splitting
2025-05-20 21:02:41 INFO  ren0 [gaussian_mixture_model.h:216] GMM[
weight = 0.00153655 mean = [1.82762 -0.138634 -3.59798] covariance = [[5.18546 0.701777 -0.428675][0.701777 0.875929 -0.45231][-0.428675 -0.45231 0.838802]]
weight = 0.0420312 mean = [-0.971107 2.95893 -2.00385] covariance = [[0.854703 -0.0209991 0.339677][-0.0209991 0.252192 -0.00536126][0.339677 -0.00536126 0.752297]]
weight = 0.276159 mean = [4.28616 2.13966 9.19498] covariance = [[1.37771 0.662045 0.0526541][0.662045 2.1501 -1.00749][0.0526541 -1.00749 0.595673]]
weight = 0.13417 mean = [3.9704 4.05803 2.74743] covariance = [[0.441611 -0.527916 0.160487][-0.527916 1.15625 0.162454][0.160487 0.162454 0.663916]]
weight = 0.0019642 mean = [0.495669 1.70516 0.149007] covariance = [[3.91712 -1.40372 0.61623][-1.40372 2.64333 -1.91117][0.61623 -1.91117 6.06372]]
weight = 0.122494 mean = [-0.496351 6.3452 0.345481] covariance = [[2.11842 -0.587408 -1.63036][-0.587408 2.1733 1.80868][-1.63036 1.80868 2.2206]]
weight = 0.105499 mean = [-0.94925 2.98689 -1.64681] covariance = [[0.28822 -0.0659464 -0.0235934][-0.0659464 0.124332 0.0724008][-0.0235934 0.0724008 0.171748]]
weight = 0.00401665 mean = [-5.51032 1.94188 -1.31743] covariance = [[0.857204 -0.515391 0.299992][-0.515391 2.69605 -0.431463][0.299992 -0.431463 3.37369]]
weight = 0.312129 mean = [0.500077 -0.11449 9.26232] covariance = [[1.45264 -0.376108 0.700836][-0.376108 1.55509 -1.00186][0.700836 -1.00186 0.890145]]
]
2025-05-20 21:02:41 INFO  ren0 [gaussian_mixture_model.h:218] Before merging
2025-05-20 21:02:41 INFO  ren0 [gaussian_mixture_model.h:219] GMM[
weight = 0.000768274 mean = [2.96139 0.0519639 -3.72479] covariance = [[2.61459 0.269589 -0.141133][0.269589 0.803284 -0.403972][-0.141133 -0.403972 0.806652]]
weight = 0.000768274 mean = [0.693848 -0.329232 -3.47117] covariance = [[2.61459 0.269589 -0.141133][0.269589 0.803284 -0.403972][-0.141133 -0.403972 0.806652]]
weight = 0.0420312 mean = [-0.971107 2.95893 -2.00385] covariance = [[0.854703 -0.0209991 0.339677][-0.0209991 0.252192 -0.00536126][0.339677 -0.00536126 0.752297]]
weight = 0.276159 mean = [4.28616 2.13966 9.19498] covariance = [[1.37771 0.662045 0.0526541][0.662045 2.1501 -1.00749][0.0526541 -1.00749 0.595673]]
weight = 0.13417 mean = [3.9704 4.05803 2.74743] covariance = [[0.441611 -0.527916 0.160487][-0.527916 1.15625 0.162454][0.160487 0.162454 0.663916]]
weight = 0.0019642 mean = [0.495669 1.70516 0.149007] covariance = [[3.91712 -1.40372 0.61623][-1.40372 2.64333 -1.91117][0.61623 -1.91117 6.06372]]
weight = 0.122494 mean = [-0.496351 6.3452 0.345481] covariance = [[2.11842 -0.587408 -1.63036][-0.587408 2.1733 1.80868][-1.63036 1.80868 2.2206]]
weight = 0.105499 mean = [-0.94925 2.98689 -1.64681] covariance = [[0.28822 -0.0659464 -0.0235934][-0.0659464 0.124332 0.0724008][-0.0235934 0.0724008 0.171748]]
weight = 0.00401665 mean = [-5.51032 1.94188 -1.31743] covariance = [[0.857204 -0.515391 0.299992][-0.515391 2.69605 -0.431463][0.299992 -0.431463 3.37369]]
weight = 0.312129 mean = [0.500077 -0.11449 9.26232] covariance = [[1.45264 -0.376108 0.700836][-0.376108 1.55509 -1.00186][0.700836 -1.00186 0.890145]]
]
2025-05-20 21:02:41 INFO  ren0 [gaussian_mixture_model.h:215] Before splitting
2025-05-20 21:02:41 INFO  ren0 [gaussian_mixture_model.h:216] GMM[
weight = 0.000867441 mean = [2.68182 0.294982 -3.67178] covariance = [[4.9501 1.12988 -0.281174][1.12988 1.32828 -0.496313][-0.281174 -0.496313 0.727677]]
weight = 0.000546039 mean = [-0.245364 -0.178509 -3.66883] covariance = [[2.70672 0.380937 0.00575741][0.380937 0.977947 -0.283464][0.00575741 -0.283464 0.812663]]
weight = 0.289233 mean = [4.22009 1.44152 9.54731] covariance = [[0.383834 0.0541448 0.0911349][0.0541448 1.58343 -0.886384][0.0911349 -0.886384 0.538059]]
weight = 0.174646 mean = [4.15664 3.56824 2.57816] covariance = [[0.213483 -0.554748 -0.230764][-0.554748 1.99508 1.14846][-0.230764 1.14846 0.915237]]
weight = 0.00545213 mean = [1.15379 4.14503 0.672104] covariance = [[9.26219 2.4014 1.06779][2.4014 7.40658 -0.421268][1.06779 -0.421268 11.5437]]
weight = 0.346197 mean = [-1.4924 7.11711 1.46503] covariance = [[2.27172 -0.206366 -1.49003][-0.206366 0.724777 0.608973][-1.49003 0.608973 1.30038]]
weight = 0.030914 mean = [-0.979091 3.0075 -1.67938] covariance = [[0.37111 -0.074387 -0.000570727][-0.074387 0.142148 0.0671283][-0.000570727 0.0671283 0.267826]]
weight = 0.00330561 mean = [-5.12059 2.58026 -1.27687] covariance = [[0.983509 -0.392971 0.0304586][-0.392971 5.01557 -0.543882][0.0304586 -0.543882 5.82881]]
weight = 0.148839 mean = [-1.07671 1.89846 7.62424] covariance = [[4.33945 -4.57337 3.97863][-4.57337 6.45413 -5.10698][3.97863 -5.10698 4.21618]]
]
2025-05-20 21:02:41 INFO  ren0 [gaussian_mixture_model.h:218] Before merging
2025-05-20 21:02:41 INFO  ren0 [gaussian_mixture_model.h:219] GMM[
weight = 0.000433721 mean = [3.7824 0.620087 -3.77453] covariance = [[2.52755 0.414268 -0.0550218][0.414268 1.1169 -0.429509][-0.0550218 -0.429509 0.706575]]
weight = 0.000546039 mean = [-0.245364 -0.178509 -3.66883] covariance = [[2.70672 0.380937 0.00575741][0.380937 0.977947 -0.283464][0.00575741 -0.283464 0.812663]]
weight = 0.000433721 mean = [1.58124 -0.0301239 -3.56904] covariance = [[2.52755 0.414268 -0.0550218][0.414268 1.1169 -0.429509][-0.0550218 -0.429509 0.706575]]
weight = 0.289233 mean = [4.22009 1.44152 9.54731] covariance = [[0.383834 0.0541448 0.0911349][0.0541448 1.58343 -0.886384][0.0911349 -0.886384 0.538059]]
weight = 0.174646 mean = [4.15664 3.56824 2.57816] covariance = [[0.213483 -0.554748 -0.230764][-0.554748 1.99508 1.14846][-0.230764 1.14846 0.915237]]
weight = 0.00545213 mean = [1.15379 4.14503 0.672104] covariance = [[9.26219 2.4014 1.06779][2.4014 7.40658 -0.421268][1.06779 -0.421268 11.5437]]
weight = 0.346197 mean = [-1.4924 7.11711 1.46503] covariance = [[2.27172 -0.206366 -1.49003][-0.206366 0.724777 0.608973][-1.49003 0.608973 1.30038]]
weight = 0.030914 mean = [-0.979091 3.0075 -1.67938] covariance = [[0.37111 -0.074387 -0.000570727][-0.074387 0.142148 0.0671283][-0.000570727 0.0671283 0.267826]]
weight = 0.00330561 mean = [-5.12059 2.58026 -1.27687] covariance = [[0.983509 -0.392971 0.0304586][-0.392971 5.01557 -0.543882][0.0304586 -0.543882 5.82881]]
weight = 0.148839 mean = [-1.07671 1.89846 7.62424] covariance = [[4.33945 -4.57337 3.97863][-4.57337 6.45413 -5.10698][3.97863 -5.10698 4.21618]]
]
2025-05-20 21:02:41 INFO  ren0 [gaussian_mixture_model.h:215] Before splitting
2025-05-20 21:02:41 INFO  ren0 [gaussian_mixture_model.h:216] GMM[
weight = 0.000261961 mean = [3.21697 0.582338 -3.79501] covariance = [[4.0097 0.543305 -0.0819909][0.543305 1.55013 -0.497208][-0.0819909 -0.497208 0.596902]]
weight = 0.000181433 mean = [-0.281158 0.0844315 -3.79005] covariance = [[3.28936 0.607925 -0.274524][0.607925 1.25528 -0.362986][-0.274524 -0.362986 0.731717]]
weight = 7.9373e-05 mean = [1.87073 0.737218 -4.06368] covariance = [[2.70178 0.136084 0.137192][0.136084 1.67902 -0.438488][0.137192 -0.438488 0.449112]]
weight = 0.34625 mean = [3.57738 0.688271 9.65264] covariance = [[0.120813 0.0862826 0.00171722][0.0862826 0.313946 -0.137001][0.00171722 -0.137001 0.0771158]]
weight = 0.249024 mean = [4.12768 3.75544 2.7287] covariance = [[0.325012 -1.308 -0.854005][-1.308 5.38534 3.56254][-0.854005 3.56254 2.38865]]
weight = 0.209432 mean = [-3.30885 7.10008 2.53635] covariance = [[2.4503 0.0199426 -1.44642][0.0199426 0.209247 0.128477][-1.44642 0.128477 0.94937]]
weight = 0.126223 mean = [-1.75641 2.53402 -1.89072] covariance = [[0.20895 -0.0994803 0.032925][-0.0994803 0.0971407 -0.00863425][0.032925 -0.00863425 0.0222578]]
weight = 0.0188717 mean = [1.79017 0.895032 5.4632] covariance = [[11.3061 -5.43451 11.9405][-5.43451 4.78387 -6.31961][11.9405 -6.31961 19.1577]]
weight = 0.0496772 mean = [-2.2208 3.32956 6.46789] covariance = [[7.04337 -7.06258 5.61285][-7.06258 8.49285 -6.56733][5.61285 -6.56733 5.23604]]
]
2025-05-20 21:02:41 INFO  ren0 [gaussian_mixture_model.h:218] Before merging
2025-05-20 21:02:41 INFO  ren0 [gaussian_mixture_model.h:219] GMM[
weight = 0.00013098 mean = [4.20832 0.801121 -3.84874] covariance = [[2.04419 0.109526 0.0245449][0.109526 1.45441 -0.473696][0.0245449 -0.473696 0.591138]]
weight = 0.000181433 mean = [-0.281158 0.0844315 -3.79005] covariance = [[3.28936 0.607925 -0.274524][0.607925 1.25528 -0.362986][-0.274524 -0.362986 0.731717]]
weight = 7.9373e-05 mean = [1.87073 0.737218 -4.06368] covariance = [[2.70178 0.136084 0.137192][0.136084 1.67902 -0.438488][0.137192 -0.438488 0.449112]]
weight = 0.34625 mean = [3.57738 0.688271 9.65264] covariance = [[0.120813 0.0862826 0.00171722][0.0862826 0.313946 -0.137001][0.00171722 -0.137001 0.0771158]]
weight = 0.249024 mean = [4.12768 3.75544 2.7287] covariance = [[0.325012 -1.308 -0.854005][-1.308 5.38534 3.56254][-0.854005 3.56254 2.38865]]
weight = 0.00013098 mean = [2.22563 0.363554 -3.74127] covariance = [[2.04419 0.109526 0.0245449][0.109526 1.45441 -0.473696][0.0245449 -0.473696 0.591138]]
weight = 0.209432 mean = [-3.30885 7.10008 2.53635] covariance = [[2.4503 0.0199426 -1.44642][0.0199426 0.209247 0.128477][-1.44642 0.128477 0.94937]]
weight = 0.126223 mean = [-1.75641 2.53402 -1.89072] covariance = [[0.20895 -0.0994803 0.032925][-0.0994803 0.0971407 -0.00863425][0.032925 -0.00863425 0.0222578]]
weight = 0.0188717 mean = [1.79017 0.895032 5.4632] covariance = [[11.3061 -5.43451 11.9405][-5.43451 4.78387 -6.31961][11.9405 -6.31961 19.1577]]
weight = 0.0496772 mean = [-2.2208 3.32956 6.46789] covariance = [[7.04337 -7.06258 5.61285][-7.06258 8.49285 -6.56733][5.61285 -6.56733 5.23604]]
]
2025-05-20 21:02:41 INFO  ren0 [gaussian_mixture_model.h:215] Before splitting
2025-05-20 21:02:41 INFO  ren0 [gaussian_mixture_model.h:216] GMM[
weight = 0.000413812 mean = [3.85014 1.67747 -3.68519] covariance = [[1.63019 -0.199329 -0.0103412][-0.199329 3.69475 -0.429869][-0.0103412 -0.429869 0.708799]]
weight = 0.0841649 mean = [3.57733 0.688303 9.65261] covariance = [[0.120919 0.0863605 0.00170831][0.0863605 0.314104 -0.137056][0.00170831 -0.137056 0.0771392]]
weight = 0.239274 mean = [3.58513 6.03463 4.36257] covariance = [[0.211932 -0.879024 -0.625417][-0.879024 3.67895 2.63275][-0.625417 2.63275 1.90538]]
weight = 0.000994707 mean = [0.418637 1.09912 -3.80402] covariance = [[7.70969 2.02052 0.209121][2.02052 2.75882 -0.384189][0.209121 -0.384189 0.678914]]
weight = 0.0512653 mean = [-3.30472 7.10034 2.53408] covariance = [[2.45192 0.0194063 -1.44769][0.0194063 0.208154 0.128071][-1.44769 0.128071 0.949826]]
weight = 0.130137 mean = [-2.07391 3.31428 -1.90087] covariance = [[0.0815494 -0.100606 0.00887016][-0.100606 0.211587 -0.00456962][0.00887016 -0.00456962 0.00538453]]
weight = 0.0900278 mean = [1.43359 1.28796 4.0801] covariance = [[8.88205 -5.00193 13.5824][-5.00193 4.35672 -10.2827][13.5824 -10.2827 29.2563]]
weight = 0.403723 mean = [-0.732209 1.14764 8.19709] covariance = [[8.20079 -7.36272 5.82309][-7.36272 8.72779 -6.28074][5.82309 -6.28074 4.68981]]
]
2025-05-20 21:02:41 INFO  ren0 [gaussian_mixture_model.h:218] Before merging
2025-05-20 21:02:41 INFO  ren0 [gaussian_mixture_model.h:219] GMM[
weight = 0.000206906 mean = [3.93858 0.719588 -3.55112] covariance = [[1.61456 -0.0298913 -0.0340559][-0.0298913 1.85969 -0.173031][-0.0340559 -0.173031 0.672862]]
weight = 0.000206906 mean = [3.7617 2.63535 -3.81925] covariance = [[1.61456 -0.0298913 -0.0340559][-0.0298913 1.85969 -0.173031][-0.0340559 -0.173031 0.672862]]
weight = 0.0420825 mean = [3.49117 0.408642 9.77128] covariance = [[0.106081 0.0381684 0.0221589][0.0381684 0.157694 -0.0706776][0.0221589 -0.0706776 0.0489813]]
weight = 0.0420825 mean = [3.66349 0.967964 9.53393] covariance = [[0.106081 0.0381684 0.0221589][0.0381684 0.157694 -0.0706776][0.0221589 -0.0706776 0.0489813]]
weight = 0.239274 mean = [3.58513 6.03463 4.36257] covariance = [[0.211932 -0.879024 -0.625417][-0.879024 3.67895 2.63275][-0.625417 2.63275 1.90538]]
weight = 0.000994707 mean = [0.418637 1.09912 -3.80402] covariance = [[7.70969 2.02052 0.209121][2.02052 2.75882 -0.384189][0.209121 -0.384189 0.678914]]
weight = 0.0512653 mean = [-3.30472 7.10034 2.53408] covariance = [[2.45192 0.0194063 -1.44769][0.0194063 0.208154 0.128071][-1.44769 0.128071 0.949826]]
weight = 0.130137 mean = [-2.07391 3.31428 -1.90087] covariance = [[0.0815494 -0.100606 0.00887016][-0.100606 0.211587 -0.00456962][0.00887016 -0.00456962 0.00538453]]
weight = 0.0900278 mean = [1.43359 1.28796 4.0801] covariance = [[8.88205 -5.00193 13.5824][-5.00193 4.35672 -10.2827][13.5824 -10.2827 29.2563]]
weight = 0.403723 mean = [-0.732209 1.14764 8.19709] covariance = [[8.20079 -7.36272 5.82309][-7.36272 8.72779 -6.28074][5.82309 -6.28074 4.68981]]
]
2025-05-20 21:02:41 INFO  ren0 [gaussian_mixture_model.h:215] Before splitting
2025-05-20 21:02:41 INFO  ren0 [gaussian_mixture_model.h:216] GMM[
weight = 0.000309052 mean = [3.79056 1.61279 -3.66528] covariance = [[1.71729 -0.118261 -0.0376758][-0.118261 3.6906 -0.441582][-0.0376758 -0.441582 0.719889]]
weight = 1.11935e-05 mean = [1.90071 2.49979 -3.16376] covariance = [[1.85824 -0.386841 -0.363417][-0.386841 2.18088 0.155747][-0.363417 0.155747 0.729971]]
