2025-05-20 19:42:44 INFO  main [mitsuba.cpp:274] Mitsuba version 0.6.0 (Linux, 64 bit), Copyright (c) 2017 Wenzel Jakob
2025-05-20 19:42:44 INFO  main [mitsuba.cpp:377] Parsing scene description from "scene/dining-room/dining-room.xml" ..
2025-05-20 19:42:44 INFO  main [scenehandler.cpp:675] In file "/mitsuba/scene/dining-room/dining-room.xml" (near line 18): Parsing included file "pmm_focal_recursive.xml" ..
2025-05-20 19:42:44 INFO  main [PluginManager] Loading plugin "plugins/pmm_focal_recursive.so" ..
2025-05-20 19:42:44 INFO  main [octree.h:534] root weight: 8.000e-20 (0.000000)
2025-05-20 19:42:44 INFO  main [octree.h:535] splitting threshold: 8.000e-23 (0.000000)
2025-05-20 19:42:44 INFO  main [octree.h:550] node count: 1 -> 585 -> 585

2025-05-20 19:42:44 INFO  main [octree.h:534] root weight: 8.000e-20 (0.000000)
2025-05-20 19:42:44 INFO  main [octree.h:535] splitting threshold: 8.000e-23 (0.000000)
2025-05-20 19:42:44 INFO  main [octree.h:550] node count: 1 -> 585 -> 585

2025-05-20 19:42:44 INFO  main [MIFocalGuidingPathTracer] Final render will have 32 spp, m_budget will not be taken into account.
2025-05-20 19:42:44 INFO  main [MIFocalGuidingPathTracer] budget: 1800
2025-05-20 19:42:44 INFO  main [MIFocalGuidingPathTracer] dumpPrimaryRays: false
2025-05-20 19:42:44 INFO  main [MIFocalGuidingPathTracer] dumpScene: false
2025-05-20 19:42:44 INFO  main [MIFocalGuidingPathTracer] finalSpp: 32
2025-05-20 19:42:44 INFO  main [MIFocalGuidingPathTracer] gmm.alpha: 0.4
2025-05-20 19:42:44 INFO  main [MIFocalGuidingPathTracer] gmm.initMethod: KMeans
2025-05-20 19:42:44 INFO  main [MIFocalGuidingPathTracer] gmm.maxNumComp: 10
2025-05-20 19:42:44 INFO  main [MIFocalGuidingPathTracer] gmm.mergingThreshold: 0.65
2025-05-20 19:42:44 INFO  main [MIFocalGuidingPathTracer] gmm.minNumComp: 3
2025-05-20 19:42:44 INFO  main [MIFocalGuidingPathTracer] gmm.splittingThreshold: 100
2025-05-20 19:42:44 INFO  main [MIFocalGuidingPathTracer] iterationBudget: 10
2025-05-20 19:42:44 INFO  main [MIFocalGuidingPathTracer] iterationCount: 15
2025-05-20 19:42:44 INFO  main [MIFocalGuidingPathTracer] maxDepth: 40
2025-05-20 19:42:44 INFO  main [MIFocalGuidingPathTracer] minSamplesToStartFitting: 10
2025-05-20 19:42:44 INFO  main [MIFocalGuidingPathTracer] normalBinning: disabled
2025-05-20 19:42:44 INFO  main [MIFocalGuidingPathTracer] renderMaxSeconds: 36000
2025-05-20 19:42:44 INFO  main [MIFocalGuidingPathTracer] rrDepth: 14
2025-05-20 19:42:44 INFO  main [MIFocalGuidingPathTracer] samplingMode: 2
2025-05-20 19:42:44 INFO  main [MIFocalGuidingPathTracer] shouldPretrain: false
2025-05-20 19:42:44 INFO  main [MIFocalGuidingPathTracer] strictNormals: true
2025-05-20 19:42:44 INFO  main [MIFocalGuidingPathTracer] trainingSamples: 4
2025-05-20 19:42:44 INFO  main [MIFocalGuidingPathTracer] tree.threshold: 0.001
2025-05-20 19:42:44 INFO  main [MIFocalGuidingPathTracer] unboundedSplatting: true
2025-05-20 19:42:44 INFO  main [PluginManager] Loading plugin "plugins/independent.so" ..
2025-05-20 19:42:44 INFO  main [PluginManager] Loading plugin "plugins/box.so" ..
2025-05-20 19:42:44 INFO  main [PluginManager] Loading plugin "plugins/hdrfilm.so" ..
2025-05-20 19:42:44 INFO  main [PluginManager] Loading plugin "plugins/perspective.so" ..
2025-05-20 19:42:44 INFO  main [PluginManager] Loading plugin "plugins/roughplastic.so" ..
2025-05-20 19:42:44 INFO  main [PluginManager] Loading plugin "plugins/twosided.so" ..
2025-05-20 19:42:44 INFO  main [PluginManager] Loading plugin "plugins/roughconductor.so" ..
2025-05-20 19:42:44 INFO  main [spectrum.cpp:599] "Cu.eta.spd": loaded a spectral power distribution with 55 entries (between 302.400421 and 885.601257 nm)
2025-05-20 19:42:44 INFO  main [spectrum.cpp:599] "Cu.k.spd": loaded a spectral power distribution with 55 entries (between 302.400421 and 885.601257 nm)
2025-05-20 19:42:44 INFO  main [PluginManager] Loading plugin "plugins/diffuse.so" ..
2025-05-20 19:42:44 INFO  main [PluginManager] Loading plugin "plugins/bitmap.so" ..
2025-05-20 19:42:44 INFO  main [BitmapTexture] Loading texture "picture3.jpg"
2025-05-20 19:42:44 INFO  main [PluginManager] Loading plugin "plugins/lanczos.so" ..
2025-05-20 19:42:44 INFO  main [MIPMap] Generating MIP map cache file "/mitsuba/scene/dining-room/textures/picture3.mip" ..
2025-05-20 19:42:45 INFO  main [BitmapTexture] Loading texture "Tiles.jpg"
2025-05-20 19:42:45 INFO  main [spectrum.cpp:599] "Cu.eta.spd": loaded a spectral power distribution with 55 entries (between 302.400421 and 885.601257 nm)
2025-05-20 19:42:45 INFO  main [spectrum.cpp:599] "Cu.k.spd": loaded a spectral power distribution with 55 entries (between 302.400421 and 885.601257 nm)
2025-05-20 19:42:45 INFO  main [PluginManager] Loading plugin "plugins/conductor.so" ..
2025-05-20 19:42:45 INFO  main [spectrum.cpp:599] "Ir.eta.spd": loaded a spectral power distribution with 28 entries (between 302.389984 and 885.570984 nm)
2025-05-20 19:42:45 INFO  main [spectrum.cpp:599] "Ir.k.spd": loaded a spectral power distribution with 28 entries (between 302.389984 and 885.570984 nm)
2025-05-20 19:42:45 INFO  main [spectrum.cpp:599] "Cu.eta.spd": loaded a spectral power distribution with 55 entries (between 302.400421 and 885.601257 nm)
2025-05-20 19:42:45 INFO  main [spectrum.cpp:599] "Cu.k.spd": loaded a spectral power distribution with 55 entries (between 302.400421 and 885.601257 nm)
2025-05-20 19:42:45 INFO  main [BitmapTexture] Loading texture "Teacup.png"
2025-05-20 19:42:45 INFO  main [spectrum.cpp:599] "Cu.eta.spd": loaded a spectral power distribution with 55 entries (between 302.400421 and 885.601257 nm)
2025-05-20 19:42:45 INFO  main [spectrum.cpp:599] "Cu.k.spd": loaded a spectral power distribution with 55 entries (between 302.400421 and 885.601257 nm)
2025-05-20 19:42:45 INFO  main [PluginManager] Loading plugin "plugins/area.so" ..
2025-05-20 19:42:45 INFO  main [PluginManager] Loading plugin "plugins/disk.so" ..
2025-05-20 19:42:45 INFO  main [PluginManager] Loading plugin "plugins/ply.so" ..
2025-05-20 19:42:45 INFO  main [PLYLoader] Loading geometry from "parabol1.ply" ..
2025-05-20 19:42:45 INFO  main [PLYLoader] "parabol1": Loaded 25856 triangles, 13057 vertices (456.0 KiB in 3 ms).
2025-05-20 19:42:45 INFO  main [PLYLoader] Loading geometry from "parabol2.ply" ..
2025-05-20 19:42:45 INFO  main [PLYLoader] "parabol2": Loaded 25856 triangles, 13057 vertices (456.0 KiB in 2 ms).
2025-05-20 19:42:45 INFO  main [PluginManager] Loading plugin "plugins/obj.so" ..
2025-05-20 19:42:45 INFO  main [WavefrontOBJ] Loading geometry from "Mesh013.obj" ..
2025-05-20 19:42:45 INFO  main [WavefrontOBJ] Mesh013: 1056 triangles, 577 vertices (merged 2591 vertices).
2025-05-20 19:42:45 INFO  main [WavefrontOBJ] Done with "Mesh013.obj" (took 2 ms)
2025-05-20 19:42:45 INFO  main [WavefrontOBJ] Loading geometry from "Mesh016.obj" ..
2025-05-20 19:42:45 INFO  main [WavefrontOBJ] Mesh016: 384 triangles, 768 vertices (merged 384 vertices).
2025-05-20 19:42:45 INFO  main [WavefrontOBJ] Done with "Mesh016.obj" (took 2 ms)
2025-05-20 19:42:45 INFO  main [WavefrontOBJ] Loading geometry from "Mesh015.obj" ..
2025-05-20 19:42:45 INFO  main [WavefrontOBJ] Mesh015: 3136 triangles, 1680 vertices (merged 7728 vertices).
2025-05-20 19:42:45 INFO  main [WavefrontOBJ] Done with "Mesh015.obj" (took 6 ms)
2025-05-20 19:42:45 INFO  main [WavefrontOBJ] Loading geometry from "Mesh023.obj" ..
2025-05-20 19:42:45 INFO  main [WavefrontOBJ] Mesh023: 1056 triangles, 577 vertices (merged 2591 vertices).
2025-05-20 19:42:45 INFO  main [WavefrontOBJ] Done with "Mesh023.obj" (took 2 ms)
2025-05-20 19:42:45 INFO  main [WavefrontOBJ] Loading geometry from "Mesh020.obj" ..
2025-05-20 19:42:45 INFO  main [WavefrontOBJ] Mesh020: 384 triangles, 768 vertices (merged 384 vertices).
2025-05-20 19:42:45 INFO  main [WavefrontOBJ] Done with "Mesh020.obj" (took 2 ms)
2025-05-20 19:42:45 INFO  main [WavefrontOBJ] Loading geometry from "Mesh017.obj" ..
2025-05-20 19:42:45 INFO  main [WavefrontOBJ] Mesh017: 3136 triangles, 1680 vertices (merged 7728 vertices).
2025-05-20 19:42:45 INFO  main [WavefrontOBJ] Done with "Mesh017.obj" (took 7 ms)
2025-05-20 19:42:45 INFO  main [WavefrontOBJ] Loading geometry from "Mesh024.obj" ..
2025-05-20 19:42:45 INFO  main [WavefrontOBJ] Mesh024: 34 triangles, 68 vertices (merged 34 vertices).
2025-05-20 19:42:45 INFO  main [WavefrontOBJ] Done with "Mesh024.obj" (took 0 ms)
2025-05-20 19:42:45 INFO  main [WavefrontOBJ] Loading geometry from "Mesh041.obj" ..
2025-05-20 19:42:45 INFO  main [WavefrontOBJ] Mesh041: 8 triangles, 16 vertices (merged 8 vertices).
2025-05-20 19:42:45 INFO  main [WavefrontOBJ] Done with "Mesh041.obj" (took 0 ms)
2025-05-20 19:42:45 INFO  main [WavefrontOBJ] Loading geometry from "Mesh011.obj" ..
2025-05-20 19:42:45 INFO  main [WavefrontOBJ] Mesh011: 8992 triangles, 4544 vertices (merged 22432 vertices).
2025-05-20 19:42:45 INFO  main [WavefrontOBJ] Done with "Mesh011.obj" (took 20 ms)
2025-05-20 19:42:45 INFO  main [WavefrontOBJ] Loading geometry from "Mesh026.obj" ..
2025-05-20 19:42:45 INFO  main [WavefrontOBJ] Mesh026: 7624 triangles, 4070 vertices (merged 18802 vertices).
2025-05-20 19:42:45 INFO  main [WavefrontOBJ] Done with "Mesh026.obj" (took 17 ms)
2025-05-20 19:42:45 INFO  main [WavefrontOBJ] Loading geometry from "Mesh018.obj" ..
2025-05-20 19:42:45 INFO  main [WavefrontOBJ] Mesh018: 2016 triangles, 1260 vertices (merged 4788 vertices).
2025-05-20 19:42:45 INFO  main [WavefrontOBJ] Done with "Mesh018.obj" (took 4 ms)
2025-05-20 19:42:45 INFO  main [WavefrontOBJ] Loading geometry from "Mesh007.obj" ..
2025-05-20 19:42:45 INFO  main [WavefrontOBJ] Mesh007: 4352 triangles, 2178 vertices (merged 10878 vertices).
2025-05-20 19:42:45 INFO  main [WavefrontOBJ] Done with "Mesh007.obj" (took 10 ms)
2025-05-20 19:42:45 INFO  main [WavefrontOBJ] Loading geometry from "Mesh005.obj" ..
2025-05-20 19:42:45 INFO  main [WavefrontOBJ] Mesh005: 160 triangles, 144 vertices (merged 336 vertices).
2025-05-20 19:42:45 INFO  main [WavefrontOBJ] Done with "Mesh005.obj" (took 0 ms)
2025-05-20 19:42:45 INFO  main [WavefrontOBJ] Loading geometry from "Mesh019.obj" ..
2025-05-20 19:42:45 INFO  main [WavefrontOBJ] Mesh019: 560 triangles, 400 vertices (merged 1280 vertices).
2025-05-20 19:42:45 INFO  main [WavefrontOBJ] Done with "Mesh019.obj" (took 1 ms)
2025-05-20 19:42:45 INFO  main [WavefrontOBJ] Loading geometry from "Mesh021.obj" ..
2025-05-20 19:42:45 INFO  main [WavefrontOBJ] Mesh021: 720 triangles, 482 vertices (merged 1678 vertices).
2025-05-20 19:42:45 INFO  main [WavefrontOBJ] Done with "Mesh021.obj" (took 2 ms)
2025-05-20 19:42:45 INFO  main [WavefrontOBJ] Loading geometry from "Mesh037.obj" ..
2025-05-20 19:42:45 INFO  main [WavefrontOBJ] Mesh037: 7624 triangles, 4070 vertices (merged 18802 vertices).
2025-05-20 19:42:45 INFO  main [WavefrontOBJ] Done with "Mesh037.obj" (took 17 ms)
2025-05-20 19:42:45 INFO  main [WavefrontOBJ] Loading geometry from "Mesh004.obj" ..
2025-05-20 19:42:45 INFO  main [WavefrontOBJ] Mesh004: 2016 triangles, 1260 vertices (merged 4788 vertices).
2025-05-20 19:42:45 INFO  main [WavefrontOBJ] Done with "Mesh004.obj" (took 4 ms)
2025-05-20 19:42:45 INFO  main [WavefrontOBJ] Loading geometry from "Mesh014.obj" ..
2025-05-20 19:42:45 INFO  main [WavefrontOBJ] Mesh014: 160 triangles, 144 vertices (merged 336 vertices).
2025-05-20 19:42:45 INFO  main [WavefrontOBJ] Done with "Mesh014.obj" (took 0 ms)
2025-05-20 19:42:45 INFO  main [WavefrontOBJ] Loading geometry from "Mesh012.obj" ..
2025-05-20 19:42:45 INFO  main [WavefrontOBJ] Mesh012: 560 triangles, 400 vertices (merged 1280 vertices).
2025-05-20 19:42:45 INFO  main [WavefrontOBJ] Done with "Mesh012.obj" (took 1 ms)
2025-05-20 19:42:45 INFO  main [WavefrontOBJ] Loading geometry from "Mesh028.obj" ..
2025-05-20 19:42:45 INFO  main [WavefrontOBJ] Mesh028: 720 triangles, 482 vertices (merged 1678 vertices).
2025-05-20 19:42:45 INFO  main [WavefrontOBJ] Done with "Mesh028.obj" (took 1 ms)
2025-05-20 19:42:45 INFO  main [WavefrontOBJ] Loading geometry from "Mesh025.obj" ..
2025-05-20 19:42:45 INFO  main [WavefrontOBJ] Mesh025: 4352 triangles, 2178 vertices (merged 10878 vertices).
2025-05-20 19:42:45 INFO  main [WavefrontOBJ] Done with "Mesh025.obj" (took 9 ms)
2025-05-20 19:42:45 INFO  main [WavefrontOBJ] Loading geometry from "Mesh008.obj" ..
2025-05-20 19:42:45 INFO  main [WavefrontOBJ] Mesh008: 6320 triangles, 3270 vertices (merged 15690 vertices).
2025-05-20 19:42:45 INFO  main [WavefrontOBJ] Done with "Mesh008.obj" (took 14 ms)
2025-05-20 19:42:45 INFO  main [WavefrontOBJ] Loading geometry from "Mesh032.obj" ..
2025-05-20 19:42:45 INFO  main [WavefrontOBJ] Mesh032: 13248 triangles, 6686 vertices (merged 33058 vertices).
2025-05-20 19:42:45 INFO  main [WavefrontOBJ] Done with "Mesh032.obj" (took 29 ms)
2025-05-20 19:42:45 INFO  main [WavefrontOBJ] Loading geometry from "Mesh035.obj" ..
2025-05-20 19:42:45 INFO  main [WavefrontOBJ] Mesh035: 14480 triangles, 7404 vertices (merged 36036 vertices).
2025-05-20 19:42:45 INFO  main [WavefrontOBJ] Done with "Mesh035.obj" (took 32 ms)
2025-05-20 19:42:45 INFO  main [WavefrontOBJ] Loading geometry from "Mesh042.obj" ..
2025-05-20 19:42:45 INFO  main [WavefrontOBJ] Mesh042: 2320 triangles, 1492 vertices (merged 5468 vertices).
2025-05-20 19:42:45 INFO  main [WavefrontOBJ] Done with "Mesh042.obj" (took 6 ms)
2025-05-20 19:42:45 INFO  main [WavefrontOBJ] Loading geometry from "Mesh010.obj" ..
2025-05-20 19:42:45 INFO  main [WavefrontOBJ] Mesh010: 13248 triangles, 6686 vertices (merged 33058 vertices).
2025-05-20 19:42:45 INFO  main [WavefrontOBJ] Done with "Mesh010.obj" (took 29 ms)
2025-05-20 19:42:45 INFO  main [WavefrontOBJ] Loading geometry from "Mesh036.obj" ..
2025-05-20 19:42:45 INFO  main [WavefrontOBJ] Mesh036: 14480 triangles, 7404 vertices (merged 36036 vertices).
2025-05-20 19:42:45 INFO  main [WavefrontOBJ] Done with "Mesh036.obj" (took 34 ms)
2025-05-20 19:42:45 INFO  main [WavefrontOBJ] Loading geometry from "Mesh027.obj" ..
2025-05-20 19:42:45 INFO  main [WavefrontOBJ] Mesh027: 2320 triangles, 1492 vertices (merged 5468 vertices).
2025-05-20 19:42:45 INFO  main [WavefrontOBJ] Done with "Mesh027.obj" (took 5 ms)
2025-05-20 19:42:45 INFO  main [WavefrontOBJ] Loading geometry from "Mesh043.obj" ..
2025-05-20 19:42:45 INFO  main [WavefrontOBJ] Mesh043: 13248 triangles, 6686 vertices (merged 33058 vertices).
2025-05-20 19:42:45 INFO  main [WavefrontOBJ] Done with "Mesh043.obj" (took 29 ms)
2025-05-20 19:42:45 INFO  main [WavefrontOBJ] Loading geometry from "Mesh044.obj" ..
2025-05-20 19:42:45 INFO  main [WavefrontOBJ] Mesh044: 14480 triangles, 7404 vertices (merged 36036 vertices).
2025-05-20 19:42:45 INFO  main [WavefrontOBJ] Done with "Mesh044.obj" (took 31 ms)
2025-05-20 19:42:45 INFO  main [WavefrontOBJ] Loading geometry from "Mesh031.obj" ..
2025-05-20 19:42:45 INFO  main [WavefrontOBJ] Mesh031: 2320 triangles, 1492 vertices (merged 5468 vertices).
2025-05-20 19:42:45 INFO  main [WavefrontOBJ] Done with "Mesh031.obj" (took 5 ms)
2025-05-20 19:42:45 INFO  main [WavefrontOBJ] Loading geometry from "Mesh022.obj" ..
2025-05-20 19:42:45 INFO  main [WavefrontOBJ] Mesh022: 13248 triangles, 6686 vertices (merged 33058 vertices).
2025-05-20 19:42:45 INFO  main [WavefrontOBJ] Done with "Mesh022.obj" (took 29 ms)
2025-05-20 19:42:45 INFO  main [WavefrontOBJ] Loading geometry from "Mesh038.obj" ..
2025-05-20 19:42:45 INFO  main [WavefrontOBJ] Mesh038: 14480 triangles, 7404 vertices (merged 36036 vertices).
2025-05-20 19:42:45 INFO  main [WavefrontOBJ] Done with "Mesh038.obj" (took 34 ms)
2025-05-20 19:42:45 INFO  main [WavefrontOBJ] Loading geometry from "Mesh030.obj" ..
2025-05-20 19:42:45 INFO  main [WavefrontOBJ] Mesh030: 2320 triangles, 1492 vertices (merged 5468 vertices).
2025-05-20 19:42:45 INFO  main [WavefrontOBJ] Done with "Mesh030.obj" (took 5 ms)
2025-05-20 19:42:45 INFO  main [WavefrontOBJ] Loading geometry from "Mesh046.obj" ..
2025-05-20 19:42:45 INFO  main [WavefrontOBJ] Mesh046: 13248 triangles, 6686 vertices (merged 33058 vertices).
2025-05-20 19:42:45 INFO  main [WavefrontOBJ] Done with "Mesh046.obj" (took 29 ms)
2025-05-20 19:42:45 INFO  main [WavefrontOBJ] Loading geometry from "Mesh047.obj" ..
2025-05-20 19:42:45 INFO  main [WavefrontOBJ] Mesh047: 14480 triangles, 7404 vertices (merged 36036 vertices).
2025-05-20 19:42:45 INFO  main [WavefrontOBJ] Done with "Mesh047.obj" (took 32 ms)
2025-05-20 19:42:45 INFO  main [WavefrontOBJ] Loading geometry from "Mesh034.obj" ..
2025-05-20 19:42:45 INFO  main [WavefrontOBJ] Mesh034: 2320 triangles, 1492 vertices (merged 5468 vertices).
2025-05-20 19:42:45 INFO  main [WavefrontOBJ] Done with "Mesh034.obj" (took 5 ms)
2025-05-20 19:42:45 INFO  main [WavefrontOBJ] Loading geometry from "Mesh033.obj" ..
2025-05-20 19:42:45 INFO  main [WavefrontOBJ] Mesh033: 44 triangles, 96 vertices (merged 36 vertices).
2025-05-20 19:42:45 INFO  main [WavefrontOBJ] Done with "Mesh033.obj" (took 0 ms)
2025-05-20 19:42:45 INFO  main [WavefrontOBJ] Loading geometry from "Mesh006.obj" ..
2025-05-20 19:42:45 INFO  main [WavefrontOBJ] Mesh006: 4 triangles, 6 vertices (merged 6 vertices).
2025-05-20 19:42:45 INFO  main [WavefrontOBJ] Done with "Mesh006.obj" (took 0 ms)
2025-05-20 19:42:45 INFO  main [WavefrontOBJ] Loading geometry from "Mesh048.obj" ..
2025-05-20 19:42:45 INFO  main [WavefrontOBJ] Mesh048: 30 triangles, 38 vertices (merged 52 vertices).
2025-05-20 19:42:45 INFO  main [WavefrontOBJ] Done with "Mesh048.obj" (took 0 ms)
2025-05-20 19:42:45 INFO  main [WavefrontOBJ] Loading geometry from "Mesh049.obj" ..
2025-05-20 19:42:45 INFO  main [WavefrontOBJ] Mesh049: 13248 triangles, 6686 vertices (merged 33058 vertices).
2025-05-20 19:42:45 INFO  main [WavefrontOBJ] Done with "Mesh049.obj" (took 29 ms)
2025-05-20 19:42:45 INFO  main [WavefrontOBJ] Loading geometry from "Mesh051.obj" ..
2025-05-20 19:42:45 INFO  main [WavefrontOBJ] Mesh051: 14480 triangles, 7404 vertices (merged 36036 vertices).
2025-05-20 19:42:45 INFO  main [WavefrontOBJ] Done with "Mesh051.obj" (took 31 ms)
2025-05-20 19:42:45 INFO  main [WavefrontOBJ] Loading geometry from "Mesh040.obj" ..
2025-05-20 19:42:45 INFO  main [WavefrontOBJ] Mesh040: 2320 triangles, 1492 vertices (merged 5468 vertices).
2025-05-20 19:42:45 INFO  main [WavefrontOBJ] Done with "Mesh040.obj" (took 5 ms)
2025-05-20 19:42:45 INFO  main [WavefrontOBJ] Loading geometry from "Mesh003.obj" ..
2025-05-20 19:42:45 INFO  main [WavefrontOBJ] Mesh003: 18176 triangles, 9150 vertices (merged 45378 vertices).
2025-05-20 19:42:45 INFO  main [WavefrontOBJ] Done with "Mesh003.obj" (took 39 ms)
2025-05-20 19:42:45 INFO  main [WavefrontOBJ] Loading geometry from "Mesh002.obj" ..
2025-05-20 19:42:46 INFO  main [WavefrontOBJ] Mesh002: 7624 triangles, 4070 vertices (merged 18802 vertices).
2025-05-20 19:42:46 INFO  main [WavefrontOBJ] Done with "Mesh002.obj" (took 16 ms)
2025-05-20 19:42:46 INFO  main [WavefrontOBJ] Loading geometry from "Mesh009.obj" ..
2025-05-20 19:42:46 INFO  main [WavefrontOBJ] Mesh009: 2016 triangles, 1260 vertices (merged 4788 vertices).
2025-05-20 19:42:46 INFO  main [WavefrontOBJ] Done with "Mesh009.obj" (took 4 ms)
2025-05-20 19:42:46 INFO  main [WavefrontOBJ] Loading geometry from "Mesh045.obj" ..
2025-05-20 19:42:46 INFO  main [WavefrontOBJ] Mesh045: 4352 triangles, 2178 vertices (merged 10878 vertices).
2025-05-20 19:42:46 INFO  main [WavefrontOBJ] Done with "Mesh045.obj" (took 9 ms)
2025-05-20 19:42:46 INFO  main [WavefrontOBJ] Loading geometry from "Mesh029.obj" ..
2025-05-20 19:42:46 INFO  main [WavefrontOBJ] Mesh029: 160 triangles, 144 vertices (merged 336 vertices).
2025-05-20 19:42:46 INFO  main [WavefrontOBJ] Done with "Mesh029.obj" (took 0 ms)
2025-05-20 19:42:46 INFO  main [WavefrontOBJ] Loading geometry from "Mesh039.obj" ..
2025-05-20 19:42:46 INFO  main [WavefrontOBJ] Mesh039: 560 triangles, 400 vertices (merged 1280 vertices).
2025-05-20 19:42:46 INFO  main [WavefrontOBJ] Done with "Mesh039.obj" (took 1 ms)
2025-05-20 19:42:46 INFO  main [WavefrontOBJ] Loading geometry from "Mesh050.obj" ..
2025-05-20 19:42:46 INFO  main [WavefrontOBJ] Mesh050: 720 triangles, 482 vertices (merged 1678 vertices).
2025-05-20 19:42:46 INFO  main [WavefrontOBJ] Done with "Mesh050.obj" (took 1 ms)
2025-05-20 19:42:46 INFO  main [WavefrontOBJ] Loading geometry from "Mesh001.obj" ..
2025-05-20 19:42:46 INFO  main [WavefrontOBJ] Mesh001: 170 triangles, 340 vertices (merged 170 vertices).
2025-05-20 19:42:46 INFO  main [WavefrontOBJ] Done with "Mesh001.obj" (took 1 ms)
2025-05-20 19:42:46 INFO  main [WavefrontOBJ] Loading geometry from "Mesh000.obj" ..
2025-05-20 19:42:46 INFO  main [WavefrontOBJ] Mesh000: 22 triangles, 44 vertices (merged 22 vertices).
2025-05-20 19:42:46 INFO  main [WavefrontOBJ] Done with "Mesh000.obj" (took 0 ms)
2025-05-20 19:42:46 INFO  main [PluginManager] Loading plugin "plugins/rectangle.so" ..
2025-05-20 19:42:46 INFO  ren0 [KDTreeBase] Constructing a SAH kd-tree (321251 primitives) ..
2025-05-20 19:42:46 INFO  ren0 [KDTreeBase] Finished -- took 565 ms.
2025-05-20 19:42:46 INFO  ren0 [octree.h:534] root weight: 8.000e-20 (0.000000)
2025-05-20 19:42:46 INFO  ren0 [octree.h:535] splitting threshold: 8.000e-23 (0.000000)
2025-05-20 19:42:46 INFO  ren0 [octree.h:550] node count: 1 -> 585 -> 585

2025-05-20 19:42:46 INFO  ren0 [octree.h:534] root weight: 4.096e-17 (0.000000)
2025-05-20 19:42:46 INFO  ren0 [octree.h:535] splitting threshold: 4.096e-20 (0.000000)
2025-05-20 19:42:46 INFO  ren0 [octree.h:550] node count: 585 -> 585 -> 585

2025-05-20 19:42:46 INFO  ren0 [octree.h:534] root weight: 8.000e-20 (0.000000)
2025-05-20 19:42:46 INFO  ren0 [octree.h:535] splitting threshold: 8.000e-23 (0.000000)
2025-05-20 19:42:46 INFO  ren0 [octree.h:550] node count: 1 -> 585 -> 585

2025-05-20 19:42:46 INFO  ren0 [octree.h:534] root weight: 8.000e-20 (0.000000)
2025-05-20 19:42:46 INFO  ren0 [octree.h:535] splitting threshold: 8.000e-23 (0.000000)
2025-05-20 19:42:46 INFO  ren0 [octree.h:550] node count: 1 -> 585 -> 585

2025-05-20 19:42:46 INFO  ren0 [octree.h:534] root weight: 4.096e-17 (0.000000)
2025-05-20 19:42:46 INFO  ren0 [octree.h:535] splitting threshold: 4.096e-20 (0.000000)
2025-05-20 19:42:46 INFO  ren0 [octree.h:550] node count: 585 -> 585 -> 585

2025-05-20 19:42:46 INFO  ren0 [octree.h:534] root weight: 8.000e-20 (0.000000)
2025-05-20 19:42:46 INFO  ren0 [octree.h:535] splitting threshold: 8.000e-23 (0.000000)
2025-05-20 19:42:46 INFO  ren0 [octree.h:550] node count: 1 -> 585 -> 585

2025-05-20 19:42:46 INFO  ren0 [MIFocalGuidingPathTracer] AABB3[min=[-6.3658, -1.5274, -4.73046], max=[5.27597, 8.04131, 10.0598]]
2025-05-20 19:42:46 INFO  ren0 [MIFocalGuidingPathTracer] Starting render job (1280x720, 12 cores, SSE2 enabled) ..
2025-05-20 19:42:46 INFO  ren0 [MIFocalGuidingPathTracer] ITERATION 0, until 10.0 seconds
2025-05-20 19:42:58 INFO  ren0 [MIFocalGuidingPathTracer]   11.97 seconds elapsed, passes this iteration: 5, total passes: 5
2025-05-20 19:42:58 INFO  ren0 [MIFocalGuidingPathTracer] Got 1638527 non-zero samples
2025-05-20 19:42:58 INFO  ren0 [gaussian_mixture_model.h:811] Processing mega batch of size 1638527
2025-05-20 19:42:58 INFO  ren0 [gaussian_mixture_model.h:550] KMeans
2025-05-20 19:43:00 INFO  ren0 [MIFocalGuidingPathTracer] GMM[
weight = 0.000723242 mean = [3.5831 5.27951 6.97458] covariance = [[0.245604 -0.406782 0.0606032][-0.406782 0.75359 0.0110182][0.0606032 0.0110182 1.03181]]
weight = 0.00317565 mean = [2.8765 6.35244 4.98537] covariance = [[0.245491 -0.4119 0.36953][-0.4119 0.716072 -0.597679][0.36953 -0.597679 0.630152]]
weight = 3.6577e-05 mean = [3.51521 5.24315 4.49622] covariance = [[0.234057 -0.426235 -0.143956][-0.426235 0.856974 0.552036][-0.143956 0.552036 1.63791]]
weight = 1.43904e-05 mean = [3.56271 6.29591 7.41331] covariance = [[0.100523 -0.171798 0.125863][-0.171798 0.77288 -0.0725041][0.125863 -0.0725041 0.569894]]
weight = 0.00969919 mean = [3.71812 6.1751 9.11649] covariance = [[0.0648535 -0.133019 -0.0325024][-0.133019 0.497764 0.282534][-0.0325024 0.282534 0.627345]]
weight = 0.000723242 mean = [3.30309 5.62267 5.60103] covariance = [[0.245604 -0.406782 0.0606032][-0.406782 0.75359 0.0110182][0.0606032 0.0110182 1.03181]]
weight = 0.000197456 mean = [2.61145 7.63573 4.81008] covariance = [[0.12367 0.0317158 0.0725899][0.0317158 0.012999 0.0185201][0.0725899 0.0185201 0.0433448]]
weight = 0.98543 mean = [-1.89633 2.9925 2.58203] covariance = [[11.32 -3.06607 0.695856][-3.06607 6.80088 -5.03012][0.695856 -5.03012 18.8883]]
]
2025-05-20 19:43:00 INFO  ren0 [octree.h:534] root weight: 2.893e+04 (28926.480469)
2025-05-20 19:43:00 INFO  ren0 [octree.h:535] splitting threshold: 2.893e+01 (28.926481)
2025-05-20 19:43:00 INFO  ren0 [octree.h:534] root weight: 2.550e+03 (2549.773682)
2025-05-20 19:43:00 INFO  ren0 [octree.h:535] splitting threshold: 2.550e+00 (2.549774)
2025-05-20 19:43:00 INFO  ren0 [octree.h:550] node count: 585 -> 880 -> 591

2025-05-20 19:43:00 INFO  ren0 [octree.h:550] node count: 585 -> 622 -> 506

2025-05-20 19:43:00 INFO  ren0 [MIFocalGuidingPathTracer] ITERATION 1, until 20.0 seconds
2025-05-20 19:43:31 INFO  ren0 [MIFocalGuidingPathTracer]   44.46 seconds elapsed, passes this iteration: 1, total passes: 6
2025-05-20 19:43:31 INFO  ren0 [MIFocalGuidingPathTracer] Got 175352 non-zero samples
2025-05-20 19:43:31 INFO  ren0 [gaussian_mixture_model.h:811] Processing mega batch of size 175352
2025-05-20 19:43:31 INFO  ren0 [MIFocalGuidingPathTracer] GMM[
weight = 0.000167401 mean = [3.12037 6.23834 8.5949] covariance = [[0.397599 -0.676844 0.0863682][-0.676844 1.25761 -0.0035537][0.0863682 -0.0035537 1.57847]]
weight = 0.000738788 mean = [3.82272 5.81866 9.03952] covariance = [[0.164181 -0.189233 -0.0294842][-0.189233 0.452142 0.0682789][-0.0294842 0.0682789 0.334379]]
weight = 0.000738788 mean = [3.37307 6.73147 9.3611] covariance = [[0.164181 -0.189233 -0.0294842][-0.189233 0.452142 0.0682789][-0.0294842 0.0682789 0.334379]]
weight = 0.000421832 mean = [3.36054 5.68433 6.32382] covariance = [[0.6742 -1.08607 0.737974][-1.08607 2.00046 -0.948413][0.737974 -0.948413 2.90855]]
weight = 1.49174e-05 mean = [2.57666 7.62055 4.79057] covariance = [[0.14938 0.0433457 0.0867213][0.0433457 0.0183338 0.0249338][0.0867213 0.0249338 0.0511666]]
weight = 0.997918 mean = [-0.826817 2.76419 0.99348] covariance = [[13.2007 -3.11613 -5.36258][-3.11613 5.7877 -0.0436816][-5.36258 -0.0436816 21.8915]]
]
2025-05-20 19:43:31 INFO  ren0 [octree.h:534] root weight: 1.535e+04 (15348.904297)
2025-05-20 19:43:31 INFO  ren0 [octree.h:535] splitting threshold: 1.535e+01 (15.348905)
2025-05-20 19:43:31 INFO  ren0 [octree.h:534] root weight: 1.530e+03 (1529.715088)
2025-05-20 19:43:31 INFO  ren0 [octree.h:535] splitting threshold: 1.530e+00 (1.529715)
2025-05-20 19:43:31 INFO  ren0 [octree.h:550] node count: 591 -> 604 -> 590

2025-05-20 19:43:31 INFO  ren0 [octree.h:550] node count: 506 -> 512 -> 512

2025-05-20 19:43:31 INFO  ren0 [MIFocalGuidingPathTracer] ITERATION 2, until 30.0 seconds
2025-05-20 19:43:52 INFO  ren0 [MIFocalGuidingPathTracer]   66.23 seconds elapsed, passes this iteration: 1, total passes: 7
2025-05-20 19:43:52 INFO  ren0 [MIFocalGuidingPathTracer] Got 149834 non-zero samples
2025-05-20 19:43:52 INFO  ren0 [gaussian_mixture_model.h:811] Processing mega batch of size 149834
2025-05-20 19:43:52 INFO  ren0 [MIFocalGuidingPathTracer] GMM[
weight = 0.000671667 mean = [3.02437 7.55405 7.84263] covariance = [[0.0590117 -0.0722125 0.0216648][-0.0722125 0.169422 -0.097904][0.0216648 -0.097904 0.182831]]
weight = 0.00147264 mean = [4.23337 5.79258 8.77839] covariance = [[0.43235 -0.372891 -0.116782][-0.372891 0.47612 0.0783973][-0.116782 0.0783973 0.514072]]
weight = 0.000704913 mean = [3.39978 6.74054 8.76533] covariance = [[0.184381 -0.226669 0.127919][-0.226669 0.474227 -0.387685][0.127919 -0.387685 0.584015]]
weight = 0.00340514 mean = [3.7317 5.43834 6.52748] covariance = [[0.457544 -0.678087 -0.367876][-0.678087 1.3246 0.669779][-0.367876 0.669779 1.1051]]
weight = 0.993746 mean = [-1.18797 2.90499 -0.262921] covariance = [[11.8552 -0.198854 -0.188281][-0.198854 3.5897 -0.182601][-0.188281 -0.182601 17.9648]]
]
2025-05-20 19:43:52 INFO  ren0 [octree.h:534] root weight: 8.672e+03 (8671.819336)
2025-05-20 19:43:52 INFO  ren0 [octree.h:535] splitting threshold: 8.672e+00 (8.671820)
2025-05-20 19:43:52 INFO  ren0 [octree.h:534] root weight: 1.174e+03 (1173.577637)
2025-05-20 19:43:52 INFO  ren0 [octree.h:535] splitting threshold: 1.174e+00 (1.173578)
2025-05-20 19:43:52 INFO  ren0 [octree.h:550] node count: 590 -> 622 -> 600

2025-05-20 19:43:52 INFO  ren0 [octree.h:550] node count: 512 -> 525 -> 500

2025-05-20 19:43:52 INFO  ren0 [MIFocalGuidingPathTracer] ITERATION 3, until 40.0 seconds
2025-05-20 19:44:12 INFO  ren0 [MIFocalGuidingPathTracer]   85.41 seconds elapsed, passes this iteration: 1, total passes: 8
2025-05-20 19:44:12 INFO  ren0 [MIFocalGuidingPathTracer] Got 169677 non-zero samples
2025-05-20 19:44:12 INFO  ren0 [gaussian_mixture_model.h:811] Processing mega batch of size 169677
2025-05-20 19:44:12 INFO  ren0 [MIFocalGuidingPathTracer] GMM[
weight = 0.000433897 mean = [3.27639 6.33911 7.25113] covariance = [[0.252813 -0.148707 -0.0725316][-0.148707 0.443063 -0.0514591][-0.0725316 -0.0514591 0.519174]]
weight = 0.143984 mean = [-1.74451 3.03125 -0.673416] covariance = [[10.0774 -0.651169 0.0401279][-0.651169 4.93401 0.266117][0.0401279 0.266117 10.1813]]
weight = 0.000433897 mean = [3.81278 5.58684 6.8203] covariance = [[0.252813 -0.148707 -0.0725316][-0.148707 0.443063 -0.0514591][-0.0725316 -0.0514591 0.519174]]
weight = 0.143984 mean = [-0.908511 3.15214 3.76266] covariance = [[10.0774 -0.651169 0.0401279][-0.651169 4.93401 0.266117][0.0401279 0.266117 10.1813]]
weight = 0.000665372 mean = [3.69005 5.68562 6.76926] covariance = [[0.274334 -0.178476 -0.0781409][-0.178476 0.521225 0.0792202][-0.0781409 0.0792202 0.625792]]
weight = 0.00481969 mean = [3.93392 6.83167 9.2133] covariance = [[0.433564 -0.446285 -0.239641][-0.446285 0.57807 0.357454][-0.239641 0.357454 0.540151]]
weight = 0.352507 mean = [-1.60645 2.93694 -1.02455] covariance = [[7.59098 -0.350764 1.72038][-0.350764 2.97099 0.218996][1.72038 0.218996 6.99003]]
weight = 0.000665372 mean = [4.1197 4.97808 5.89145] covariance = [[0.274334 -0.178476 -0.0781409][-0.178476 0.521225 0.0792202][-0.0781409 0.0792202 0.625792]]
weight = 0.352507 mean = [0.509678 2.44302 -3.57083] covariance = [[7.59098 -0.350764 1.72038][-0.350764 2.97099 0.218996][1.72038 0.218996 6.99003]]
]
2025-05-20 19:44:12 INFO  ren0 [octree.h:534] root weight: 4.940e+03 (4939.880371)
2025-05-20 19:44:12 INFO  ren0 [octree.h:535] splitting threshold: 4.940e+00 (4.939880)
2025-05-20 19:44:12 INFO  ren0 [octree.h:534] root weight: 8.671e+02 (867.065125)
2025-05-20 19:44:12 INFO  ren0 [octree.h:535] splitting threshold: 8.671e-01 (0.867065)
2025-05-20 19:44:12 INFO  ren0 [octree.h:550] node count: 600 -> 626 -> 580

2025-05-20 19:44:12 INFO  ren0 [octree.h:550] node count: 500 -> 516 -> 513

2025-05-20 19:44:12 INFO  ren0 [MIFocalGuidingPathTracer] ITERATION 4, until 50.0 seconds
2025-05-20 19:44:40 INFO  ren0 [MIFocalGuidingPathTracer]   113.90 seconds elapsed, passes this iteration: 1, total passes: 9
2025-05-20 19:44:40 INFO  ren0 [MIFocalGuidingPathTracer] Got 160762 non-zero samples
2025-05-20 19:44:40 INFO  ren0 [gaussian_mixture_model.h:811] Processing mega batch of size 160762
2025-05-20 19:44:40 INFO  ren0 [MIFocalGuidingPathTracer] GMM[
weight = 0.245652 mean = [3.98231 2.26393 -3.39782] covariance = [[1.72511 -0.377955 -0.833983][-0.377955 3.33562 -0.782568][-0.833983 -0.782568 3.05439]]
weight = 0.508696 mean = [1.5223 0.644995 6.79396] covariance = [[2.53668 -0.635107 -1.28612][-0.635107 1.85769 -2.20352][-1.28612 -2.20352 6.53495]]
weight = 0.245652 mean = [2.63838 3.80914 -2.06271] covariance = [[1.72511 -0.377955 -0.833983][-0.377955 3.33562 -0.782568][-0.833983 -0.782568 3.05439]]
]
2025-05-20 19:44:40 INFO  ren0 [octree.h:534] root weight: 6.072e+05 (607160.937500)
2025-05-20 19:44:40 INFO  ren0 [octree.h:535] splitting threshold: 6.072e+02 (607.160950)
2025-05-20 19:44:40 INFO  ren0 [octree.h:534] root weight: 1.517e+05 (151728.781250)
2025-05-20 19:44:40 INFO  ren0 [octree.h:535] splitting threshold: 1.517e+02 (151.728790)
2025-05-20 19:44:40 INFO  ren0 [octree.h:550] node count: 580 -> 986 -> 897

2025-05-20 19:44:40 INFO  ren0 [octree.h:550] node count: 513 -> 661 -> 650

2025-05-20 19:44:40 INFO  ren0 [MIFocalGuidingPathTracer] ITERATION 5, until 60.0 seconds
2025-05-20 19:44:51 INFO  ren0 [MIFocalGuidingPathTracer]   124.57 seconds elapsed, passes this iteration: 1, total passes: 10
2025-05-20 19:44:51 INFO  ren0 [MIFocalGuidingPathTracer] Got 78626 non-zero samples
2025-05-20 19:44:51 INFO  ren0 [gaussian_mixture_model.h:811] Processing mega batch of size 78626
2025-05-20 19:44:51 INFO  ren0 [MIFocalGuidingPathTracer] GMM[
weight = 0.243285 mean = [1.19502 0.136418 8.24861] covariance = [[2.59307 -0.860716 -0.822539][-0.860716 1.65327 -1.4284][-0.822539 -1.4284 4.38944]]
weight = 0.243285 mean = [1.79551 1.2112 5.30863] covariance = [[2.59307 -0.860716 -0.822539][-0.860716 1.65327 -1.4284][-0.822539 -1.4284 4.38944]]
weight = 0.513431 mean = [2.83606 3.03571 -2.67319] covariance = [[4.5211 -0.61439 -0.770173][-0.61439 4.04848 0.0569536][-0.770173 0.0569536 3.96659]]
]
2025-05-20 19:44:51 INFO  ren0 [octree.h:534] root weight: 3.037e+05 (303664.468750)
2025-05-20 19:44:51 INFO  ren0 [octree.h:535] splitting threshold: 3.037e+02 (303.664490)
2025-05-20 19:44:51 INFO  ren0 [octree.h:534] root weight: 7.597e+04 (75966.125000)
2025-05-20 19:44:51 INFO  ren0 [octree.h:535] splitting threshold: 7.597e+01 (75.966125)
2025-05-20 19:44:51 INFO  ren0 [octree.h:550] node count: 897 -> 897 -> 897

2025-05-20 19:44:51 INFO  ren0 [octree.h:550] node count: 650 -> 650 -> 650

2025-05-20 19:44:51 INFO  ren0 [MIFocalGuidingPathTracer] ITERATION 6, until 70.0 seconds
2025-05-20 19:44:59 INFO  ren0 [MIFocalGuidingPathTracer]   133.33 seconds elapsed, passes this iteration: 1, total passes: 11
2025-05-20 19:44:59 INFO  ren0 [MIFocalGuidingPathTracer] Got 93658 non-zero samples
2025-05-20 19:44:59 INFO  ren0 [gaussian_mixture_model.h:811] Processing mega batch of size 93658
2025-05-20 19:45:00 INFO  ren0 [MIFocalGuidingPathTracer] GMM[
weight = 0.425341 mean = [-2.79305 1.1451 -1.8795] covariance = [[2.83269 0.570457 -0.383806][0.570457 1.18196 0.00308168][-0.383806 0.00308168 0.823643]]
weight = 0.149319 mean = [1.49341 0.677519 6.7739] covariance = [[2.68732 -0.703865 -1.26183][-0.703865 1.94665 -2.21665][-1.26183 -2.21665 6.55462]]
weight = 0.425341 mean = [-0.451699 1.85177 -2.27851] covariance = [[2.83269 0.570457 -0.383806][0.570457 1.18196 0.00308168][-0.383806 0.00308168 0.823643]]
]
2025-05-20 19:45:00 INFO  ren0 [octree.h:534] root weight: 7.092e+05 (709204.625000)
2025-05-20 19:45:00 INFO  ren0 [octree.h:535] splitting threshold: 7.092e+02 (709.204651)
2025-05-20 19:45:00 INFO  ren0 [octree.h:534] root weight: 2.238e+05 (223811.671875)
2025-05-20 19:45:00 INFO  ren0 [octree.h:535] splitting threshold: 2.238e+02 (223.811676)
2025-05-20 19:45:00 INFO  ren0 [octree.h:550] node count: 897 -> 1135 -> 796

2025-05-20 19:45:00 INFO  ren0 [octree.h:550] node count: 650 -> 723 -> 594

2025-05-20 19:45:00 INFO  ren0 [MIFocalGuidingPathTracer] ITERATION 7, until 80.0 seconds
2025-05-20 19:45:09 INFO  ren0 [MIFocalGuidingPathTracer]   143.15 seconds elapsed, passes this iteration: 1, total passes: 12
2025-05-20 19:45:09 INFO  ren0 [MIFocalGuidingPathTracer] Got 128991 non-zero samples
2025-05-20 19:45:09 INFO  ren0 [gaussian_mixture_model.h:811] Processing mega batch of size 128991
2025-05-20 19:45:09 INFO  ren0 [MIFocalGuidingPathTracer] GMM[
weight = 0.387968 mean = [-2.55086 1.33595 -1.95396] covariance = [[3.76949 0.561561 -0.437846][0.561561 1.95293 -0.223336][-0.437846 -0.223336 1.3862]]
weight = 0.224064 mean = [1.11295 1.76457 6.23179] covariance = [[4.75768 -1.42689 0.149751][-1.42689 5.0588 -3.24715][0.149751 -3.24715 7.43105]]
weight = 0.387968 mean = [0.124948 2.11909 -2.46567] covariance = [[3.76949 0.561561 -0.437846][0.561561 1.95293 -0.223336][-0.437846 -0.223336 1.3862]]
]
2025-05-20 19:45:09 INFO  ren0 [octree.h:534] root weight: 3.553e+05 (355347.281250)
2025-05-20 19:45:09 INFO  ren0 [octree.h:535] splitting threshold: 3.553e+02 (355.347290)
2025-05-20 19:45:09 INFO  ren0 [octree.h:534] root weight: 1.123e+05 (112263.632812)
2025-05-20 19:45:09 INFO  ren0 [octree.h:535] splitting threshold: 1.123e+02 (112.263641)
2025-05-20 19:45:09 INFO  ren0 [octree.h:550] node count: 796 -> 796 -> 796

2025-05-20 19:45:09 INFO  ren0 [octree.h:550] node count: 594 -> 594 -> 594

2025-05-20 19:45:09 INFO  ren0 [MIFocalGuidingPathTracer] ITERATION 8, until 90.0 seconds
2025-05-20 19:45:19 INFO  ren0 [MIFocalGuidingPathTracer]   152.95 seconds elapsed, passes this iteration: 1, total passes: 13
2025-05-20 19:45:19 INFO  ren0 [MIFocalGuidingPathTracer] Got 145170 non-zero samples
2025-05-20 19:45:19 INFO  ren0 [gaussian_mixture_model.h:811] Processing mega batch of size 145170
2025-05-20 19:45:19 INFO  ren0 [MIFocalGuidingPathTracer] GMM[
weight = 0.256098 mean = [-0.721592 3.93809 3.36495] covariance = [[7.30284 -0.859069 0.346262][-0.859069 4.68162 -1.20618][0.346262 -1.20618 6.97247]]
weight = 0.33739 mean = [-2.30438 2.42893 -2.29235] covariance = [[6.66698 0.147632 -0.87885][0.147632 2.5319 -0.279498][-0.87885 -0.279498 2.7368]]
weight = 0.0691222 mean = [0.000456651 1.04174 7.63153] covariance = [[8.25326 -0.524822 -0.309929][-0.524822 5.14953 -1.06433][-0.309929 -1.06433 6.01712]]
weight = 0.33739 mean = [1.31312 2.60266 -3.07441] covariance = [[6.66698 0.147632 -0.87885][0.147632 2.5319 -0.279498][-0.87885 -0.279498 2.7368]]
]
2025-05-20 19:45:19 INFO  ren0 [octree.h:534] root weight: 1.782e+05 (178185.796875)
2025-05-20 19:45:19 INFO  ren0 [octree.h:535] splitting threshold: 1.782e+02 (178.185806)
2025-05-20 19:45:19 INFO  ren0 [octree.h:534] root weight: 5.643e+04 (56433.292969)
2025-05-20 19:45:19 INFO  ren0 [octree.h:535] splitting threshold: 5.643e+01 (56.433296)
2025-05-20 19:45:19 INFO  ren0 [octree.h:550] node count: 796 -> 796 -> 796

2025-05-20 19:45:19 INFO  ren0 [octree.h:550] node count: 594 -> 595 -> 595

2025-05-20 19:45:19 INFO  ren0 [MIFocalGuidingPathTracer] ITERATION 9, until 100.0 seconds
2025-05-20 19:45:30 INFO  ren0 [MIFocalGuidingPathTracer]   164.35 seconds elapsed, passes this iteration: 1, total passes: 14
2025-05-20 19:45:30 INFO  ren0 [pmm_focal_guiding_recursive.cpp:220] starting iterative narrowing
2025-05-20 19:45:30 INFO  ren0 [MIFocalGuidingPathTracer] Got 153376 non-zero samples
2025-05-20 19:45:31 INFO  ren0 [gaussian_mixture_model.h:811] Processing mega batch of size 153376
2025-05-20 19:45:31 INFO  ren0 [MIFocalGuidingPathTracer] GMM[
weight = 0.0636573 mean = [-5.35818 1.18315 -3.10718] covariance = [[1.45374 0.111851 0.0837181][0.111851 1.93068 -0.0195331][0.0837181 -0.0195331 1.9027]]
weight = 0.0636573 mean = [-4.935 3.11454 -3.15059] covariance = [[1.45374 0.111851 0.0837181][0.111851 1.93068 -0.0195331][0.0837181 -0.0195331 1.9027]]
weight = 0.132047 mean = [1.32338 4.82809 3.23776] covariance = [[6.70488 0.34864 0.303977][0.34864 5.56474 -1.57191][0.303977 -1.57191 8.9936]]
weight = 0.0832359 mean = [-1.02615 1.50046 7.21904] covariance = [[15.4037 0.510287 0.550548][0.510287 4.76103 -0.356869][0.550548 -0.356869 4.42948]]
weight = 0.132047 mean = [-2.26038 3.96798 3.1181] covariance = [[6.70488 0.34864 0.303977][0.34864 5.56474 -1.57191][0.303977 -1.57191 8.9936]]
weight = 0.118307 mean = [-4.32052 2.23445 -2.81806] covariance = [[3.00898 -0.00160118 0.0356044][-0.00160118 3.04737 -0.0765792][0.0356044 -0.0765792 2.56511]]
