2025-03-25 02:28:56 INFO  main [mitsuba.cpp:274] Mitsuba version 0.6.0 (Linux, 64 bit), Copyright (c) 2017 Wenzel Jakob
2025-03-25 02:28:56 INFO  main [mitsuba.cpp:377] Parsing scene description from "../../scenes/modern-hall/modern-hall.xml" ..
2025-03-25 02:28:56 INFO  main [scenehandler.cpp:675] In file "/home/julia/PBRT/PMM_focal_guiding/mitsuba/dist/../../scenes/modern-hall/modern-hall.xml" (near line 20): Parsing included file "pmm_focal_guiding.xml" ..
2025-03-25 02:28:56 INFO  main [PluginManager] Loading plugin "plugins/pmm_focal_guiding.so" ..
2025-03-25 02:28:56 INFO  main [octree.h:482] root weight: 8.000e-20 (0.000000)
2025-03-25 02:28:56 INFO  main [octree.h:483] splitting threshold: 8.000e-23 (0.000000)
2025-03-25 02:28:56 INFO  main [octree.h:498] node count: 1 -> 585 -> 585

2025-03-25 02:28:56 INFO  main [octree.h:482] root weight: 8.000e-20 (0.000000)
2025-03-25 02:28:56 INFO  main [octree.h:483] splitting threshold: 8.000e-23 (0.000000)
2025-03-25 02:28:56 INFO  main [octree.h:498] node count: 1 -> 585 -> 585

2025-03-25 02:28:56 INFO  main [PMMFocalGuidingIntegrator] Saving to: 
2025-03-25 02:28:56 INFO  main [PMMFocalGuidingIntegrator] GMM params: alpha = 0.250000, split_th = 4.000000, merge_th = 0.500000, min_num_comp = 3, max_num_comp = 10, use_k_means = 0
2025-03-25 02:28:56 INFO  main [PMMFocalGuidingIntegrator] iterationCount: 8
2025-03-25 02:28:56 INFO  main [PMMFocalGuidingIntegrator] PMMFocalGuidingIntegrator
  maxDepth = 40,
  rrDepth = 14,
  strictNormals = 1
  gmm = GMM[
]
]
2025-03-25 02:28:56 WARN  main [scenehandler.cpp:795] In file "/home/julia/PBRT/PMM_focal_guiding/mitsuba/dist/../../scenes/modern-hall/../_integrators/pmm_focal_guiding.xml" (near line 49): Unqueried attribute "budget" in element "integrator"
2025-03-25 02:28:56 WARN  main [scenehandler.cpp:795] In file "/home/julia/PBRT/PMM_focal_guiding/mitsuba/dist/../../scenes/modern-hall/../_integrators/pmm_focal_guiding.xml" (near line 49): Unqueried attribute "dumpPrimaryRays" in element "integrator"
2025-03-25 02:28:56 WARN  main [scenehandler.cpp:795] In file "/home/julia/PBRT/PMM_focal_guiding/mitsuba/dist/../../scenes/modern-hall/../_integrators/pmm_focal_guiding.xml" (near line 49): Unqueried attribute "dumpScene" in element "integrator"
2025-03-25 02:28:56 WARN  main [scenehandler.cpp:795] In file "/home/julia/PBRT/PMM_focal_guiding/mitsuba/dist/../../scenes/modern-hall/../_integrators/pmm_focal_guiding.xml" (near line 49): Unqueried attribute "normalBinning" in element "integrator"
2025-03-25 02:28:56 WARN  main [scenehandler.cpp:795] In file "/home/julia/PBRT/PMM_focal_guiding/mitsuba/dist/../../scenes/modern-hall/../_integrators/pmm_focal_guiding.xml" (near line 49): Unqueried attribute "samplingMode" in element "integrator"
2025-03-25 02:28:56 WARN  main [scenehandler.cpp:795] In file "/home/julia/PBRT/PMM_focal_guiding/mitsuba/dist/../../scenes/modern-hall/../_integrators/pmm_focal_guiding.xml" (near line 49): Unqueried attribute "unboundedSplatting" in element "integrator"
2025-03-25 02:28:56 INFO  main [PluginManager] Loading plugin "plugins/independent.so" ..
2025-03-25 02:28:56 INFO  main [PluginManager] Loading plugin "plugins/box.so" ..
2025-03-25 02:28:56 INFO  main [PluginManager] Loading plugin "plugins/hdrfilm.so" ..
2025-03-25 02:28:56 INFO  main [PluginManager] Loading plugin "plugins/perspective.so" ..
2025-03-25 02:28:56 INFO  main [PluginManager] Loading plugin "plugins/dielectric.so" ..
2025-03-25 02:28:56 INFO  main [PluginManager] Loading plugin "plugins/bitmap.so" ..
2025-03-25 02:28:56 INFO  main [BitmapTexture] Loading texture "wood5.jpg"
2025-03-25 02:28:56 INFO  main [MIPMap] Mapped MIP map cache file "/home/julia/PBRT/PMM_focal_guiding/mitsuba/dist/../../scenes/modern-hall/textures/wood5.mip" into memory (14.7 MiB).
2025-03-25 02:28:56 INFO  main [PluginManager] Loading plugin "plugins/roughplastic.so" ..
2025-03-25 02:28:56 INFO  main [PluginManager] Loading plugin "plugins/twosided.so" ..
2025-03-25 02:28:56 INFO  main [BitmapTexture] Loading texture "Tiles.jpg"
2025-03-25 02:28:56 INFO  main [PluginManager] Loading plugin "plugins/lanczos.so" ..
2025-03-25 02:28:56 INFO  main [PluginManager] Loading plugin "plugins/diffuse.so" ..
2025-03-25 02:28:56 INFO  main [BitmapTexture] Loading texture "Wallpaper.jpg"
2025-03-25 02:28:56 INFO  main [PluginManager] Loading plugin "plugins/roughconductor.so" ..
2025-03-25 02:28:56 INFO  main [spectrum.cpp:599] "Cu.eta.spd": loaded a spectral power distribution with 55 entries (between 302.400421 and 885.601257 nm)
2025-03-25 02:28:56 INFO  main [spectrum.cpp:599] "Cu.k.spd": loaded a spectral power distribution with 55 entries (between 302.400421 and 885.601257 nm)
2025-03-25 02:28:56 INFO  main [spectrum.cpp:599] "Cu.eta.spd": loaded a spectral power distribution with 55 entries (between 302.400421 and 885.601257 nm)
2025-03-25 02:28:56 INFO  main [spectrum.cpp:599] "Cu.k.spd": loaded a spectral power distribution with 55 entries (between 302.400421 and 885.601257 nm)
2025-03-25 02:28:56 INFO  main [PluginManager] Loading plugin "plugins/difftrans.so" ..
2025-03-25 02:28:56 INFO  main [PluginManager] Loading plugin "plugins/area.so" ..
2025-03-25 02:28:56 INFO  main [PluginManager] Loading plugin "plugins/rectangle.so" ..
2025-03-25 02:28:56 INFO  main [PluginManager] Loading plugin "plugins/cube.so" ..
2025-03-25 02:28:56 INFO  main [PluginManager] Loading plugin "plugins/obj.so" ..
2025-03-25 02:28:56 INFO  main [WavefrontOBJ] Loading geometry from "Mesh008.obj" ..
2025-03-25 02:28:56 INFO  main [WavefrontOBJ] Mesh008: 5184 triangles, 2664 vertices (merged 12888 vertices).
2025-03-25 02:28:56 INFO  main [WavefrontOBJ] Done with "Mesh008.obj" (took 37 ms)
2025-03-25 02:28:56 INFO  main [WavefrontOBJ] Loading geometry from "Mesh004.obj" ..
2025-03-25 02:28:56 INFO  main [WavefrontOBJ] Mesh004: 5184 triangles, 2664 vertices (merged 12888 vertices).
2025-03-25 02:28:56 INFO  main [WavefrontOBJ] Done with "Mesh004.obj" (took 47 ms)
2025-03-25 02:28:56 INFO  main [WavefrontOBJ] Loading geometry from "Mesh003.obj" ..
2025-03-25 02:28:56 INFO  main [WavefrontOBJ] Mesh003: 5184 triangles, 2664 vertices (merged 12888 vertices).
2025-03-25 02:28:56 INFO  main [WavefrontOBJ] Done with "Mesh003.obj" (took 31 ms)
2025-03-25 02:28:56 INFO  main [WavefrontOBJ] Loading geometry from "Mesh006.obj" ..
2025-03-25 02:28:56 INFO  main [WavefrontOBJ] Mesh006: 5184 triangles, 2664 vertices (merged 12888 vertices).
2025-03-25 02:28:56 INFO  main [WavefrontOBJ] Done with "Mesh006.obj" (took 32 ms)
2025-03-25 02:28:56 INFO  main [WavefrontOBJ] Loading geometry from "Mesh012.obj" ..
2025-03-25 02:28:56 INFO  main [WavefrontOBJ] Mesh012: 444 triangles, 882 vertices (merged 450 vertices).
2025-03-25 02:28:56 INFO  main [WavefrontOBJ] Done with "Mesh012.obj" (took 6 ms)
2025-03-25 02:28:56 INFO  main [WavefrontOBJ] Loading geometry from "Mesh013.obj" ..
2025-03-25 02:28:56 INFO  main [WavefrontOBJ] Mesh013: 5184 triangles, 2664 vertices (merged 12888 vertices).
2025-03-25 02:28:56 INFO  main [WavefrontOBJ] Done with "Mesh013.obj" (took 34 ms)
2025-03-25 02:28:56 INFO  main [WavefrontOBJ] Loading geometry from "Mesh010.obj" ..
2025-03-25 02:28:56 INFO  main [WavefrontOBJ] Mesh010: 32 triangles, 60 vertices (merged 36 vertices).
2025-03-25 02:28:56 INFO  main [WavefrontOBJ] Done with "Mesh010.obj" (took 1 ms)
2025-03-25 02:28:56 INFO  main [WavefrontOBJ] Loading geometry from "Mesh015.obj" ..
2025-03-25 02:28:56 INFO  main [WavefrontOBJ] Mesh015: 32 triangles, 60 vertices (merged 36 vertices).
2025-03-25 02:28:56 INFO  main [WavefrontOBJ] Done with "Mesh015.obj" (took 2 ms)
2025-03-25 02:28:56 INFO  main [WavefrontOBJ] Loading geometry from "Mesh002.obj" ..
2025-03-25 02:28:56 INFO  main [WavefrontOBJ] Mesh002: 32 triangles, 60 vertices (merged 36 vertices).
2025-03-25 02:28:56 INFO  main [WavefrontOBJ] Done with "Mesh002.obj" (took 2 ms)
2025-03-25 02:28:56 INFO  main [WavefrontOBJ] Loading geometry from "Mesh007.obj" ..
2025-03-25 02:28:56 INFO  main [WavefrontOBJ] Mesh007: 32 triangles, 60 vertices (merged 36 vertices).
2025-03-25 02:28:56 INFO  main [WavefrontOBJ] Done with "Mesh007.obj" (took 2 ms)
2025-03-25 02:28:56 INFO  main [WavefrontOBJ] Loading geometry from "Mesh005.obj" ..
2025-03-25 02:28:56 INFO  main [WavefrontOBJ] Mesh005: 12 triangles, 20 vertices (merged 16 vertices).
2025-03-25 02:28:56 INFO  main [WavefrontOBJ] Done with "Mesh005.obj" (took 0 ms)
2025-03-25 02:28:56 INFO  main [WavefrontOBJ] Loading geometry from "Mesh016.obj" ..
2025-03-25 02:28:56 INFO  main [WavefrontOBJ] Mesh016: 120 triangles, 204 vertices (merged 156 vertices).
2025-03-25 02:28:56 INFO  main [WavefrontOBJ] Done with "Mesh016.obj" (took 2 ms)
2025-03-25 02:28:56 INFO  main [WavefrontOBJ] Loading geometry from "Mesh017.obj" ..
2025-03-25 02:28:56 INFO  main [WavefrontOBJ] Mesh017: 20 triangles, 40 vertices (merged 20 vertices).
2025-03-25 02:28:56 INFO  main [WavefrontOBJ] Done with "Mesh017.obj" (took 1 ms)
2025-03-25 02:28:56 INFO  main [WavefrontOBJ] Loading geometry from "Mesh018.obj" ..
2025-03-25 02:28:56 INFO  main [WavefrontOBJ] Mesh018: 2 triangles, 4 vertices (merged 2 vertices).
2025-03-25 02:28:56 INFO  main [WavefrontOBJ] Done with "Mesh018.obj" (took 0 ms)
2025-03-25 02:28:56 INFO  main [WavefrontOBJ] Loading geometry from "Mesh011.obj" ..
2025-03-25 02:28:56 INFO  main [WavefrontOBJ] Mesh011: 32 triangles, 30 vertices (merged 66 vertices).
2025-03-25 02:28:56 INFO  main [WavefrontOBJ] Done with "Mesh011.obj" (took 0 ms)
2025-03-25 02:28:56 INFO  main [PluginManager] Loading plugin "plugins/homogeneous.so" ..
2025-03-25 02:28:56 INFO  main [PluginManager] Loading plugin "plugins/isotropic.so" ..
2025-03-25 02:28:56 INFO  main [WavefrontOBJ] Loading geometry from "Mesh014.obj" ..
2025-03-25 02:28:56 INFO  main [WavefrontOBJ] Mesh014: 36 triangles, 72 vertices (merged 36 vertices).
2025-03-25 02:28:56 INFO  main [WavefrontOBJ] Done with "Mesh014.obj" (took 1 ms)
2025-03-25 02:28:56 INFO  main [WavefrontOBJ] Loading geometry from "Mesh001.obj" ..
2025-03-25 02:28:57 INFO  main [WavefrontOBJ] Mesh001: 924 triangles, 2016 vertices (merged 756 vertices).
2025-03-25 02:28:57 INFO  main [WavefrontOBJ] Done with "Mesh001.obj" (took 13 ms)
2025-03-25 02:28:57 INFO  main [WavefrontOBJ] Loading geometry from "Mesh000.obj" ..
2025-03-25 02:28:57 INFO  main [WavefrontOBJ] Mesh000: 3127 triangles, 2075 vertices (merged 7306 vertices).
2025-03-25 02:28:57 INFO  main [WavefrontOBJ] Done with "Mesh000.obj" (took 30 ms)
2025-03-25 02:28:57 INFO  main [WavefrontOBJ] Loading geometry from "Mesh009.obj" ..
2025-03-25 02:28:57 INFO  main [WavefrontOBJ] Mesh009: 146 triangles, 110 vertices (merged 328 vertices).
2025-03-25 02:28:57 INFO  main [WavefrontOBJ] Done with "Mesh009.obj" (took 2 ms)
2025-03-25 02:28:57 INFO  ren0 [KDTreeBase] Constructing a SAH kd-tree (30963 primitives) ..
2025-03-25 02:28:57 INFO  ren0 [KDTreeBase] Finished -- took 424 ms.
2025-03-25 02:28:57 INFO  ren0 [PMMFocalGuidingIntegrator] Starting preprocess
2025-03-25 02:28:57 INFO  ren0 [octree.h:482] root weight: 8.000e-20 (0.000000)
2025-03-25 02:28:57 INFO  ren0 [octree.h:483] splitting threshold: 8.000e-23 (0.000000)
2025-03-25 02:28:57 INFO  ren0 [octree.h:498] node count: 1 -> 585 -> 585

2025-03-25 02:28:57 INFO  ren0 [octree.h:482] root weight: 4.096e-17 (0.000000)
2025-03-25 02:28:57 INFO  ren0 [octree.h:483] splitting threshold: 4.096e-20 (0.000000)
2025-03-25 02:28:57 INFO  ren0 [octree.h:498] node count: 585 -> 585 -> 585

2025-03-25 02:28:57 INFO  ren0 [octree.h:482] root weight: 8.000e-20 (0.000000)
2025-03-25 02:28:57 INFO  ren0 [octree.h:483] splitting threshold: 8.000e-23 (0.000000)
2025-03-25 02:28:57 INFO  ren0 [octree.h:498] node count: 1 -> 585 -> 585

2025-03-25 02:28:57 INFO  ren0 [octree.h:482] root weight: 4.096e-17 (0.000000)
2025-03-25 02:28:57 INFO  ren0 [octree.h:483] splitting threshold: 4.096e-20 (0.000000)
2025-03-25 02:28:57 INFO  ren0 [octree.h:498] node count: 585 -> 585 -> 585

2025-03-25 02:28:57 INFO  ren0 [PMMFocalGuidingIntegrator] Octree[
AABB: AABB3[min=[-21.7494, -3.70393, -3.09172], max=[7.19249, 11.2965, 6.96201]]
Nodes count: 585
]
2025-03-25 02:28:57 INFO  ren0 [PMMFocalGuidingIntegrator] Octree[
AABB: AABB3[min=[-21.7494, -3.70393, -3.09172], max=[7.19249, 11.2965, 6.96201]]
Nodes count: 585
]
2025-03-25 02:28:57 INFO  ren0 [PMMFocalGuidingIntegrator] GMM[
]
2025-03-25 02:28:57 INFO  ren0 [PMMFocalGuidingIntegrator] Starting training... (8) iterations
2025-03-25 02:28:57 INFO  ren0 [PMMFocalGuidingIntegrator] Rendering 0 iteration
2025-03-25 02:28:57 INFO  ren0 [SamplingIntegrator] Starting render job (1280x720, 4 samples, 8 cores, SSE2 enabled) ..
2025-03-25 02:29:49 INFO  ren0 [PMMFocalGuidingIntegrator] iteration render time: 52.0180s
2025-03-25 02:29:49 INFO  ren0 [PMMFocalGuidingIntegrator] Got 55862 non-zero samples and 0 zero samples
2025-03-25 02:29:49 INFO  ren0 [gaussian_mixture_model.h:520] Start processing batch
2025-03-25 02:29:49 INFO  ren0 [gaussian_mixture_model.h:388] Starting initialization using random value from the first batch
2025-03-25 02:29:49 INFO  ren0 [gaussian_mixture_model.h:401] Initialized using random value from the first batch
2025-03-25 02:29:50 INFO  ren0 [gaussian_mixture_model.h:547] Finish E step
2025-03-25 02:29:52 INFO  ren0 [gaussian_mixture_model.h:194] components before the merge: 10
2025-03-25 02:29:52 INFO  ren0 [gaussian_mixture_model.h:213] components after the merge: 9, merged 1 component
2025-03-25 02:29:52 INFO  ren0 [gaussian_mixture_model.h:231] components after the split: 10, split 1 components
2025-03-25 02:29:52 INFO  ren0 [gaussian_mixture_model.h:559] Finish M step
2025-03-25 02:29:52 INFO  ren0 [octree.h:482] root weight: 1.103e+08 (110313632.000000)
2025-03-25 02:29:52 INFO  ren0 [octree.h:483] splitting threshold: 1.103e+05 (110313.640625)
2025-03-25 02:29:52 INFO  ren0 [octree.h:482] root weight: 1.352e+08 (135187056.000000)
2025-03-25 02:29:52 INFO  ren0 [octree.h:483] splitting threshold: 1.352e+05 (135187.062500)
2025-03-25 02:29:52 INFO  ren0 [octree.h:498] node count: 585 -> 684 -> 503

2025-03-25 02:29:52 INFO  ren0 [octree.h:498] node count: 585 -> 634 -> 388

2025-03-25 02:29:52 INFO  ren0 [PMMFocalGuidingIntegrator] diverge probability: 0.551

2025-03-25 02:29:52 INFO  ren0 [PMMFocalGuidingIntegrator] iteration postprocessing time: 3.0218s
2025-03-25 02:29:52 INFO  ren0 [PMMFocalGuidingIntegrator] GMM[
weight = 0.0538358 mean = [-11.3521 0.694303 0.961982] covariance = [[8.0059 -1.40964 -0.967947][-1.40964 6.44345 -0.695018][-0.967947 -0.695018 6.70715]]
weight = 0.0426576 mean = [-1.08228 -1.30711 2.39159] covariance = [[4.1279 -0.370614 -1.77852][-0.370614 3.30482 2.08984][-1.77852 2.08984 7.07746]]
weight = 0.0326234 mean = [-2.92221 6.48259 3.15165] covariance = [[5.43659 1.74575 0.893034][1.74575 3.81042 -0.559191][0.893034 -0.559191 4.23233]]
weight = 0.114747 mean = [-1.55144 5.63256 -1.7035] covariance = [[5.36628 3.18766 1.78652][3.18766 7.54357 2.47119][1.78652 2.47119 2.95932]]
weight = 0.0326234 mean = [-6.02415 4.71693 2.41216] covariance = [[5.43659 1.74575 0.893034][1.74575 3.81042 -0.559191][0.893034 -0.559191 4.23233]]
weight = 0.0397192 mean = [-4.11707 -0.093497 -0.934465] covariance = [[3.26643 0.474888 0.0869568][0.474888 2.3406 -0.589586][0.0869568 -0.589586 2.14055]]
weight = 0.0314319 mean = [-8.8038 8.98886 1.66684] covariance = [[18.56 2.36238 -2.06235][2.36238 2.60975 -0.454573][-2.06235 -0.454573 8.90701]]
weight = 0.54011 mean = [3.38717 2.50085 0.363403] covariance = [[7.2163 2.26384 4.38967][2.26384 6.38463 3.27391][4.38967 3.27391 9.44084]]
weight = 0.0547328 mean = [3.81721 -1.73776 3.31562] covariance = [[12.4973 5.33207 6.72497][5.33207 4.30864 4.71217][6.72497 4.71217 9.63123]]
weight = 0.0575189 mean = [-5.14711 2.30531 0.720447] covariance = [[3.44255 0.0229271 1.11951][0.0229271 2.78066 -2.02791][1.11951 -2.02791 4.13515]]
]
2025-03-25 02:29:52 INFO  ren0 [PMMFocalGuidingIntegrator] Octree[
AABB: AABB3[min=[-21.7494, -3.70393, -3.09172], max=[7.19249, 11.2965, 6.96201]]
Nodes count: 503
]
2025-03-25 02:29:52 INFO  ren0 [PMMFocalGuidingIntegrator] Octree[
AABB: AABB3[min=[-21.7494, -3.70393, -3.09172], max=[7.19249, 11.2965, 6.96201]]
Nodes count: 388
]
2025-03-25 02:29:52 INFO  ren0 [PMMFocalGuidingIntegrator] Rendering 1 iteration
2025-03-25 02:29:52 INFO  ren0 [SamplingIntegrator] Starting render job (1280x720, 4 samples, 8 cores, SSE2 enabled) ..
2025-03-25 02:30:40 INFO  ren0 [PMMFocalGuidingIntegrator] iteration render time: 48.1496s
2025-03-25 02:30:40 INFO  ren0 [PMMFocalGuidingIntegrator] Got 69509 non-zero samples and 0 zero samples
2025-03-25 02:30:40 INFO  ren0 [gaussian_mixture_model.h:520] Start processing batch
2025-03-25 02:30:42 INFO  ren0 [gaussian_mixture_model.h:547] Finish E step
2025-03-25 02:30:44 INFO  ren0 [gaussian_mixture_model.h:194] components before the merge: 10
2025-03-25 02:30:44 INFO  ren0 [gaussian_mixture_model.h:213] components after the merge: 9, merged 1 component
2025-03-25 02:30:44 INFO  ren0 [gaussian_mixture_model.h:231] components after the split: 10, split 1 components
2025-03-25 02:30:44 INFO  ren0 [gaussian_mixture_model.h:559] Finish M step
2025-03-25 02:30:44 INFO  ren0 [octree.h:482] root weight: 8.372e+07 (83722280.000000)
2025-03-25 02:30:44 INFO  ren0 [octree.h:483] splitting threshold: 8.372e+04 (83722.281250)
2025-03-25 02:30:44 INFO  ren0 [octree.h:482] root weight: 9.739e+07 (97392048.000000)
2025-03-25 02:30:44 INFO  ren0 [octree.h:483] splitting threshold: 9.739e+04 (97392.054688)
2025-03-25 02:30:44 INFO  ren0 [octree.h:498] node count: 503 -> 524 -> 516

2025-03-25 02:30:44 INFO  ren0 [octree.h:498] node count: 388 -> 397 -> 387

2025-03-25 02:30:44 INFO  ren0 [PMMFocalGuidingIntegrator] diverge probability: 0.538

2025-03-25 02:30:44 INFO  ren0 [PMMFocalGuidingIntegrator] iteration postprocessing time: 3.5927s
2025-03-25 02:30:44 INFO  ren0 [PMMFocalGuidingIntegrator] GMM[
weight = 0.0504491 mean = [-11.0142 0.710576 1.05938] covariance = [[8.7895 -0.83609 -0.473326][-0.83609 6.92123 -0.820731][-0.473326 -0.820731 6.17406]]
weight = 0.0392506 mean = [-1.24559 -0.976121 2.66956] covariance = [[4.59049 0.0467179 -1.65381][0.0467179 2.75935 0.82576][-1.65381 0.82576 5.58726]]
weight = 0.0585971 mean = [-2.3361 4.49145 -1.84524] covariance = [[3.91998 0.240266 0.354682][0.240266 3.97076 0.455375][0.354682 0.455375 1.80727]]
weight = 0.0585971 mean = [-0.452611 6.64985 -1.18798] covariance = [[3.91998 0.240266 0.354682][0.240266 3.97076 0.455375][0.354682 0.455375 1.80727]]
weight = 0.0612439 mean = [-4.59904 5.64857 2.40817] covariance = [[9.18285 3.90193 1.743][3.90193 5.22262 0.153272][1.743 0.153272 4.68544]]
weight = 0.0360129 mean = [-3.95198 0.0532872 -0.733757] covariance = [[4.2356 0.937181 0.134524][0.937181 2.55366 -0.549822][0.134524 -0.549822 1.93329]]
weight = 0.0293838 mean = [-8.49295 8.94978 1.6353] covariance = [[23.9674 2.49598 -2.9649][2.49598 2.53192 -0.738817][-2.9649 -0.738817 9.46494]]
weight = 0.560733 mean = [3.15017 2.30502 0.126513] covariance = [[5.61891 0.775554 2.57856][0.775554 4.81094 1.48531][2.57856 1.48531 6.88516]]
weight = 0.0478536 mean = [3.96911 -1.49144 3.61861] covariance = [[6.34546 1.98901 1.97745][1.98901 2.59443 2.0866][1.97745 2.0866 5.9509]]
weight = 0.057879 mean = [-5.08849 2.51278 0.54369] covariance = [[3.98429 0.124753 1.0522][0.124753 3.42112 -2.44487][1.0522 -2.44487 4.34787]]
]
2025-03-25 02:30:44 INFO  ren0 [PMMFocalGuidingIntegrator] Octree[
AABB: AABB3[min=[-21.7494, -3.70393, -3.09172], max=[7.19249, 11.2965, 6.96201]]
Nodes count: 516
]
2025-03-25 02:30:44 INFO  ren0 [PMMFocalGuidingIntegrator] Octree[
AABB: AABB3[min=[-21.7494, -3.70393, -3.09172], max=[7.19249, 11.2965, 6.96201]]
Nodes count: 387
]
2025-03-25 02:30:44 INFO  ren0 [PMMFocalGuidingIntegrator] Rendering 2 iteration
2025-03-25 02:30:44 INFO  ren0 [SamplingIntegrator] Starting render job (1280x720, 4 samples, 8 cores, SSE2 enabled) ..
2025-03-25 02:31:32 INFO  ren0 [PMMFocalGuidingIntegrator] iteration render time: 48.6598s
2025-03-25 02:31:32 INFO  ren0 [PMMFocalGuidingIntegrator] Got 83623 non-zero samples and 0 zero samples
2025-03-25 02:31:32 INFO  ren0 [gaussian_mixture_model.h:520] Start processing batch
2025-03-25 02:31:34 INFO  ren0 [gaussian_mixture_model.h:547] Finish E step
2025-03-25 02:31:37 INFO  ren0 [gaussian_mixture_model.h:194] components before the merge: 10
2025-03-25 02:31:37 INFO  ren0 [gaussian_mixture_model.h:213] components after the merge: 9, merged 1 component
2025-03-25 02:31:37 INFO  ren0 [gaussian_mixture_model.h:231] components after the split: 10, split 1 components
2025-03-25 02:31:37 INFO  ren0 [gaussian_mixture_model.h:559] Finish M step
2025-03-25 02:31:37 INFO  ren0 [octree.h:482] root weight: 7.190e+07 (71899584.000000)
2025-03-25 02:31:37 INFO  ren0 [octree.h:483] splitting threshold: 7.190e+04 (71899.585938)
2025-03-25 02:31:37 INFO  ren0 [octree.h:482] root weight: 8.222e+07 (82215312.000000)
2025-03-25 02:31:37 INFO  ren0 [octree.h:483] splitting threshold: 8.222e+04 (82215.312500)
2025-03-25 02:31:37 INFO  ren0 [octree.h:498] node count: 516 -> 535 -> 513

2025-03-25 02:31:37 INFO  ren0 [octree.h:498] node count: 387 -> 405 -> 394

2025-03-25 02:31:37 INFO  ren0 [PMMFocalGuidingIntegrator] diverge probability: 0.533

2025-03-25 02:31:37 INFO  ren0 [PMMFocalGuidingIntegrator] iteration postprocessing time: 4.5498s
2025-03-25 02:31:37 INFO  ren0 [PMMFocalGuidingIntegrator] GMM[
weight = 0.0476983 mean = [-10.823 0.772814 1.10872] covariance = [[9.34053 -0.430762 -0.37302][-0.430762 6.98336 -0.793349][-0.37302 -0.793349 6.03224]]
weight = 0.0383876 mean = [-1.35219 -0.863293 2.70383] covariance = [[4.74076 0.253306 -1.65242][0.253306 2.62751 0.447751][-1.65242 0.447751 5.30122]]
weight = 0.060153 mean = [-2.29935 4.41681 -1.75966] covariance = [[3.81434 -0.370208 0.153402][-0.370208 3.73973 0.26855][0.153402 0.26855 1.56447]]
weight = 0.060153 mean = [-0.529645 6.31503 -1.34601] covariance = [[3.81434 -0.370208 0.153402][-0.370208 3.73973 0.26855][0.153402 0.26855 1.56447]]
weight = 0.0590293 mean = [-4.56543 5.72089 2.26837] covariance = [[10.7173 4.71728 2.05691][4.71728 5.68421 0.512259][2.05691 0.512259 4.74859]]
weight = 0.0358406 mean = [-3.82836 0.124845 -0.723678] covariance = [[4.90759 1.21437 0.0898127][1.21437 2.73898 -0.581784][0.0898127 -0.581784 1.8518]]
weight = 0.0286256 mean = [-7.88856 8.99134 1.65377] covariance = [[30.2744 3.09086 -3.92057][3.09086 2.50949 -1.02882][-3.92057 -1.02882 9.48223]]
weight = 0.568357 mean = [3.05498 2.19422 -0.0523104] covariance = [[5.20708 0.491284 2.24654][0.491284 4.29515 1.2254][2.24654 1.2254 6.34812]]
weight = 0.0458337 mean = [4.02258 -1.39004 3.7357] covariance = [[4.93642 1.31556 1.00714][1.31556 2.33514 1.56864][1.00714 1.56864 5.17035]]
weight = 0.0559224 mean = [-5.04529 2.6409 0.4273] covariance = [[4.27412 0.204772 1.00107][0.204772 3.72902 -2.60389][1.00107 -2.60389 4.4671]]
]
2025-03-25 02:31:37 INFO  ren0 [PMMFocalGuidingIntegrator] Octree[
AABB: AABB3[min=[-21.7494, -3.70393, -3.09172], max=[7.19249, 11.2965, 6.96201]]
Nodes count: 513
]
2025-03-25 02:31:37 INFO  ren0 [PMMFocalGuidingIntegrator] Octree[
AABB: AABB3[min=[-21.7494, -3.70393, -3.09172], max=[7.19249, 11.2965, 6.96201]]
Nodes count: 394
]
2025-03-25 02:31:37 INFO  ren0 [PMMFocalGuidingIntegrator] Rendering 3 iteration
2025-03-25 02:31:37 INFO  ren0 [SamplingIntegrator] Starting render job (1280x720, 4 samples, 8 cores, SSE2 enabled) ..
2025-03-25 02:32:26 INFO  ren0 [PMMFocalGuidingIntegrator] iteration render time: 49.2143s
2025-03-25 02:32:26 INFO  ren0 [PMMFocalGuidingIntegrator] Got 100379 non-zero samples and 0 zero samples
2025-03-25 02:32:26 INFO  ren0 [gaussian_mixture_model.h:520] Start processing batch
2025-03-25 02:32:28 INFO  ren0 [gaussian_mixture_model.h:547] Finish E step
2025-03-25 02:32:31 INFO  ren0 [gaussian_mixture_model.h:194] components before the merge: 10
2025-03-25 02:32:31 INFO  ren0 [gaussian_mixture_model.h:213] components after the merge: 9, merged 1 component
2025-03-25 02:32:31 INFO  ren0 [gaussian_mixture_model.h:231] components after the split: 10, split 1 components
2025-03-25 02:32:31 INFO  ren0 [gaussian_mixture_model.h:559] Finish M step
2025-03-25 02:32:31 INFO  ren0 [octree.h:482] root weight: 7.352e+07 (73520912.000000)
2025-03-25 02:32:31 INFO  ren0 [octree.h:483] splitting threshold: 7.352e+04 (73520.914062)
2025-03-25 02:32:31 INFO  ren0 [octree.h:482] root weight: 7.843e+07 (78429320.000000)
2025-03-25 02:32:31 INFO  ren0 [octree.h:483] splitting threshold: 7.843e+04 (78429.320312)
2025-03-25 02:32:31 INFO  ren0 [octree.h:498] node count: 513 -> 556 -> 530

2025-03-25 02:32:31 INFO  ren0 [octree.h:498] node count: 394 -> 411 -> 393

2025-03-25 02:32:31 INFO  ren0 [PMMFocalGuidingIntegrator] diverge probability: 0.516

2025-03-25 02:32:31 INFO  ren0 [PMMFocalGuidingIntegrator] iteration postprocessing time: 5.0141s
2025-03-25 02:32:31 INFO  ren0 [PMMFocalGuidingIntegrator] GMM[
weight = 0.0448246 mean = [-10.6486 0.807878 1.16518] covariance = [[9.84998 -0.193042 -0.367393][-0.193042 7.00776 -0.788612][-0.367393 -0.788612 6.04655]]
weight = 0.0386147 mean = [-1.44762 -0.808605 2.68493] covariance = [[4.84772 0.365017 -1.75939][0.365017 2.52073 0.250809][-1.75939 0.250809 5.20064]]
weight = 0.060208 mean = [-2.22424 4.27548 -1.77319] covariance = [[3.76895 -0.885789 0.0485827][-0.885789 3.61665 0.231728][0.0485827 0.231728 1.43598]]
weight = 0.060208 mean = [-0.614041 5.99516 -1.432] covariance = [[3.76895 -0.885789 0.0485827][-0.885789 3.61665 0.231728][0.0485827 0.231728 1.43598]]
weight = 0.0567038 mean = [-4.44935 5.77204 2.19305] covariance = [[12.2547 5.44869 2.22977][5.44869 5.99122 0.770896][2.22977 0.770896 4.69963]]
weight = 0.0365086 mean = [-3.73883 0.167853 -0.765011] covariance = [[5.44946 1.37017 0.0430526][1.37017 2.83264 -0.587842][0.0430526 -0.587842 1.82088]]
weight = 0.0284568 mean = [-7.06988 9.06058 1.58606] covariance = [[37.929 3.66464 -5.14846][3.66464 2.43469 -1.22878][-5.14846 -1.22878 9.39917]]
weight = 0.576484 mean = [2.98846 2.12225 -0.218845] covariance = [[4.94202 0.434477 2.12885][0.434477 3.95612 1.20775][2.12885 1.20775 6.10452]]
weight = 0.044374 mean = [4.07571 -1.3173 3.81137] covariance = [[4.30064 1.08135 0.699932][1.08135 2.32569 1.41358][0.699932 1.41358 4.80778]]
weight = 0.0536172 mean = [-5.00208 2.69925 0.379014] covariance = [[4.4355 0.261745 0.950285][0.261745 3.88778 -2.64015][0.950285 -2.64015 4.49345]]
]
2025-03-25 02:32:31 INFO  ren0 [PMMFocalGuidingIntegrator] Octree[
AABB: AABB3[min=[-21.7494, -3.70393, -3.09172], max=[7.19249, 11.2965, 6.96201]]
Nodes count: 530
]
2025-03-25 02:32:31 INFO  ren0 [PMMFocalGuidingIntegrator] Octree[
AABB: AABB3[min=[-21.7494, -3.70393, -3.09172], max=[7.19249, 11.2965, 6.96201]]
Nodes count: 393
]
2025-03-25 02:32:31 INFO  ren0 [PMMFocalGuidingIntegrator] Rendering 4 iteration
2025-03-25 02:32:31 INFO  ren0 [SamplingIntegrator] Starting render job (1280x720, 4 samples, 8 cores, SSE2 enabled) ..
2025-03-25 02:33:21 INFO  ren0 [PMMFocalGuidingIntegrator] iteration render time: 49.5501s
2025-03-25 02:33:21 INFO  ren0 [PMMFocalGuidingIntegrator] Got 117630 non-zero samples and 0 zero samples
2025-03-25 02:33:21 INFO  ren0 [gaussian_mixture_model.h:520] Start processing batch
2025-03-25 02:33:23 INFO  ren0 [gaussian_mixture_model.h:547] Finish E step
2025-03-25 02:33:27 INFO  ren0 [gaussian_mixture_model.h:194] components before the merge: 10
2025-03-25 02:33:27 INFO  ren0 [gaussian_mixture_model.h:213] components after the merge: 7, merged 3 component
2025-03-25 02:33:27 INFO  ren0 [gaussian_mixture_model.h:231] components after the split: 10, split 3 components
2025-03-25 02:33:27 INFO  ren0 [gaussian_mixture_model.h:559] Finish M step
2025-03-25 02:33:27 INFO  ren0 [octree.h:482] root weight: 7.693e+07 (76925616.000000)
2025-03-25 02:33:27 INFO  ren0 [octree.h:483] splitting threshold: 7.693e+04 (76925.617188)
2025-03-25 02:33:27 INFO  ren0 [octree.h:482] root weight: 7.643e+07 (76434272.000000)
2025-03-25 02:33:27 INFO  ren0 [octree.h:483] splitting threshold: 7.643e+04 (76434.273438)
2025-03-25 02:33:27 INFO  ren0 [octree.h:498] node count: 530 -> 563 -> 538

2025-03-25 02:33:27 INFO  ren0 [octree.h:498] node count: 393 -> 401 -> 383

2025-03-25 02:33:27 INFO  ren0 [PMMFocalGuidingIntegrator] diverge probability: 0.498

2025-03-25 02:33:27 INFO  ren0 [PMMFocalGuidingIntegrator] iteration postprocessing time: 5.9098s
2025-03-25 02:33:27 INFO  ren0 [PMMFocalGuidingIntegrator] GMM[
weight = 0.0183636 mean = [-4.82357 -0.282246 -0.75171] covariance = [[3.13127 0.312817 0.140006][0.312817 2.44449 -0.524876][0.140006 -0.524876 1.77937]]
weight = 0.0386087 mean = [-1.47165 -0.770923 2.64533] covariance = [[4.82895 0.406368 -1.83122][0.406368 2.4865 0.167378][-1.83122 0.167378 5.17179]]
weight = 0.0145427 mean = [-9.51318 8.81215 2.01733] covariance = [[21.274 1.68738 -2.31807][1.68738 2.10522 -0.926904][-2.31807 -0.926904 8.65101]]
weight = 0.122266 mean = [-1.44683 4.90492 -1.66851] covariance = [[4.78321 -0.284076 0.212164][-0.284076 4.67644 0.509938][0.212164 0.509938 1.40896]]
weight = 0.0747401 mean = [-8.26838 2.16663 1.03697] covariance = [[9.0349 2.17416 0.597695][2.17416 6.9058 -0.218785][0.597695 -0.218785 5.51839]]
weight = 0.0183636 mean = [-2.47518 0.707273 -0.880832] covariance = [[3.13127 0.312817 0.140006][0.312817 2.44449 -0.524876][0.140006 -0.524876 1.77937]]
weight = 0.0145427 mean = [-3.03651 9.42088 0.837552] covariance = [[21.274 1.68738 -2.31807][1.68738 2.10522 -0.926904][-2.31807 -0.926904 8.65101]]
weight = 0.580379 mean = [2.9343 2.06017 -0.390161] covariance = [[4.70724 0.407348 2.04711][0.407348 3.6886 1.2174][2.04711 1.2174 5.91837]]
weight = 0.0434539 mean = [4.13078 -1.25663 3.84527] covariance = [[3.95559 0.985716 0.572397][0.985716 2.39436 1.39355][0.572397 1.39355 4.58462]]
weight = 0.0747401 mean = [-4.38726 4.54312 1.40395] covariance = [[9.0349 2.17416 0.597695][2.17416 6.9058 -0.218785][0.597695 -0.218785 5.51839]]
]
2025-03-25 02:33:27 INFO  ren0 [PMMFocalGuidingIntegrator] Octree[
AABB: AABB3[min=[-21.7494, -3.70393, -3.09172], max=[7.19249, 11.2965, 6.96201]]
Nodes count: 538
]
2025-03-25 02:33:27 INFO  ren0 [PMMFocalGuidingIntegrator] Octree[
AABB: AABB3[min=[-21.7494, -3.70393, -3.09172], max=[7.19249, 11.2965, 6.96201]]
Nodes count: 383
]
2025-03-25 02:33:27 INFO  ren0 [PMMFocalGuidingIntegrator] Rendering 5 iteration
2025-03-25 02:33:27 INFO  ren0 [SamplingIntegrator] Starting render job (1280x720, 4 samples, 8 cores, SSE2 enabled) ..
2025-03-25 02:34:18 INFO  ren0 [PMMFocalGuidingIntegrator] iteration render time: 51.4787s
2025-03-25 02:34:18 INFO  ren0 [PMMFocalGuidingIntegrator] Got 137658 non-zero samples and 0 zero samples
2025-03-25 02:34:18 INFO  ren0 [gaussian_mixture_model.h:520] Start processing batch
2025-03-25 02:34:21 INFO  ren0 [gaussian_mixture_model.h:547] Finish E step
2025-03-25 02:34:25 INFO  ren0 [gaussian_mixture_model.h:194] components before the merge: 10
2025-03-25 02:34:25 INFO  ren0 [gaussian_mixture_model.h:213] components after the merge: 7, merged 3 component
2025-03-25 02:34:25 INFO  ren0 [gaussian_mixture_model.h:231] components after the split: 10, split 3 components
2025-03-25 02:34:25 INFO  ren0 [gaussian_mixture_model.h:559] Finish M step
2025-03-25 02:34:25 INFO  ren0 [octree.h:482] root weight: 8.564e+07 (85637408.000000)
2025-03-25 02:34:25 INFO  ren0 [octree.h:483] splitting threshold: 8.564e+04 (85637.414062)
2025-03-25 02:34:25 INFO  ren0 [octree.h:482] root weight: 8.068e+07 (80682528.000000)
2025-03-25 02:34:25 INFO  ren0 [octree.h:483] splitting threshold: 8.068e+04 (80682.531250)
2025-03-25 02:34:25 INFO  ren0 [octree.h:498] node count: 538 -> 563 -> 542

2025-03-25 02:34:25 INFO  ren0 [octree.h:498] node count: 383 -> 394 -> 380

2025-03-25 02:34:25 INFO  ren0 [PMMFocalGuidingIntegrator] diverge probability: 0.485

2025-03-25 02:34:25 INFO  ren0 [PMMFocalGuidingIntegrator] iteration postprocessing time: 6.9384s
2025-03-25 02:34:25 INFO  ren0 [PMMFocalGuidingIntegrator] GMM[
weight = 0.0641282 mean = [-2.45864 5.30789 -1.71513] covariance = [[3.19832 0.81292 0.311655][0.81292 3.96786 0.571373][0.311655 0.571373 1.35258]]
weight = 0.0382256 mean = [-1.47037 -0.758218 2.58092] covariance = [[4.79979 0.467385 -1.84523][0.467385 2.43282 0.000812105][-1.84523 0.000812105 5.04206]]
weight = 0.0152783 mean = [-8.73426 8.84472 1.92306] covariance = [[20.3156 1.53947 -1.35349][1.53947 2.0599 -0.88183][-1.35349 -0.88183 8.86182]]
weight = 0.0641282 mean = [-0.489443 4.08804 -1.77764] covariance = [[3.19832 0.81292 0.311655][0.81292 3.96786 0.571373][0.311655 0.571373 1.35258]]
weight = 0.00763913 mean = [-4.62952 9.20899 1.42312] covariance = [[10.236 0.644943 -0.125829][0.644943 1.98051 -0.77288][-0.125829 -0.77288 8.71229]]
weight = 0.0354714 mean = [-3.53353 0.268663 -0.82367] covariance = [[4.84137 1.0295 0.0119553][1.0295 2.93181 -0.531947][0.0119553 -0.531947 1.76073]]
weight = 0.00763913 mean = [-0.139614 9.60745 0.876267] covariance = [[10.236 0.644943 -0.125829][0.644943 1.98051 -0.77288][-0.125829 -0.77288 8.71229]]
weight = 0.582004 mean = [2.87717 2.00782 -0.557554] covariance = [[4.46496 0.377303 1.98928][0.377303 3.45972 1.23083][1.98928 1.23083 5.71678]]
weight = 0.0430005 mean = [4.18742 -1.19566 3.87581] covariance = [[3.71124 0.93106 0.497796][0.93106 2.47923 1.40355][0.497796 1.40355 4.42741]]
weight = 0.142485 mean = [-6.2897 3.3503 1.17334] covariance = [[14.9055 5.49896 0.596329][5.49896 8.86349 -0.147254][0.596329 -0.147254 5.41783]]
]
2025-03-25 02:34:25 INFO  ren0 [PMMFocalGuidingIntegrator] Octree[
AABB: AABB3[min=[-21.7494, -3.70393, -3.09172], max=[7.19249, 11.2965, 6.96201]]
Nodes count: 542
]
2025-03-25 02:34:25 INFO  ren0 [PMMFocalGuidingIntegrator] Octree[
AABB: AABB3[min=[-21.7494, -3.70393, -3.09172], max=[7.19249, 11.2965, 6.96201]]
Nodes count: 380
]
2025-03-25 02:34:25 INFO  ren0 [PMMFocalGuidingIntegrator] Rendering 6 iteration
2025-03-25 02:34:25 INFO  ren0 [SamplingIntegrator] Starting render job (1280x720, 4 samples, 8 cores, SSE2 enabled) ..
2025-03-25 02:35:17 INFO  ren0 [PMMFocalGuidingIntegrator] iteration render time: 52.2597s
2025-03-25 02:35:17 INFO  ren0 [PMMFocalGuidingIntegrator] Got 157854 non-zero samples and 0 zero samples
2025-03-25 02:35:17 INFO  ren0 [gaussian_mixture_model.h:520] Start processing batch
2025-03-25 02:35:21 INFO  ren0 [gaussian_mixture_model.h:547] Finish E step
2025-03-25 02:35:25 INFO  ren0 [gaussian_mixture_model.h:194] components before the merge: 10
2025-03-25 02:35:25 INFO  ren0 [gaussian_mixture_model.h:213] components after the merge: 7, merged 3 component
2025-03-25 02:35:25 INFO  ren0 [gaussian_mixture_model.h:231] components after the split: 10, split 3 components
2025-03-25 02:35:25 INFO  ren0 [gaussian_mixture_model.h:559] Finish M step
2025-03-25 02:35:25 INFO  ren0 [octree.h:482] root weight: 9.594e+07 (95939000.000000)
2025-03-25 02:35:25 INFO  ren0 [octree.h:483] splitting threshold: 9.594e+04 (95939.007812)
2025-03-25 02:35:25 INFO  ren0 [octree.h:482] root weight: 7.602e+07 (76017456.000000)
2025-03-25 02:35:25 INFO  ren0 [octree.h:483] splitting threshold: 7.602e+04 (76017.460938)
2025-03-25 02:35:25 INFO  ren0 [octree.h:498] node count: 542 -> 565 -> 560

2025-03-25 02:35:25 INFO  ren0 [octree.h:498] node count: 380 -> 381 -> 363

2025-03-25 02:35:25 INFO  ren0 [PMMFocalGuidingIntegrator] diverge probability: 0.442

2025-03-25 02:35:25 INFO  ren0 [PMMFocalGuidingIntegrator] iteration postprocessing time: 7.9309s
2025-03-25 02:35:25 INFO  ren0 [PMMFocalGuidingIntegrator] GMM[
weight = 0.00785363 mean = [-6.07095 9.04382 1.67664] covariance = [[8.83552 0.492397 0.0609034][0.492397 1.94065 -0.79437][0.0609034 -0.79437 8.82327]]
weight = 0.0380203 mean = [-1.45302 -0.732269 2.52793] covariance = [[4.77651 0.503124 -1.86716][0.503124 2.40129 -0.115884][-1.86716 -0.115884 4.9623]]
weight = 0.00785363 mean = [-4.34092 9.18671 1.50252] covariance = [[8.83552 0.492397 0.0609034][0.492397 1.94065 -0.79437][0.0609034 -0.79437 8.82327]]
weight = 0.131933 mean = [-1.51262 4.53548 -1.8142] covariance = [[4.51724 0.0169518 0.30976][0.0169518 4.21209 0.621344][0.30976 0.621344 1.30253]]
weight = 0.00785363 mean = [-10.2476 8.69884 2.09699] covariance = [[8.83552 0.492397 0.0609034][0.492397 1.94065 -0.79437][0.0609034 -0.79437 8.82327]]
weight = 0.0344298 mean = [-3.43982 0.308017 -0.821526] covariance = [[5.1767 1.1385 -0.044118][1.1385 3.11307 -0.49763][-0.044118 -0.49763 1.73442]]
weight = 0.00785363 mean = [-0.16427 9.53169 1.08217] covariance = [[8.83552 0.492397 0.0609034][0.492397 1.94065 -0.79437][0.0609034 -0.79437 8.82327]]
weight = 0.585004 mean = [2.83147 1.97083 -0.702437] covariance = [[4.22788 0.354621 1.91571][0.354621 3.22716 1.23072][1.91571 1.23072 5.48235]]
weight = 0.0425244 mean = [4.24907 -1.1222 3.89253] covariance = [[3.53572 0.915376 0.451756][0.915376 2.60741 1.45263][0.451756 1.45263 4.32612]]
weight = 0.136674 mean = [-6.17344 3.39773 1.12212] covariance = [[16.3521 6.06443 0.277904][6.06443 9.0811 -0.356302][0.277904 -0.356302 5.32129]]
]
2025-03-25 02:35:25 INFO  ren0 [PMMFocalGuidingIntegrator] Octree[
AABB: AABB3[min=[-21.7494, -3.70393, -3.09172], max=[7.19249, 11.2965, 6.96201]]
Nodes count: 560
]
2025-03-25 02:35:25 INFO  ren0 [PMMFocalGuidingIntegrator] Octree[
AABB: AABB3[min=[-21.7494, -3.70393, -3.09172], max=[7.19249, 11.2965, 6.96201]]
Nodes count: 363
]
2025-03-25 02:35:25 INFO  ren0 [PMMFocalGuidingIntegrator] Rendering 7 iteration
2025-03-25 02:35:25 INFO  ren0 [SamplingIntegrator] Starting render job (1280x720, 4 samples, 8 cores, SSE2 enabled) ..
2025-03-25 02:36:20 INFO  ren0 [PMMFocalGuidingIntegrator] iteration render time: 54.9210s
2025-03-25 02:36:20 INFO  ren0 [PMMFocalGuidingIntegrator] Got 179762 non-zero samples and 0 zero samples
2025-03-25 02:36:20 INFO  ren0 [gaussian_mixture_model.h:520] Start processing batch
2025-03-25 02:36:24 INFO  ren0 [gaussian_mixture_model.h:547] Finish E step
2025-03-25 02:36:29 INFO  ren0 [gaussian_mixture_model.h:194] components before the merge: 10
2025-03-25 02:36:29 INFO  ren0 [gaussian_mixture_model.h:213] components after the merge: 7, merged 3 component
2025-03-25 02:36:29 INFO  ren0 [gaussian_mixture_model.h:231] components after the split: 10, split 3 components
2025-03-25 02:36:29 INFO  ren0 [gaussian_mixture_model.h:559] Finish M step
2025-03-25 02:36:29 INFO  ren0 [octree.h:482] root weight: 1.035e+08 (103516744.000000)
2025-03-25 02:36:29 INFO  ren0 [octree.h:483] splitting threshold: 1.035e+05 (103516.750000)
2025-03-25 02:36:29 INFO  ren0 [octree.h:482] root weight: 7.706e+07 (77061744.000000)
2025-03-25 02:36:29 INFO  ren0 [octree.h:483] splitting threshold: 7.706e+04 (77061.750000)
2025-03-25 02:36:29 INFO  ren0 [octree.h:498] node count: 560 -> 566 -> 555

2025-03-25 02:36:29 INFO  ren0 [octree.h:498] node count: 363 -> 367 -> 358

2025-03-25 02:36:29 INFO  ren0 [PMMFocalGuidingIntegrator] diverge probability: 0.427

2025-03-25 02:36:29 INFO  ren0 [PMMFocalGuidingIntegrator] iteration postprocessing time: 9.2309s
2025-03-25 02:36:29 INFO  ren0 [PMMFocalGuidingIntegrator] GMM[
weight = 0.0679547 mean = [-0.460398 4.1213 -1.83895] covariance = [[2.50932 0.373334 0.221786][0.373334 3.90392 0.658527][0.221786 0.658527 1.24517]]
weight = 0.0381134 mean = [-1.41154 -0.70253 2.47748] covariance = [[4.73215 0.507394 -1.87441][0.507394 2.36815 -0.191234][-1.87441 -0.191234 4.90849]]
weight = 0.0156265 mean = [-7.7002 8.91034 1.84819] covariance = [[15.1724 0.900381 -0.472016][0.900381 1.92863 -0.871732][-0.472016 -0.871732 8.92146]]
weight = 0.0679547 mean = [-2.5828 4.69065 -1.92064] covariance = [[2.50932 0.373334 0.221786][0.373334 3.90392 0.658527][0.221786 0.658527 1.24517]]
