2025-04-04 23:01:42 INFO  main [mitsuba.cpp:274] Mitsuba version 0.6.0 (Linux, 64 bit), Copyright (c) 2017 Wenzel Jakob
2025-04-04 23:01:42 INFO  main [mitsuba.cpp:377] Parsing scene description from "../../scenes/dining-room/dining-room.xml" ..
2025-04-04 23:01:42 INFO  main [scenehandler.cpp:675] In file "/home/julia/PBRT/PMM_focal_guiding/mitsuba/dist/../../scenes/dining-room/dining-room.xml" (near line 18): Parsing included file "pmm_focal_guiding.xml" ..
2025-04-04 23:01:42 INFO  main [PluginManager] Loading plugin "plugins/pmm_focal_guiding.so" ..
2025-04-04 23:01:42 INFO  main [octree.h:482] root weight: 8.000e-20 (0.000000)
2025-04-04 23:01:42 INFO  main [octree.h:483] splitting threshold: 8.000e-23 (0.000000)
2025-04-04 23:01:42 INFO  main [octree.h:498] node count: 1 -> 585 -> 585

2025-04-04 23:01:42 INFO  main [octree.h:482] root weight: 8.000e-20 (0.000000)
2025-04-04 23:01:42 INFO  main [octree.h:483] splitting threshold: 8.000e-23 (0.000000)
2025-04-04 23:01:42 INFO  main [octree.h:498] node count: 1 -> 585 -> 585

2025-04-04 23:01:42 INFO  main [PMMFocalGuidingIntegrator] Saving to: 
2025-04-04 23:01:42 INFO  main [PMMFocalGuidingIntegrator] GMM params: alpha = 0.900000, split_th = 4.000000, merge_th = 0.500000, min_num_comp = 3, max_num_comp = 20, init = Random
2025-04-04 23:01:42 INFO  main [PMMFocalGuidingIntegrator] iterationCount: 8
2025-04-04 23:01:42 INFO  main [PMMFocalGuidingIntegrator] PMMFocalGuidingIntegrator
  maxDepth = 40,
  rrDepth = 14,
  strictNormals = 1
  gmm = GMM[
]
]
2025-04-04 23:01:42 WARN  main [scenehandler.cpp:795] In file "/home/julia/PBRT/PMM_focal_guiding/mitsuba/dist/../../scenes/dining-room/../_integrators/pmm_focal_guiding.xml" (near line 49): Unqueried attribute "budget" in element "integrator"
2025-04-04 23:01:42 WARN  main [scenehandler.cpp:795] In file "/home/julia/PBRT/PMM_focal_guiding/mitsuba/dist/../../scenes/dining-room/../_integrators/pmm_focal_guiding.xml" (near line 49): Unqueried attribute "dumpPrimaryRays" in element "integrator"
2025-04-04 23:01:42 WARN  main [scenehandler.cpp:795] In file "/home/julia/PBRT/PMM_focal_guiding/mitsuba/dist/../../scenes/dining-room/../_integrators/pmm_focal_guiding.xml" (near line 49): Unqueried attribute "dumpScene" in element "integrator"
2025-04-04 23:01:42 WARN  main [scenehandler.cpp:795] In file "/home/julia/PBRT/PMM_focal_guiding/mitsuba/dist/../../scenes/dining-room/../_integrators/pmm_focal_guiding.xml" (near line 49): Unqueried attribute "normalBinning" in element "integrator"
2025-04-04 23:01:42 WARN  main [scenehandler.cpp:795] In file "/home/julia/PBRT/PMM_focal_guiding/mitsuba/dist/../../scenes/dining-room/../_integrators/pmm_focal_guiding.xml" (near line 49): Unqueried attribute "samplingMode" in element "integrator"
2025-04-04 23:01:42 WARN  main [scenehandler.cpp:795] In file "/home/julia/PBRT/PMM_focal_guiding/mitsuba/dist/../../scenes/dining-room/../_integrators/pmm_focal_guiding.xml" (near line 49): Unqueried attribute "unboundedSplatting" in element "integrator"
2025-04-04 23:01:42 INFO  main [PluginManager] Loading plugin "plugins/independent.so" ..
2025-04-04 23:01:42 INFO  main [PluginManager] Loading plugin "plugins/box.so" ..
2025-04-04 23:01:42 INFO  main [PluginManager] Loading plugin "plugins/hdrfilm.so" ..
2025-04-04 23:01:42 INFO  main [PluginManager] Loading plugin "plugins/perspective.so" ..
2025-04-04 23:01:42 INFO  main [PluginManager] Loading plugin "plugins/roughplastic.so" ..
2025-04-04 23:01:42 INFO  main [PluginManager] Loading plugin "plugins/twosided.so" ..
2025-04-04 23:01:42 INFO  main [PluginManager] Loading plugin "plugins/roughconductor.so" ..
2025-04-04 23:01:42 INFO  main [spectrum.cpp:599] "Cu.eta.spd": loaded a spectral power distribution with 55 entries (between 302.400421 and 885.601257 nm)
2025-04-04 23:01:42 INFO  main [spectrum.cpp:599] "Cu.k.spd": loaded a spectral power distribution with 55 entries (between 302.400421 and 885.601257 nm)
2025-04-04 23:01:42 INFO  main [PluginManager] Loading plugin "plugins/diffuse.so" ..
2025-04-04 23:01:42 INFO  main [PluginManager] Loading plugin "plugins/bitmap.so" ..
2025-04-04 23:01:42 INFO  main [BitmapTexture] Loading texture "picture3.jpg"
2025-04-04 23:01:42 INFO  main [MIPMap] Mapped MIP map cache file "/home/julia/PBRT/PMM_focal_guiding/mitsuba/dist/../../scenes/dining-room/textures/picture3.mip" into memory (18.8 MiB).
2025-04-04 23:01:42 INFO  main [BitmapTexture] Loading texture "Tiles.jpg"
2025-04-04 23:01:42 INFO  main [PluginManager] Loading plugin "plugins/lanczos.so" ..
2025-04-04 23:01:42 INFO  main [spectrum.cpp:599] "Cu.eta.spd": loaded a spectral power distribution with 55 entries (between 302.400421 and 885.601257 nm)
2025-04-04 23:01:42 INFO  main [spectrum.cpp:599] "Cu.k.spd": loaded a spectral power distribution with 55 entries (between 302.400421 and 885.601257 nm)
2025-04-04 23:01:42 INFO  main [PluginManager] Loading plugin "plugins/conductor.so" ..
2025-04-04 23:01:42 INFO  main [spectrum.cpp:599] "Ir.eta.spd": loaded a spectral power distribution with 28 entries (between 302.389984 and 885.570984 nm)
2025-04-04 23:01:42 INFO  main [spectrum.cpp:599] "Ir.k.spd": loaded a spectral power distribution with 28 entries (between 302.389984 and 885.570984 nm)
2025-04-04 23:01:42 INFO  main [spectrum.cpp:599] "Cu.eta.spd": loaded a spectral power distribution with 55 entries (between 302.400421 and 885.601257 nm)
2025-04-04 23:01:42 INFO  main [spectrum.cpp:599] "Cu.k.spd": loaded a spectral power distribution with 55 entries (between 302.400421 and 885.601257 nm)
2025-04-04 23:01:42 INFO  main [BitmapTexture] Loading texture "Teacup.png"
2025-04-04 23:01:42 INFO  main [spectrum.cpp:599] "Cu.eta.spd": loaded a spectral power distribution with 55 entries (between 302.400421 and 885.601257 nm)
2025-04-04 23:01:42 INFO  main [spectrum.cpp:599] "Cu.k.spd": loaded a spectral power distribution with 55 entries (between 302.400421 and 885.601257 nm)
2025-04-04 23:01:42 INFO  main [PluginManager] Loading plugin "plugins/area.so" ..
2025-04-04 23:01:42 INFO  main [PluginManager] Loading plugin "plugins/disk.so" ..
2025-04-04 23:01:42 INFO  main [PluginManager] Loading plugin "plugins/ply.so" ..
2025-04-04 23:01:42 INFO  main [PLYLoader] Loading geometry from "parabol1.ply" ..
2025-04-04 23:01:42 INFO  main [PLYLoader] "parabol1": Loaded 25856 triangles, 13057 vertices (456.0 KiB in 36 ms).
2025-04-04 23:01:42 INFO  main [PLYLoader] Loading geometry from "parabol2.ply" ..
2025-04-04 23:01:42 INFO  main [PLYLoader] "parabol2": Loaded 25856 triangles, 13057 vertices (456.0 KiB in 34 ms).
2025-04-04 23:01:42 INFO  main [PluginManager] Loading plugin "plugins/obj.so" ..
2025-04-04 23:01:42 INFO  main [WavefrontOBJ] Loading geometry from "Mesh013.obj" ..
2025-04-04 23:01:42 INFO  main [WavefrontOBJ] Mesh013: 1056 triangles, 577 vertices (merged 2591 vertices).
2025-04-04 23:01:42 INFO  main [WavefrontOBJ] Done with "Mesh013.obj" (took 9 ms)
2025-04-04 23:01:42 INFO  main [WavefrontOBJ] Loading geometry from "Mesh016.obj" ..
2025-04-04 23:01:42 INFO  main [WavefrontOBJ] Mesh016: 384 triangles, 768 vertices (merged 384 vertices).
2025-04-04 23:01:42 INFO  main [WavefrontOBJ] Done with "Mesh016.obj" (took 7 ms)
2025-04-04 23:01:42 INFO  main [WavefrontOBJ] Loading geometry from "Mesh015.obj" ..
2025-04-04 23:01:43 INFO  main [WavefrontOBJ] Mesh015: 3136 triangles, 1680 vertices (merged 7728 vertices).
2025-04-04 23:01:43 INFO  main [WavefrontOBJ] Done with "Mesh015.obj" (took 25 ms)
2025-04-04 23:01:43 INFO  main [WavefrontOBJ] Loading geometry from "Mesh023.obj" ..
2025-04-04 23:01:43 INFO  main [WavefrontOBJ] Mesh023: 1056 triangles, 577 vertices (merged 2591 vertices).
2025-04-04 23:01:43 INFO  main [WavefrontOBJ] Done with "Mesh023.obj" (took 16 ms)
2025-04-04 23:01:43 INFO  main [WavefrontOBJ] Loading geometry from "Mesh020.obj" ..
2025-04-04 23:01:43 INFO  main [WavefrontOBJ] Mesh020: 384 triangles, 768 vertices (merged 384 vertices).
2025-04-04 23:01:43 INFO  main [WavefrontOBJ] Done with "Mesh020.obj" (took 8 ms)
2025-04-04 23:01:43 INFO  main [WavefrontOBJ] Loading geometry from "Mesh017.obj" ..
2025-04-04 23:01:43 INFO  main [WavefrontOBJ] Mesh017: 3136 triangles, 1680 vertices (merged 7728 vertices).
2025-04-04 23:01:43 INFO  main [WavefrontOBJ] Done with "Mesh017.obj" (took 27 ms)
2025-04-04 23:01:43 INFO  main [WavefrontOBJ] Loading geometry from "Mesh024.obj" ..
2025-04-04 23:01:43 INFO  main [WavefrontOBJ] Mesh024: 34 triangles, 68 vertices (merged 34 vertices).
2025-04-04 23:01:43 INFO  main [WavefrontOBJ] Done with "Mesh024.obj" (took 0 ms)
2025-04-04 23:01:43 INFO  main [WavefrontOBJ] Loading geometry from "Mesh041.obj" ..
2025-04-04 23:01:43 INFO  main [WavefrontOBJ] Mesh041: 8 triangles, 16 vertices (merged 8 vertices).
2025-04-04 23:01:43 INFO  main [WavefrontOBJ] Done with "Mesh041.obj" (took 0 ms)
2025-04-04 23:01:43 INFO  main [WavefrontOBJ] Loading geometry from "Mesh011.obj" ..
2025-04-04 23:01:43 INFO  main [WavefrontOBJ] Mesh011: 8992 triangles, 4544 vertices (merged 22432 vertices).
2025-04-04 23:01:43 INFO  main [WavefrontOBJ] Done with "Mesh011.obj" (took 66 ms)
2025-04-04 23:01:43 INFO  main [WavefrontOBJ] Loading geometry from "Mesh026.obj" ..
2025-04-04 23:01:43 INFO  main [WavefrontOBJ] Mesh026: 7624 triangles, 4070 vertices (merged 18802 vertices).
2025-04-04 23:01:43 INFO  main [WavefrontOBJ] Done with "Mesh026.obj" (took 59 ms)
2025-04-04 23:01:43 INFO  main [WavefrontOBJ] Loading geometry from "Mesh018.obj" ..
2025-04-04 23:01:43 INFO  main [WavefrontOBJ] Mesh018: 2016 triangles, 1260 vertices (merged 4788 vertices).
2025-04-04 23:01:43 INFO  main [WavefrontOBJ] Done with "Mesh018.obj" (took 18 ms)
2025-04-04 23:01:43 INFO  main [WavefrontOBJ] Loading geometry from "Mesh007.obj" ..
2025-04-04 23:01:43 INFO  main [WavefrontOBJ] Mesh007: 4352 triangles, 2178 vertices (merged 10878 vertices).
2025-04-04 23:01:43 INFO  main [WavefrontOBJ] Done with "Mesh007.obj" (took 34 ms)
2025-04-04 23:01:43 INFO  main [WavefrontOBJ] Loading geometry from "Mesh005.obj" ..
2025-04-04 23:01:43 INFO  main [WavefrontOBJ] Mesh005: 160 triangles, 144 vertices (merged 336 vertices).
2025-04-04 23:01:43 INFO  main [WavefrontOBJ] Done with "Mesh005.obj" (took 1 ms)
2025-04-04 23:01:43 INFO  main [WavefrontOBJ] Loading geometry from "Mesh019.obj" ..
2025-04-04 23:01:43 INFO  main [WavefrontOBJ] Mesh019: 560 triangles, 400 vertices (merged 1280 vertices).
2025-04-04 23:01:43 INFO  main [WavefrontOBJ] Done with "Mesh019.obj" (took 6 ms)
2025-04-04 23:01:43 INFO  main [WavefrontOBJ] Loading geometry from "Mesh021.obj" ..
2025-04-04 23:01:43 INFO  main [WavefrontOBJ] Mesh021: 720 triangles, 482 vertices (merged 1678 vertices).
2025-04-04 23:01:43 INFO  main [WavefrontOBJ] Done with "Mesh021.obj" (took 5 ms)
2025-04-04 23:01:43 INFO  main [WavefrontOBJ] Loading geometry from "Mesh037.obj" ..
2025-04-04 23:01:43 INFO  main [WavefrontOBJ] Mesh037: 7624 triangles, 4070 vertices (merged 18802 vertices).
2025-04-04 23:01:43 INFO  main [WavefrontOBJ] Done with "Mesh037.obj" (took 56 ms)
2025-04-04 23:01:43 INFO  main [WavefrontOBJ] Loading geometry from "Mesh004.obj" ..
2025-04-04 23:01:43 INFO  main [WavefrontOBJ] Mesh004: 2016 triangles, 1260 vertices (merged 4788 vertices).
2025-04-04 23:01:43 INFO  main [WavefrontOBJ] Done with "Mesh004.obj" (took 15 ms)
2025-04-04 23:01:43 INFO  main [WavefrontOBJ] Loading geometry from "Mesh014.obj" ..
2025-04-04 23:01:43 INFO  main [WavefrontOBJ] Mesh014: 160 triangles, 144 vertices (merged 336 vertices).
2025-04-04 23:01:43 INFO  main [WavefrontOBJ] Done with "Mesh014.obj" (took 2 ms)
2025-04-04 23:01:43 INFO  main [WavefrontOBJ] Loading geometry from "Mesh012.obj" ..
2025-04-04 23:01:43 INFO  main [WavefrontOBJ] Mesh012: 560 triangles, 400 vertices (merged 1280 vertices).
2025-04-04 23:01:43 INFO  main [WavefrontOBJ] Done with "Mesh012.obj" (took 5 ms)
2025-04-04 23:01:43 INFO  main [WavefrontOBJ] Loading geometry from "Mesh028.obj" ..
2025-04-04 23:01:43 INFO  main [WavefrontOBJ] Mesh028: 720 triangles, 482 vertices (merged 1678 vertices).
2025-04-04 23:01:43 INFO  main [WavefrontOBJ] Done with "Mesh028.obj" (took 5 ms)
2025-04-04 23:01:43 INFO  main [WavefrontOBJ] Loading geometry from "Mesh025.obj" ..
2025-04-04 23:01:43 INFO  main [WavefrontOBJ] Mesh025: 4352 triangles, 2178 vertices (merged 10878 vertices).
2025-04-04 23:01:43 INFO  main [WavefrontOBJ] Done with "Mesh025.obj" (took 33 ms)
2025-04-04 23:01:43 INFO  main [WavefrontOBJ] Loading geometry from "Mesh008.obj" ..
2025-04-04 23:01:43 INFO  main [WavefrontOBJ] Mesh008: 6320 triangles, 3270 vertices (merged 15690 vertices).
2025-04-04 23:01:43 INFO  main [WavefrontOBJ] Done with "Mesh008.obj" (took 47 ms)
2025-04-04 23:01:43 INFO  main [WavefrontOBJ] Loading geometry from "Mesh032.obj" ..
2025-04-04 23:01:43 INFO  main [WavefrontOBJ] Mesh032: 13248 triangles, 6686 vertices (merged 33058 vertices).
2025-04-04 23:01:43 INFO  main [WavefrontOBJ] Done with "Mesh032.obj" (took 94 ms)
2025-04-04 23:01:43 INFO  main [WavefrontOBJ] Loading geometry from "Mesh035.obj" ..
2025-04-04 23:01:43 INFO  main [WavefrontOBJ] Mesh035: 14480 triangles, 7404 vertices (merged 36036 vertices).
2025-04-04 23:01:43 INFO  main [WavefrontOBJ] Done with "Mesh035.obj" (took 104 ms)
2025-04-04 23:01:43 INFO  main [WavefrontOBJ] Loading geometry from "Mesh042.obj" ..
2025-04-04 23:01:43 INFO  main [WavefrontOBJ] Mesh042: 2320 triangles, 1492 vertices (merged 5468 vertices).
2025-04-04 23:01:43 INFO  main [WavefrontOBJ] Done with "Mesh042.obj" (took 19 ms)
2025-04-04 23:01:43 INFO  main [WavefrontOBJ] Loading geometry from "Mesh010.obj" ..
2025-04-04 23:01:43 INFO  main [WavefrontOBJ] Mesh010: 13248 triangles, 6686 vertices (merged 33058 vertices).
2025-04-04 23:01:43 INFO  main [WavefrontOBJ] Done with "Mesh010.obj" (took 93 ms)
2025-04-04 23:01:43 INFO  main [WavefrontOBJ] Loading geometry from "Mesh036.obj" ..
2025-04-04 23:01:43 INFO  main [WavefrontOBJ] Mesh036: 14480 triangles, 7404 vertices (merged 36036 vertices).
2025-04-04 23:01:43 INFO  main [WavefrontOBJ] Done with "Mesh036.obj" (took 108 ms)
2025-04-04 23:01:43 INFO  main [WavefrontOBJ] Loading geometry from "Mesh027.obj" ..
2025-04-04 23:01:43 INFO  main [WavefrontOBJ] Mesh027: 2320 triangles, 1492 vertices (merged 5468 vertices).
2025-04-04 23:01:43 INFO  main [WavefrontOBJ] Done with "Mesh027.obj" (took 22 ms)
2025-04-04 23:01:43 INFO  main [WavefrontOBJ] Loading geometry from "Mesh043.obj" ..
2025-04-04 23:01:43 INFO  main [WavefrontOBJ] Mesh043: 13248 triangles, 6686 vertices (merged 33058 vertices).
2025-04-04 23:01:43 INFO  main [WavefrontOBJ] Done with "Mesh043.obj" (took 95 ms)
2025-04-04 23:01:43 INFO  main [WavefrontOBJ] Loading geometry from "Mesh044.obj" ..
2025-04-04 23:01:44 INFO  main [WavefrontOBJ] Mesh044: 14480 triangles, 7404 vertices (merged 36036 vertices).
2025-04-04 23:01:44 INFO  main [WavefrontOBJ] Done with "Mesh044.obj" (took 99 ms)
2025-04-04 23:01:44 INFO  main [WavefrontOBJ] Loading geometry from "Mesh031.obj" ..
2025-04-04 23:01:44 INFO  main [WavefrontOBJ] Mesh031: 2320 triangles, 1492 vertices (merged 5468 vertices).
2025-04-04 23:01:44 INFO  main [WavefrontOBJ] Done with "Mesh031.obj" (took 17 ms)
2025-04-04 23:01:44 INFO  main [WavefrontOBJ] Loading geometry from "Mesh022.obj" ..
2025-04-04 23:01:44 INFO  main [WavefrontOBJ] Mesh022: 13248 triangles, 6686 vertices (merged 33058 vertices).
2025-04-04 23:01:44 INFO  main [WavefrontOBJ] Done with "Mesh022.obj" (took 88 ms)
2025-04-04 23:01:44 INFO  main [WavefrontOBJ] Loading geometry from "Mesh038.obj" ..
2025-04-04 23:01:44 INFO  main [WavefrontOBJ] Mesh038: 14480 triangles, 7404 vertices (merged 36036 vertices).
2025-04-04 23:01:44 INFO  main [WavefrontOBJ] Done with "Mesh038.obj" (took 111 ms)
2025-04-04 23:01:44 INFO  main [WavefrontOBJ] Loading geometry from "Mesh030.obj" ..
2025-04-04 23:01:44 INFO  main [WavefrontOBJ] Mesh030: 2320 triangles, 1492 vertices (merged 5468 vertices).
2025-04-04 23:01:44 INFO  main [WavefrontOBJ] Done with "Mesh030.obj" (took 20 ms)
2025-04-04 23:01:44 INFO  main [WavefrontOBJ] Loading geometry from "Mesh046.obj" ..
2025-04-04 23:01:44 INFO  main [WavefrontOBJ] Mesh046: 13248 triangles, 6686 vertices (merged 33058 vertices).
2025-04-04 23:01:44 INFO  main [WavefrontOBJ] Done with "Mesh046.obj" (took 95 ms)
2025-04-04 23:01:44 INFO  main [WavefrontOBJ] Loading geometry from "Mesh047.obj" ..
2025-04-04 23:01:44 INFO  main [WavefrontOBJ] Mesh047: 14480 triangles, 7404 vertices (merged 36036 vertices).
2025-04-04 23:01:44 INFO  main [WavefrontOBJ] Done with "Mesh047.obj" (took 95 ms)
2025-04-04 23:01:44 INFO  main [WavefrontOBJ] Loading geometry from "Mesh034.obj" ..
2025-04-04 23:01:44 INFO  main [WavefrontOBJ] Mesh034: 2320 triangles, 1492 vertices (merged 5468 vertices).
2025-04-04 23:01:44 INFO  main [WavefrontOBJ] Done with "Mesh034.obj" (took 15 ms)
2025-04-04 23:01:44 INFO  main [WavefrontOBJ] Loading geometry from "Mesh033.obj" ..
2025-04-04 23:01:44 INFO  main [WavefrontOBJ] Mesh033: 44 triangles, 96 vertices (merged 36 vertices).
2025-04-04 23:01:44 INFO  main [WavefrontOBJ] Done with "Mesh033.obj" (took 0 ms)
2025-04-04 23:01:44 INFO  main [WavefrontOBJ] Loading geometry from "Mesh006.obj" ..
2025-04-04 23:01:44 INFO  main [WavefrontOBJ] Mesh006: 4 triangles, 6 vertices (merged 6 vertices).
2025-04-04 23:01:44 INFO  main [WavefrontOBJ] Done with "Mesh006.obj" (took 0 ms)
2025-04-04 23:01:44 INFO  main [WavefrontOBJ] Loading geometry from "Mesh048.obj" ..
2025-04-04 23:01:44 INFO  main [WavefrontOBJ] Mesh048: 30 triangles, 38 vertices (merged 52 vertices).
2025-04-04 23:01:44 INFO  main [WavefrontOBJ] Done with "Mesh048.obj" (took 0 ms)
2025-04-04 23:01:44 INFO  main [WavefrontOBJ] Loading geometry from "Mesh049.obj" ..
2025-04-04 23:01:44 INFO  main [WavefrontOBJ] Mesh049: 13248 triangles, 6686 vertices (merged 33058 vertices).
2025-04-04 23:01:44 INFO  main [WavefrontOBJ] Done with "Mesh049.obj" (took 92 ms)
2025-04-04 23:01:44 INFO  main [WavefrontOBJ] Loading geometry from "Mesh051.obj" ..
2025-04-04 23:01:44 INFO  main [WavefrontOBJ] Mesh051: 14480 triangles, 7404 vertices (merged 36036 vertices).
2025-04-04 23:01:44 INFO  main [WavefrontOBJ] Done with "Mesh051.obj" (took 92 ms)
2025-04-04 23:01:44 INFO  main [WavefrontOBJ] Loading geometry from "Mesh040.obj" ..
2025-04-04 23:01:44 INFO  main [WavefrontOBJ] Mesh040: 2320 triangles, 1492 vertices (merged 5468 vertices).
2025-04-04 23:01:44 INFO  main [WavefrontOBJ] Done with "Mesh040.obj" (took 18 ms)
2025-04-04 23:01:44 INFO  main [WavefrontOBJ] Loading geometry from "Mesh003.obj" ..
2025-04-04 23:01:44 INFO  main [WavefrontOBJ] Mesh003: 18176 triangles, 9150 vertices (merged 45378 vertices).
2025-04-04 23:01:44 INFO  main [WavefrontOBJ] Done with "Mesh003.obj" (took 120 ms)
2025-04-04 23:01:44 INFO  main [WavefrontOBJ] Loading geometry from "Mesh002.obj" ..
2025-04-04 23:01:44 INFO  main [WavefrontOBJ] Mesh002: 7624 triangles, 4070 vertices (merged 18802 vertices).
2025-04-04 23:01:44 INFO  main [WavefrontOBJ] Done with "Mesh002.obj" (took 49 ms)
2025-04-04 23:01:44 INFO  main [WavefrontOBJ] Loading geometry from "Mesh009.obj" ..
2025-04-04 23:01:44 INFO  main [WavefrontOBJ] Mesh009: 2016 triangles, 1260 vertices (merged 4788 vertices).
2025-04-04 23:01:44 INFO  main [WavefrontOBJ] Done with "Mesh009.obj" (took 13 ms)
2025-04-04 23:01:44 INFO  main [WavefrontOBJ] Loading geometry from "Mesh045.obj" ..
2025-04-04 23:01:44 INFO  main [WavefrontOBJ] Mesh045: 4352 triangles, 2178 vertices (merged 10878 vertices).
2025-04-04 23:01:44 INFO  main [WavefrontOBJ] Done with "Mesh045.obj" (took 30 ms)
2025-04-04 23:01:44 INFO  main [WavefrontOBJ] Loading geometry from "Mesh029.obj" ..
2025-04-04 23:01:44 INFO  main [WavefrontOBJ] Mesh029: 160 triangles, 144 vertices (merged 336 vertices).
2025-04-04 23:01:44 INFO  main [WavefrontOBJ] Done with "Mesh029.obj" (took 1 ms)
2025-04-04 23:01:44 INFO  main [WavefrontOBJ] Loading geometry from "Mesh039.obj" ..
2025-04-04 23:01:44 INFO  main [WavefrontOBJ] Mesh039: 560 triangles, 400 vertices (merged 1280 vertices).
2025-04-04 23:01:44 INFO  main [WavefrontOBJ] Done with "Mesh039.obj" (took 5 ms)
2025-04-04 23:01:44 INFO  main [WavefrontOBJ] Loading geometry from "Mesh050.obj" ..
2025-04-04 23:01:44 INFO  main [WavefrontOBJ] Mesh050: 720 triangles, 482 vertices (merged 1678 vertices).
2025-04-04 23:01:44 INFO  main [WavefrontOBJ] Done with "Mesh050.obj" (took 6 ms)
2025-04-04 23:01:44 INFO  main [WavefrontOBJ] Loading geometry from "Mesh001.obj" ..
2025-04-04 23:01:45 INFO  main [WavefrontOBJ] Mesh001: 170 triangles, 340 vertices (merged 170 vertices).
2025-04-04 23:01:45 INFO  main [WavefrontOBJ] Done with "Mesh001.obj" (took 4 ms)
2025-04-04 23:01:45 INFO  main [WavefrontOBJ] Loading geometry from "Mesh000.obj" ..
2025-04-04 23:01:45 INFO  main [WavefrontOBJ] Mesh000: 22 triangles, 44 vertices (merged 22 vertices).
2025-04-04 23:01:45 INFO  main [WavefrontOBJ] Done with "Mesh000.obj" (took 0 ms)
2025-04-04 23:01:45 INFO  main [PluginManager] Loading plugin "plugins/rectangle.so" ..
2025-04-04 23:01:45 INFO  ren0 [KDTreeBase] Constructing a SAH kd-tree (321251 primitives) ..
2025-04-04 23:01:48 INFO  ren0 [KDTreeBase] Finished -- took 3332 ms.
2025-04-04 23:01:48 INFO  ren0 [PMMFocalGuidingIntegrator] Starting preprocess
2025-04-04 23:01:48 INFO  ren0 [octree.h:482] root weight: 8.000e-20 (0.000000)
2025-04-04 23:01:48 INFO  ren0 [octree.h:483] splitting threshold: 8.000e-23 (0.000000)
2025-04-04 23:01:48 INFO  ren0 [octree.h:498] node count: 1 -> 585 -> 585

2025-04-04 23:01:48 INFO  ren0 [octree.h:482] root weight: 4.096e-17 (0.000000)
2025-04-04 23:01:48 INFO  ren0 [octree.h:483] splitting threshold: 4.096e-20 (0.000000)
2025-04-04 23:01:48 INFO  ren0 [octree.h:498] node count: 585 -> 585 -> 585

2025-04-04 23:01:48 INFO  ren0 [octree.h:482] root weight: 8.000e-20 (0.000000)
2025-04-04 23:01:48 INFO  ren0 [octree.h:483] splitting threshold: 8.000e-23 (0.000000)
2025-04-04 23:01:48 INFO  ren0 [octree.h:498] node count: 1 -> 585 -> 585

2025-04-04 23:01:48 INFO  ren0 [octree.h:482] root weight: 4.096e-17 (0.000000)
2025-04-04 23:01:48 INFO  ren0 [octree.h:483] splitting threshold: 4.096e-20 (0.000000)
2025-04-04 23:01:48 INFO  ren0 [octree.h:498] node count: 585 -> 585 -> 585

2025-04-04 23:01:48 INFO  ren0 [PMMFocalGuidingIntegrator] Octree[
AABB: AABB3[min=[-6.3658, -1.5274, -4.73046], max=[5.27597, 8.04131, 10.0598]]
Nodes count: 585
]
2025-04-04 23:01:48 INFO  ren0 [PMMFocalGuidingIntegrator] Octree[
AABB: AABB3[min=[-6.3658, -1.5274, -4.73046], max=[5.27597, 8.04131, 10.0598]]
Nodes count: 585
]
2025-04-04 23:01:48 INFO  ren0 [PMMFocalGuidingIntegrator] GMM[
]
2025-04-04 23:01:48 INFO  ren0 [PMMFocalGuidingIntegrator] Starting training... (8) iterations
2025-04-04 23:01:48 INFO  ren0 [PMMFocalGuidingIntegrator] Rendering 0 iteration
2025-04-04 23:01:48 INFO  ren0 [SamplingIntegrator] Starting render job (1280x720, 4 samples, 8 cores, SSE2 enabled) ..
2025-04-04 23:02:37 INFO  ren0 [PMMFocalGuidingIntegrator] iteration render time: 49.0874s
2025-04-04 23:02:37 INFO  ren0 [PMMFocalGuidingIntegrator] Got 388236 non-zero samples and 0 zero samples
2025-04-04 23:02:37 INFO  ren0 [gaussian_mixture_model.h:589] Start processing batch
2025-04-04 23:02:37 INFO  ren0 [gaussian_mixture_model.h:391] Random
2025-04-04 23:02:37 INFO  ren0 [gaussian_mixture_model.h:457] Starting initialization using random value from the first batch
2025-04-04 23:02:37 INFO  ren0 [gaussian_mixture_model.h:470] Initialized using random value from the first batch
2025-04-04 23:02:52 INFO  ren0 [gaussian_mixture_model.h:616] Finish E step
2025-04-04 23:03:13 INFO  ren0 [gaussian_mixture_model.h:205] components before the merge: 20
2025-04-04 23:03:13 INFO  ren0 [gaussian_mixture_model.h:224] components after the merge: 17, merged 3 component
2025-04-04 23:03:13 INFO  ren0 [gaussian_mixture_model.h:242] components after the split: 20, split 3 components
2025-04-04 23:03:13 INFO  ren0 [gaussian_mixture_model.h:628] Finish M step
2025-04-04 23:03:13 INFO  ren0 [octree.h:482] root weight: 1.436e+07 (14356030.000000)
2025-04-04 23:03:13 INFO  ren0 [octree.h:483] splitting threshold: 1.436e+04 (14356.030273)
2025-04-04 23:03:13 INFO  ren0 [octree.h:482] root weight: 5.992e+04 (59922.820312)
2025-04-04 23:03:13 INFO  ren0 [octree.h:483] splitting threshold: 5.992e+01 (59.922825)
2025-04-04 23:03:13 INFO  ren0 [octree.h:498] node count: 585 -> 877 -> 808

2025-04-04 23:03:13 INFO  ren0 [octree.h:498] node count: 585 -> 585 -> 577

2025-04-04 23:03:13 INFO  ren0 [PMMFocalGuidingIntegrator] diverge probability: 0.004

2025-04-04 23:03:13 INFO  ren0 [PMMFocalGuidingIntegrator] iteration postprocessing time: 35.6737s
2025-04-04 23:03:13 INFO  ren0 [PMMFocalGuidingIntegrator] GMM[
weight = 0.00193621 mean = [-3.57628 2.23929 3.84709] covariance = [[2.8161 1.04182 0.212881][1.04182 2.14048 -0.210182][0.212881 -0.210182 2.03792]]
weight = 0.00129235 mean = [0.490334 1.70638 7.71755] covariance = [[2.17501 -1.13102 0.0680813][-1.13102 2.02589 0.189958][0.0680813 0.189958 1.96805]]
weight = 0.00195452 mean = [2.03024 2.31266 -0.872358] covariance = [[1.98 -0.98416 0.513218][-0.98416 1.82638 -0.322477][0.513218 -0.322477 2.35799]]
weight = 0.000799118 mean = [1.3226 -0.294337 -2.32511] covariance = [[3.05164 -0.558342 1.2619][-0.558342 1.81254 -0.928643][1.2619 -0.928643 2.9094]]
weight = 0.00129235 mean = [0.156232 1.53542 5.75502] covariance = [[2.17501 -1.13102 0.0680813][-1.13102 2.02589 0.189958][0.0680813 0.189958 1.96805]]
weight = 0.00189 mean = [-4.06166 5.80796 5.24794] covariance = [[2.68889 0.631274 0.518483][0.631274 1.79429 0.667117][0.518483 0.667117 3.86007]]
weight = 0.00182708 mean = [-3.71024 2.44241 8.75203] covariance = [[2.83285 0.858943 -0.100207][0.858943 3.45943 -0.350941][-0.100207 -0.350941 1.48561]]
weight = 0.00309366 mean = [-2.61689 3.46014 -1.13589] covariance = [[1.33934 0.939267 -1.64754][0.939267 1.0424 -1.47938][-1.64754 -1.47938 2.64702]]
weight = 0.00309366 mean = [-1.09621 4.7965 -3.40462] covariance = [[1.33934 0.939267 -1.64754][0.939267 1.0424 -1.47938][-1.64754 -1.47938 2.64702]]
weight = 0.454991 mean = [-1.99584 4.07989 -2.03592] covariance = [[0.0423545 0.0649617 -0.00025442][0.0649617 0.16348 -0.00762968][-0.00025442 -0.00762968 0.030329]]
weight = 0.00114773 mean = [-1.46301 -0.356155 7.3602] covariance = [[3.49459 0.168592 1.20206][0.168592 1.23397 0.65519][1.20206 0.65519 2.53959]]
weight = 0.454991 mean = [-2.24237 3.51193 -2.00873] covariance = [[0.0423545 0.0649617 -0.00025442][0.0649617 0.16348 -0.00762968][-0.00025442 -0.00762968 0.030329]]
weight = 0.000846168 mean = [3.63074 6.38412 8.02627] covariance = [[2.9728 -0.217205 -1.28842][-0.217205 1.40658 -0.527534][-1.28842 -0.527534 2.14003]]
weight = 0.00402454 mean = [2.20799 3.62674 6.49476] covariance = [[4.06067 -3.52004 -0.543671][-3.52004 7.18731 -0.267596][-0.543671 -0.267596 4.68488]]
weight = 0.000291102 mean = [3.73717 2.49036 -3.85424] covariance = [[2.37577 0.196727 -0.763065][0.196727 3.66259 -0.436053][-0.763065 -0.436053 0.845784]]
weight = 0.00151042 mean = [2.54893 5.84541 2.29169] covariance = [[2.77804 -0.349374 0.79662][-0.349374 2.54541 -0.67135][0.79662 -0.67135 2.3049]]
weight = 0.000501812 mean = [3.96476 4.82427 -1.4821] covariance = [[1.77173 -1.14454 -0.0193858][-1.14454 4.0502 -0.0597215][-0.0193858 -0.0597215 1.79842]]
weight = 0.0601738 mean = [-1.95492 4.06958 -2.12856] covariance = [[2.20547 2.33956 -1.05284][2.33956 2.62517 -1.17278][-1.05284 -1.17278 0.60994]]
weight = 0.00143287 mean = [-3.95022 6.19563 0.178028] covariance = [[2.82708 0.00519581 0.654253][0.00519581 2.09594 0.197716][0.654253 0.197716 2.53346]]
weight = 0.00291022 mean = [-1.83258 1.45827 0.350136] covariance = [[3.5358 0.625339 0.722699][0.625339 3.9907 -1.4494][0.722699 -1.4494 3.15327]]
]
2025-04-04 23:03:13 INFO  ren0 [PMMFocalGuidingIntegrator] Octree[
AABB: AABB3[min=[-6.3658, -1.5274, -4.73046], max=[5.27597, 8.04131, 10.0598]]
Nodes count: 808
]
2025-04-04 23:03:13 INFO  ren0 [PMMFocalGuidingIntegrator] Octree[
AABB: AABB3[min=[-6.3658, -1.5274, -4.73046], max=[5.27597, 8.04131, 10.0598]]
Nodes count: 577
]
2025-04-04 23:03:13 INFO  ren0 [PMMFocalGuidingIntegrator] Rendering 1 iteration
2025-04-04 23:03:13 INFO  ren0 [SamplingIntegrator] Starting render job (1280x720, 4 samples, 8 cores, SSE2 enabled) ..
2025-04-04 23:07:08 INFO  ren0 [PMMFocalGuidingIntegrator] iteration render time: 3.9186m
2025-04-04 23:07:09 INFO  ren0 [PMMFocalGuidingIntegrator] Got 1355287 non-zero samples and 0 zero samples
2025-04-04 23:07:09 INFO  ren0 [gaussian_mixture_model.h:589] Start processing batch
2025-04-04 23:08:05 INFO  ren0 [gaussian_mixture_model.h:616] Finish E step
2025-04-04 23:09:27 INFO  ren0 [gaussian_mixture_model.h:205] components before the merge: 20
2025-04-04 23:09:27 INFO  ren0 [gaussian_mixture_model.h:224] components after the merge: 13, merged 7 component
2025-04-04 23:09:27 INFO  ren0 [gaussian_mixture_model.h:242] components after the split: 20, split 7 components
2025-04-04 23:09:27 INFO  ren0 [gaussian_mixture_model.h:628] Finish M step
2025-04-04 23:09:27 INFO  ren0 [octree.h:482] root weight: 9.482e+08 (948195648.000000)
2025-04-04 23:09:27 INFO  ren0 [octree.h:483] splitting threshold: 9.482e+05 (948195.687500)
2025-04-04 23:09:27 INFO  ren0 [octree.h:482] root weight: 2.062e+05 (206175.859375)
2025-04-04 23:09:27 INFO  ren0 [octree.h:483] splitting threshold: 2.062e+02 (206.175873)
2025-04-04 23:09:27 INFO  ren0 [octree.h:498] node count: 808 -> 1306 -> 1253

2025-04-04 23:09:27 INFO  ren0 [octree.h:498] node count: 577 -> 577 -> 577

2025-04-04 23:09:27 INFO  ren0 [PMMFocalGuidingIntegrator] diverge probability: 0.000

2025-04-04 23:09:27 INFO  ren0 [PMMFocalGuidingIntegrator] iteration postprocessing time: 2.3135m
2025-04-04 23:09:27 INFO  ren0 [PMMFocalGuidingIntegrator] GMM[
weight = 0.000450573 mean = [-3.49884 2.25278 3.67633] covariance = [[3.07569 1.20593 0.00133653][1.20593 2.48449 -0.377849][0.00133653 -0.377849 2.37305]]
weight = 9.98843e-05 mean = [-0.91515 0.99783 -3.3868] covariance = [[3.11377 -0.540627 0.788395][-0.540627 2.08796 -0.483929][0.788395 -0.483929 1.83441]]
weight = 0.000129601 mean = [-2.61714 -0.332206 6.52813] covariance = [[2.25223 -0.0884378 0.30382][-0.0884378 0.911895 0.373109][0.30382 0.373109 1.98205]]
weight = 9.98843e-05 mean = [1.33503 -0.057762 -2.21185] covariance = [[3.11377 -0.540627 0.788395][-0.540627 2.08796 -0.483929][0.788395 -0.483929 1.83441]]
weight = 0.000581483 mean = [0.299868 1.63855 6.56534] covariance = [[2.4645 -1.21132 0.146478][-1.21132 2.1554 0.337321][0.146478 0.337321 3.60911]]
weight = 0.000430925 mean = [-3.95752 5.76504 5.03398] covariance = [[2.5533 0.557094 0.238548][0.557094 1.87304 0.708588][0.238548 0.708588 4.6065]]
weight = 0.000410335 mean = [-3.63326 2.4872 8.46477] covariance = [[2.68127 0.710166 0.106473][0.710166 3.36077 -0.214863][0.106473 -0.214863 1.29496]]
weight = 0.473177 mean = [-2.24782 3.59302 -1.97477] covariance = [[0.0226868 0.0209624 -0.0014555][0.0209624 0.0589216 -0.00326661][-0.0014555 -0.00326661 0.0185735]]
weight = 0.000456349 mean = [2.94688 2.41332 6.1682] covariance = [[2.31356 -1.02928 -0.213582][-1.02928 3.23307 -0.0721027][-0.213582 -0.0721027 5.35438]]
weight = 0.0231284 mean = [-2.75564 3.53005 -1.55353] covariance = [[0.386022 0.288087 -0.230319][0.288087 0.342827 -0.164833][-0.230319 -0.164833 0.278266]]
weight = 0.000129601 mean = [-0.828114 -0.122358 7.82396] covariance = [[2.25223 -0.0884378 0.30382][-0.0884378 0.911895 0.373109][0.30382 0.373109 1.98205]]
weight = 0.236588 mean = [-2.03955 4.04835 -2.01044] covariance = [[0.0167681 0.00802238 -0.000441705][0.00802238 0.0306312 -0.00105017][-0.000441705 -0.00105017 0.0183999]]
weight = 0.000188067 mean = [3.43012 6.39534 8.00495] covariance = [[2.08059 -0.209713 -0.622745][-0.209713 1.26442 -0.429146][-0.622745 -0.429146 1.77641]]
weight = 0.000456349 mean = [1.43715 4.75994 6.06294] covariance = [[2.31356 -1.02928 -0.213582][-1.02928 3.23307 -0.0721027][-0.213582 -0.0721027 5.35438]]
weight = 0.00159885 mean = [0.276036 2.51705 -0.75932] covariance = [[3.97542 -0.262903 0.278727][-0.262903 2.48386 -0.973081][0.278727 -0.973081 1.84596]]
weight = 0.000366167 mean = [1.93501 5.63073 1.37254] covariance = [[3.21661 0.0206253 2.07426][0.0206253 2.41924 0.33452][2.07426 0.33452 5.20311]]
weight = 0.236588 mean = [-2.14835 3.81048 -1.9918] covariance = [[0.0167681 0.00802238 -0.000441705][0.00802238 0.0306312 -0.00105017][-0.000441705 -0.00105017 0.0183999]]
weight = 0.0231284 mean = [-1.91661 4.26834 -2.15261] covariance = [[0.386022 0.288087 -0.230319][0.288087 0.342827 -0.164833][-0.230319 -0.164833 0.278266]]
weight = 0.000392952 mean = [-3.37909 5.53843 -0.726335] covariance = [[2.839 -0.538141 -0.409708][-0.538141 2.51158 1.33145][-0.409708 1.33145 4.01888]]
weight = 0.00159885 mean = [1.1924 4.39015 -2.0739] covariance = [[3.97542 -0.262903 0.278727][-0.262903 2.48386 -0.973081][0.278727 -0.973081 1.84596]]
]
2025-04-04 23:09:27 INFO  ren0 [PMMFocalGuidingIntegrator] Octree[
AABB: AABB3[min=[-6.3658, -1.5274, -4.73046], max=[5.27597, 8.04131, 10.0598]]
Nodes count: 1253
]
2025-04-04 23:09:27 INFO  ren0 [PMMFocalGuidingIntegrator] Octree[
AABB: AABB3[min=[-6.3658, -1.5274, -4.73046], max=[5.27597, 8.04131, 10.0598]]
Nodes count: 577
]
2025-04-04 23:09:27 INFO  ren0 [PMMFocalGuidingIntegrator] Rendering 2 iteration
2025-04-04 23:09:27 INFO  ren0 [SamplingIntegrator] Starting render job (1280x720, 4 samples, 8 cores, SSE2 enabled) ..
2025-04-04 23:11:56 INFO  wrk5 [octree.h:260] No intersection found
2025-04-04 23:11:56 INFO  wrk5 [pmm_focal_guiding.cpp:751] Intersection was not found
2025-04-04 23:12:44 INFO  ren0 [PMMFocalGuidingIntegrator] iteration render time: 3.2911m
2025-04-04 23:12:45 INFO  ren0 [PMMFocalGuidingIntegrator] Got 2166018 non-zero samples and 0 zero samples
2025-04-04 23:12:45 INFO  ren0 [gaussian_mixture_model.h:589] Start processing batch
2025-04-04 23:14:09 INFO  ren0 [gaussian_mixture_model.h:616] Finish E step
2025-04-04 23:16:08 INFO  ren0 [gaussian_mixture_model.h:205] components before the merge: 20
2025-04-04 23:16:08 INFO  ren0 [gaussian_mixture_model.h:224] components after the merge: 12, merged 8 component
2025-04-04 23:16:08 INFO  ren0 [gaussian_mixture_model.h:242] components after the split: 20, split 8 components
2025-04-04 23:16:08 INFO  ren0 [gaussian_mixture_model.h:628] Finish M step
2025-04-04 23:16:08 INFO  ren0 [octree.h:482] root weight: 6.381e+09 (6381023744.000000)
2025-04-04 23:16:08 INFO  ren0 [octree.h:483] splitting threshold: 6.381e+06 (6381024.000000)
2025-04-04 23:16:08 INFO  ren0 [octree.h:482] root weight: 4.190e+05 (419000.343750)
2025-04-04 23:16:08 INFO  ren0 [octree.h:483] splitting threshold: 4.190e+02 (419.000366)
2025-04-04 23:16:08 INFO  ren0 [octree.h:498] node count: 1253 -> 1442 -> 1224

2025-04-04 23:16:08 INFO  ren0 [octree.h:498] node count: 577 -> 577 -> 577

2025-04-04 23:16:08 INFO  ren0 [PMMFocalGuidingIntegrator] diverge probability: 0.000

2025-04-04 23:16:08 INFO  ren0 [PMMFocalGuidingIntegrator] iteration postprocessing time: 3.4014m
2025-04-04 23:16:08 INFO  ren0 [PMMFocalGuidingIntegrator] GMM[
weight = 0.000199206 mean = [-3.4976 2.17523 3.29379] covariance = [[3.17127 1.29168 0.0656585][1.29168 2.78582 -0.178392][0.0656585 -0.178392 3.03086]]
weight = 4.67011e-05 mean = [-1.63503 1.10372 -3.25858] covariance = [[3.34911 -0.250556 0.363157][-0.250556 2.16804 -0.392643][0.363157 -0.392643 1.51398]]
weight = 5.60983e-05 mean = [-2.47335 -0.33883 6.12888] covariance = [[2.20768 -0.144057 0.080967][-0.144057 0.792389 0.344925][0.080967 0.344925 2.15115]]
weight = 4.67011e-05 mean = [0.863399 0.460761 -2.67417] covariance = [[3.34911 -0.250556 0.363157][-0.250556 2.16804 -0.392643][0.363157 -0.392643 1.51398]]
weight = 0.000251648 mean = [0.254992 1.60972 6.28323] covariance = [[2.61566 -1.27134 0.231245][-1.27134 2.2964 0.428273][0.231245 0.428273 4.24524]]
weight = 0.0001879 mean = [-3.90787 5.69411 4.70048] covariance = [[2.58727 0.639366 0.214729][0.639366 2.00105 0.884524][0.214729 0.884524 5.42217]]
weight = 0.000176918 mean = [-3.60182 2.5405 8.34467] covariance = [[2.68196 0.697285 0.174559][0.697285 3.35131 -0.207907][0.174559 -0.207907 1.29781]]
weight = 0.484799 mean = [-2.23192 3.64101 -1.96529] covariance = [[0.0124484 0.00695905 -0.000257832][0.00695905 0.0245445 -0.00136646][-0.000257832 -0.00136646 0.0122195]]
weight = 0.00670502 mean = [-2.46724 3.7911 -1.80056] covariance = [[0.106114 0.0589109 -0.0412161][0.0589109 0.105611 -0.015148][-0.0412161 -0.015148 0.110781]]
weight = 0.00335251 mean = [-2.15522 4.06027 -2.02428] covariance = [[0.0648256 0.0232916 -0.0116112][0.0232916 0.0748827 0.0103918][-0.0116112 0.0103918 0.0895537]]
weight = 5.60983e-05 mean = [-1.05271 -0.110513 7.7031] covariance = [[2.20768 -0.144057 0.080967][-0.144057 0.792389 0.344925][0.080967 0.344925 2.15115]]
weight = 0.00670502 mean = [-2.87363 3.44051 -1.50917] covariance = [[0.106114 0.0589109 -0.0412161][0.0589109 0.105611 -0.015148][-0.0412161 -0.015148 0.110781]]
weight = 8.0686e-05 mean = [3.32987 6.40181 7.93234] covariance = [[1.94921 -0.214062 -0.429743][-0.214062 1.19714 -0.378168][-0.429743 -0.378168 1.77907]]
weight = 0.000395862 mean = [2.16337 3.59228 5.76582] covariance = [[3.07927 -2.17005 0.101401][-2.17005 4.93758 -0.272029][0.101401 -0.272029 5.97734]]
weight = 0.00335251 mean = [-2.03619 4.16295 -2.10963] covariance = [[0.0648256 0.0232916 -0.0116112][0.0232916 0.0748827 0.0103918][-0.0116112 0.0103918 0.0895537]]
weight = 0.00335251 mean = [-2.44259 3.81236 -1.81824] covariance = [[0.0648256 0.0232916 -0.0116112][0.0232916 0.0748827 0.0103918][-0.0116112 0.0103918 0.0895537]]
weight = 0.484799 mean = [-2.13476 3.85505 -1.98562] covariance = [[0.0124484 0.00695905 -0.000257832][0.00695905 0.0245445 -0.00136646][-0.000257832 -0.00136646 0.0122195]]
weight = 0.00335251 mean = [-1.74883 4.41086 -2.31568] covariance = [[0.0648256 0.0232916 -0.0116112][0.0232916 0.0748827 0.0103918][-0.0116112 0.0103918 0.0895537]]
weight = 0.000183969 mean = [-3.2651 5.14101 -1.23345] covariance = [[2.98632 -0.414499 -0.234403][-0.414499 2.8102 1.77318][-0.234403 1.77318 4.16544]]
weight = 0.0018999 mean = [0.873731 3.82653 -1.45275] covariance = [[2.73697 0.491921 0.237381][0.491921 2.4439 -0.600257][0.237381 -0.600257 2.31064]]
]
2025-04-04 23:16:08 INFO  ren0 [PMMFocalGuidingIntegrator] Octree[
AABB: AABB3[min=[-6.3658, -1.5274, -4.73046], max=[5.27597, 8.04131, 10.0598]]
Nodes count: 1224
]
2025-04-04 23:16:08 INFO  ren0 [PMMFocalGuidingIntegrator] Octree[
AABB: AABB3[min=[-6.3658, -1.5274, -4.73046], max=[5.27597, 8.04131, 10.0598]]
Nodes count: 577
]
2025-04-04 23:16:08 INFO  ren0 [PMMFocalGuidingIntegrator] Rendering 3 iteration
2025-04-04 23:16:08 INFO  ren0 [SamplingIntegrator] Starting render job (1280x720, 4 samples, 8 cores, SSE2 enabled) ..
2025-04-04 23:19:04 INFO  ren0 [PMMFocalGuidingIntegrator] iteration render time: 2.9272m
2025-04-04 23:19:06 INFO  ren0 [PMMFocalGuidingIntegrator] Got 2849401 non-zero samples and 0 zero samples
2025-04-04 23:19:06 INFO  ren0 [gaussian_mixture_model.h:589] Start processing batch
2025-04-04 23:20:57 INFO  ren0 [gaussian_mixture_model.h:616] Finish E step
2025-04-04 23:23:31 INFO  ren0 [gaussian_mixture_model.h:205] components before the merge: 20
2025-04-04 23:23:31 INFO  ren0 [gaussian_mixture_model.h:224] components after the merge: 12, merged 8 component
2025-04-04 23:23:31 INFO  ren0 [gaussian_mixture_model.h:242] components after the split: 20, split 8 components
2025-04-04 23:23:31 INFO  ren0 [gaussian_mixture_model.h:628] Finish M step
2025-04-04 23:23:31 INFO  ren0 [octree.h:482] root weight: 2.009e+10 (20091795456.000000)
2025-04-04 23:23:31 INFO  ren0 [octree.h:483] splitting threshold: 2.009e+07 (20091796.000000)
