2025-05-18 13:06:52 INFO  main [mitsuba.cpp:274] Mitsuba version 0.6.0 (Linux, 64 bit), Copyright (c) 2017 Wenzel Jakob
2025-05-18 13:06:52 INFO  main [mitsuba.cpp:377] Parsing scene description from "scene/modern-living-room/modern-living-room.xml" ..
2025-05-18 13:06:52 INFO  main [scenehandler.cpp:675] In file "/mitsuba/scene/modern-living-room/modern-living-room.xml" (near line 13): Parsing included file "pmm_focal_recursive.xml" ..
2025-05-18 13:06:52 INFO  main [PluginManager] Loading plugin "plugins/pmm_focal_recursive.so" ..
2025-05-18 13:06:52 INFO  main [octree.h:535] root weight: 8.000e-20 (0.000000)
2025-05-18 13:06:52 INFO  main [octree.h:536] splitting threshold: 8.000e-23 (0.000000)
2025-05-18 13:06:52 INFO  main [octree.h:551] node count: 1 -> 585 -> 585

2025-05-18 13:06:52 INFO  main [octree.h:535] root weight: 8.000e-20 (0.000000)
2025-05-18 13:06:52 INFO  main [octree.h:536] splitting threshold: 8.000e-23 (0.000000)
2025-05-18 13:06:52 INFO  main [octree.h:551] node count: 1 -> 585 -> 585

2025-05-18 13:06:52 INFO  main [MIFocalGuidingPathTracer] budget: 600
2025-05-18 13:06:52 INFO  main [MIFocalGuidingPathTracer] dumpPrimaryRays: false
2025-05-18 13:06:52 INFO  main [MIFocalGuidingPathTracer] dumpScene: false
2025-05-18 13:06:52 INFO  main [MIFocalGuidingPathTracer] gmm.alpha: 0.4
2025-05-18 13:06:52 INFO  main [MIFocalGuidingPathTracer] gmm.initMethod: Uniform
2025-05-18 13:06:52 INFO  main [MIFocalGuidingPathTracer] gmm.maxNumComp: 10
2025-05-18 13:06:52 INFO  main [MIFocalGuidingPathTracer] gmm.mergingThreshold: 0.65
2025-05-18 13:06:52 INFO  main [MIFocalGuidingPathTracer] gmm.minNumComp: 3
2025-05-18 13:06:52 INFO  main [MIFocalGuidingPathTracer] gmm.splittingThreshold: 100
2025-05-18 13:06:52 INFO  main [MIFocalGuidingPathTracer] iterationBudget: 10
2025-05-18 13:06:52 INFO  main [MIFocalGuidingPathTracer] iterationCount: 15
2025-05-18 13:06:52 INFO  main [MIFocalGuidingPathTracer] maxDepth: 40
2025-05-18 13:06:52 INFO  main [MIFocalGuidingPathTracer] minSamplesToStartFitting: 128
2025-05-18 13:06:52 INFO  main [MIFocalGuidingPathTracer] normalBinning: disabled
2025-05-18 13:06:52 INFO  main [MIFocalGuidingPathTracer] renderMaxSeconds: 36000
2025-05-18 13:06:52 INFO  main [MIFocalGuidingPathTracer] rrDepth: 14
2025-05-18 13:06:52 INFO  main [MIFocalGuidingPathTracer] samplingMode: 2
2025-05-18 13:06:52 INFO  main [MIFocalGuidingPathTracer] strictNormals: true
2025-05-18 13:06:52 INFO  main [MIFocalGuidingPathTracer] trainingSamples: 4
2025-05-18 13:06:52 INFO  main [MIFocalGuidingPathTracer] tree.threshold: 0.001
2025-05-18 13:06:52 INFO  main [MIFocalGuidingPathTracer] unboundedSplatting: true
2025-05-18 13:06:52 INFO  main [PluginManager] Loading plugin "plugins/independent.so" ..
2025-05-18 13:06:52 INFO  main [PluginManager] Loading plugin "plugins/box.so" ..
2025-05-18 13:06:52 INFO  main [PluginManager] Loading plugin "plugins/hdrfilm.so" ..
2025-05-18 13:06:52 INFO  main [PluginManager] Loading plugin "plugins/perspective.so" ..
2025-05-18 13:06:52 INFO  main [PluginManager] Loading plugin "plugins/bitmap.so" ..
2025-05-18 13:06:52 INFO  main [BitmapTexture] Loading texture "Abstract.jpg"
2025-05-18 13:06:52 INFO  main [PluginManager] Loading plugin "plugins/lanczos.so" ..
2025-05-18 13:06:52 INFO  main [PluginManager] Loading plugin "plugins/diffuse.so" ..
2025-05-18 13:06:52 INFO  main [PluginManager] Loading plugin "plugins/twosided.so" ..
2025-05-18 13:06:52 INFO  main [BitmapTexture] Loading texture "WoodFloor.jpg"
2025-05-18 13:06:52 INFO  main [MIPMap] Generating MIP map cache file "/mitsuba/scene/modern-living-room/textures/WoodFloor.mip" ..
2025-05-18 13:06:52 INFO  main [PluginManager] Loading plugin "plugins/roughplastic.so" ..
2025-05-18 13:06:52 INFO  main [PluginManager] Loading plugin "plugins/dielectric.so" ..
2025-05-18 13:06:52 INFO  main [PluginManager] Loading plugin "plugins/roughconductor.so" ..
2025-05-18 13:06:52 INFO  main [spectrum.cpp:599] "Cu.eta.spd": loaded a spectral power distribution with 55 entries (between 302.400421 and 885.601257 nm)
2025-05-18 13:06:52 INFO  main [spectrum.cpp:599] "Cu.k.spd": loaded a spectral power distribution with 55 entries (between 302.400421 and 885.601257 nm)
2025-05-18 13:06:52 INFO  main [BitmapTexture] Loading texture "Fabric.jpg"
2025-05-18 13:06:52 INFO  main [PluginManager] Loading plugin "plugins/obj.so" ..
2025-05-18 13:06:52 INFO  main [WavefrontOBJ] Loading geometry from "Mesh019.obj" ..
2025-05-18 13:06:52 INFO  main [WavefrontOBJ] Mesh019: 22528 triangles, 11268 vertices (merged 56316 vertices).
2025-05-18 13:06:52 INFO  main [WavefrontOBJ] Done with "Mesh019.obj" (took 49 ms)
2025-05-18 13:06:52 INFO  main [WavefrontOBJ] Loading geometry from "Mesh033.obj" ..
2025-05-18 13:06:52 INFO  main [WavefrontOBJ] Mesh033: 22528 triangles, 11268 vertices (merged 56316 vertices).
2025-05-18 13:06:52 INFO  main [WavefrontOBJ] Done with "Mesh033.obj" (took 48 ms)
2025-05-18 13:06:52 INFO  main [WavefrontOBJ] Loading geometry from "Mesh020.obj" ..
2025-05-18 13:06:53 INFO  main [WavefrontOBJ] Mesh020: 6784 triangles, 3425 vertices (merged 16927 vertices).
2025-05-18 13:06:53 INFO  main [WavefrontOBJ] Done with "Mesh020.obj" (took 14 ms)
2025-05-18 13:06:53 INFO  main [WavefrontOBJ] Loading geometry from "Mesh016.obj" ..
2025-05-18 13:06:53 INFO  main [WavefrontOBJ] Mesh016: 18944 triangles, 9537 vertices (merged 47295 vertices).
2025-05-18 13:06:53 INFO  main [WavefrontOBJ] Done with "Mesh016.obj" (took 41 ms)
2025-05-18 13:06:53 INFO  main [WavefrontOBJ] Loading geometry from "Mesh017.obj" ..
2025-05-18 13:06:53 INFO  main [WavefrontOBJ] Mesh017: 4864 triangles, 2434 vertices (merged 12158 vertices).
2025-05-18 13:06:53 INFO  main [WavefrontOBJ] Done with "Mesh017.obj" (took 10 ms)
2025-05-18 13:06:53 INFO  main [WavefrontOBJ] Loading geometry from "Mesh014.obj" ..
2025-05-18 13:06:53 INFO  main [WavefrontOBJ] Mesh014: 4864 triangles, 2434 vertices (merged 12158 vertices).
2025-05-18 13:06:53 INFO  main [WavefrontOBJ] Done with "Mesh014.obj" (took 9 ms)
2025-05-18 13:06:53 INFO  main [WavefrontOBJ] Loading geometry from "Mesh025.obj" ..
2025-05-18 13:06:53 INFO  main [WavefrontOBJ] Mesh025: 19456 triangles, 9730 vertices (merged 48638 vertices).
2025-05-18 13:06:53 INFO  main [WavefrontOBJ] Done with "Mesh025.obj" (took 41 ms)
2025-05-18 13:06:53 INFO  main [WavefrontOBJ] Loading geometry from "Mesh013.obj" ..
2025-05-18 13:06:53 INFO  main [WavefrontOBJ] Mesh013: 35840 triangles, 17922 vertices (merged 89598 vertices).
2025-05-18 13:06:53 INFO  main [WavefrontOBJ] Done with "Mesh013.obj" (took 78 ms)
2025-05-18 13:06:53 INFO  main [WavefrontOBJ] Loading geometry from "Mesh021.obj" ..
2025-05-18 13:06:53 INFO  main [WavefrontOBJ] Mesh021: 35840 triangles, 17922 vertices (merged 89598 vertices).
2025-05-18 13:06:53 INFO  main [WavefrontOBJ] Done with "Mesh021.obj" (took 79 ms)
2025-05-18 13:06:53 INFO  main [WavefrontOBJ] Loading geometry from "Mesh022.obj" ..
2025-05-18 13:06:53 INFO  main [WavefrontOBJ] Mesh022: 18944 triangles, 9537 vertices (merged 47295 vertices).
2025-05-18 13:06:53 INFO  main [WavefrontOBJ] Done with "Mesh022.obj" (took 44 ms)
2025-05-18 13:06:53 INFO  main [WavefrontOBJ] Loading geometry from "Mesh015.obj" ..
2025-05-18 13:06:53 INFO  main [WavefrontOBJ] Mesh015: 63488 triangles, 31752 vertices (merged 158712 vertices).
2025-05-18 13:06:53 INFO  main [WavefrontOBJ] Done with "Mesh015.obj" (took 144 ms)
2025-05-18 13:06:53 INFO  main [WavefrontOBJ] Loading geometry from "Mesh024.obj" ..
2025-05-18 13:06:53 INFO  main [WavefrontOBJ] Mesh024: 6272 triangles, 3169 vertices (merged 15647 vertices).
2025-05-18 13:06:53 INFO  main [WavefrontOBJ] Done with "Mesh024.obj" (took 13 ms)
2025-05-18 13:06:53 INFO  main [WavefrontOBJ] Loading geometry from "Mesh026.obj" ..
2025-05-18 13:06:53 INFO  main [WavefrontOBJ] Mesh026: 25088 triangles, 12609 vertices (merged 62655 vertices).
2025-05-18 13:06:53 INFO  main [WavefrontOBJ] Done with "Mesh026.obj" (took 54 ms)
2025-05-18 13:06:53 INFO  main [WavefrontOBJ] Loading geometry from "Mesh034.obj" ..
2025-05-18 13:06:53 INFO  main [WavefrontOBJ] Mesh034: 20736 triangles, 10704 vertices (merged 51504 vertices).
2025-05-18 13:06:53 INFO  main [WavefrontOBJ] Done with "Mesh034.obj" (took 44 ms)
2025-05-18 13:06:53 INFO  main [WavefrontOBJ] Loading geometry from "Mesh029.obj" ..
2025-05-18 13:06:53 INFO  main [WavefrontOBJ] Mesh029: 4320 triangles, 2178 vertices (merged 10782 vertices).
2025-05-18 13:06:53 INFO  main [WavefrontOBJ] Done with "Mesh029.obj" (took 9 ms)
2025-05-18 13:06:53 INFO  main [WavefrontOBJ] Loading geometry from "Mesh018.obj" ..
2025-05-18 13:06:53 INFO  main [WavefrontOBJ] Mesh018: 53248 triangles, 26624 vertices (merged 133120 vertices).
2025-05-18 13:06:53 INFO  main [WavefrontOBJ] Done with "Mesh018.obj" (took 117 ms)
2025-05-18 13:06:53 INFO  main [WavefrontOBJ] Loading geometry from "Mesh032.obj" ..
2025-05-18 13:06:53 INFO  main [WavefrontOBJ] Mesh032: 30 triangles, 64 vertices (merged 26 vertices).
2025-05-18 13:06:53 INFO  main [WavefrontOBJ] Done with "Mesh032.obj" (took 0 ms)
2025-05-18 13:06:53 INFO  main [WavefrontOBJ] Loading geometry from "Mesh035.obj" ..
2025-05-18 13:06:53 INFO  main [WavefrontOBJ] Mesh035: 13312 triangles, 6656 vertices (merged 33280 vertices).
2025-05-18 13:06:53 INFO  main [WavefrontOBJ] Done with "Mesh035.obj" (took 28 ms)
2025-05-18 13:06:53 INFO  main [WavefrontOBJ] Loading geometry from "Mesh031.obj" ..
2025-05-18 13:06:53 INFO  main [WavefrontOBJ] Mesh031: 792 triangles, 1304 vertices (merged 1072 vertices).
2025-05-18 13:06:53 INFO  main [WavefrontOBJ] Done with "Mesh031.obj" (took 3 ms)
2025-05-18 13:06:53 INFO  main [WavefrontOBJ] Loading geometry from "Mesh012.obj" ..
2025-05-18 13:06:53 INFO  main [WavefrontOBJ] Mesh012: 102 triangles, 162 vertices (merged 144 vertices).
2025-05-18 13:06:53 INFO  main [WavefrontOBJ] Done with "Mesh012.obj" (took 0 ms)
2025-05-18 13:06:53 INFO  main [WavefrontOBJ] Loading geometry from "Mesh011.obj" ..
2025-05-18 13:06:53 INFO  main [WavefrontOBJ] Mesh011: 102 triangles, 162 vertices (merged 144 vertices).
2025-05-18 13:06:53 INFO  main [WavefrontOBJ] Done with "Mesh011.obj" (took 0 ms)
2025-05-18 13:06:53 INFO  main [WavefrontOBJ] Loading geometry from "Mesh010.obj" ..
2025-05-18 13:06:53 INFO  main [WavefrontOBJ] Mesh010: 102 triangles, 166 vertices (merged 140 vertices).
2025-05-18 13:06:53 INFO  main [WavefrontOBJ] Done with "Mesh010.obj" (took 0 ms)
2025-05-18 13:06:53 INFO  main [WavefrontOBJ] Loading geometry from "Mesh028.obj" ..
2025-05-18 13:06:53 INFO  main [WavefrontOBJ] Mesh028: 105472 triangles, 52738 vertices (merged 263678 vertices).
2025-05-18 13:06:53 INFO  main [WavefrontOBJ] Done with "Mesh028.obj" (took 230 ms)
2025-05-18 13:06:53 INFO  main [WavefrontOBJ] Loading geometry from "Mesh009.obj" ..
2025-05-18 13:06:54 INFO  main [WavefrontOBJ] Mesh009: 65472 triangles, 50844 vertices (merged 145572 vertices).
2025-05-18 13:06:54 INFO  main [WavefrontOBJ] Done with "Mesh009.obj" (took 195 ms)
2025-05-18 13:06:54 INFO  main [WavefrontOBJ] Loading geometry from "Mesh007.obj" ..
2025-05-18 13:06:54 INFO  main [WavefrontOBJ] Mesh007: 65472 triangles, 50844 vertices (merged 145572 vertices).
2025-05-18 13:06:54 INFO  main [WavefrontOBJ] Done with "Mesh007.obj" (took 195 ms)
2025-05-18 13:06:54 INFO  main [WavefrontOBJ] Loading geometry from "Mesh006.obj" ..
2025-05-18 13:06:54 INFO  main [WavefrontOBJ] Mesh006: 71680 triangles, 35844 vertices (merged 179196 vertices).
2025-05-18 13:06:54 INFO  main [WavefrontOBJ] Done with "Mesh006.obj" (took 157 ms)
2025-05-18 13:06:54 INFO  main [WavefrontOBJ] Loading geometry from "Mesh030.obj" ..
2025-05-18 13:06:54 INFO  main [WavefrontOBJ] Mesh030: 27136 triangles, 13638 vertices (merged 67770 vertices).
2025-05-18 13:06:54 INFO  main [WavefrontOBJ] Done with "Mesh030.obj" (took 57 ms)
2025-05-18 13:06:54 INFO  main [WavefrontOBJ] Loading geometry from "Mesh005.obj" ..
2025-05-18 13:06:54 INFO  main [WavefrontOBJ] Mesh005: 96 triangles, 192 vertices (merged 96 vertices).
2025-05-18 13:06:54 INFO  main [WavefrontOBJ] Done with "Mesh005.obj" (took 0 ms)
2025-05-18 13:06:54 INFO  main [WavefrontOBJ] Loading geometry from "Mesh004.obj" ..
2025-05-18 13:06:54 INFO  main [WavefrontOBJ] Mesh004: 65472 triangles, 50844 vertices (merged 145572 vertices).
2025-05-18 13:06:54 INFO  main [WavefrontOBJ] Done with "Mesh004.obj" (took 194 ms)
2025-05-18 13:06:54 INFO  main [WavefrontOBJ] Loading geometry from "Mesh023.obj" ..
2025-05-18 13:06:54 INFO  main [WavefrontOBJ] Mesh023: 6912 triangles, 3458 vertices (merged 17278 vertices).
2025-05-18 13:06:54 INFO  main [WavefrontOBJ] Done with "Mesh023.obj" (took 14 ms)
2025-05-18 13:06:54 INFO  main [WavefrontOBJ] Loading geometry from "Mesh002.obj" ..
2025-05-18 13:06:54 INFO  main [WavefrontOBJ] Mesh002: 96 triangles, 192 vertices (merged 96 vertices).
2025-05-18 13:06:54 INFO  main [WavefrontOBJ] Done with "Mesh002.obj" (took 0 ms)
2025-05-18 13:06:54 INFO  main [WavefrontOBJ] Loading geometry from "Mesh008.obj" ..
2025-05-18 13:06:54 INFO  main [WavefrontOBJ] Mesh008: 2 triangles, 4 vertices (merged 2 vertices).
2025-05-18 13:06:54 INFO  main [WavefrontOBJ] Done with "Mesh008.obj" (took 0 ms)
2025-05-18 13:06:54 INFO  main [WavefrontOBJ] Loading geometry from "Mesh027.obj" ..
2025-05-18 13:06:54 INFO  main [WavefrontOBJ] Mesh027: 8 triangles, 16 vertices (merged 8 vertices).
2025-05-18 13:06:54 INFO  main [WavefrontOBJ] Done with "Mesh027.obj" (took 0 ms)
2025-05-18 13:06:54 INFO  main [WavefrontOBJ] Loading geometry from "Mesh003.obj" ..
2025-05-18 13:06:54 INFO  main [WavefrontOBJ] Mesh003: 2 triangles, 4 vertices (merged 2 vertices).
2025-05-18 13:06:54 INFO  main [WavefrontOBJ] Done with "Mesh003.obj" (took 0 ms)
2025-05-18 13:06:54 INFO  main [WavefrontOBJ] Loading geometry from "Mesh001.obj" ..
2025-05-18 13:06:54 INFO  main [WavefrontOBJ] Mesh001: 204 triangles, 398 vertices (merged 214 vertices).
2025-05-18 13:06:54 INFO  main [WavefrontOBJ] Done with "Mesh001.obj" (took 1 ms)
2025-05-18 13:06:54 INFO  main [PluginManager] Loading plugin "plugins/area.so" ..
2025-05-18 13:06:54 INFO  main [PluginManager] Loading plugin "plugins/sphere.so" ..
2025-05-18 13:06:54 INFO  ren0 [KDTreeBase] Constructing a SAH kd-tree (786209 primitives) ..
2025-05-18 13:06:55 INFO  ren0 [KDTreeBase] Finished -- took 761 ms.
2025-05-18 13:06:55 INFO  ren0 [octree.h:535] root weight: 8.000e-20 (0.000000)
2025-05-18 13:06:55 INFO  ren0 [octree.h:536] splitting threshold: 8.000e-23 (0.000000)
2025-05-18 13:06:55 INFO  ren0 [octree.h:551] node count: 1 -> 585 -> 585

2025-05-18 13:06:55 INFO  ren0 [octree.h:535] root weight: 4.096e-17 (0.000000)
2025-05-18 13:06:55 INFO  ren0 [octree.h:536] splitting threshold: 4.096e-20 (0.000000)
2025-05-18 13:06:55 INFO  ren0 [octree.h:551] node count: 585 -> 585 -> 585

2025-05-18 13:06:55 INFO  ren0 [octree.h:535] root weight: 8.000e-20 (0.000000)
2025-05-18 13:06:55 INFO  ren0 [octree.h:536] splitting threshold: 8.000e-23 (0.000000)
2025-05-18 13:06:55 INFO  ren0 [octree.h:551] node count: 1 -> 585 -> 585

2025-05-18 13:06:55 INFO  ren0 [octree.h:535] root weight: 8.000e-20 (0.000000)
2025-05-18 13:06:55 INFO  ren0 [octree.h:536] splitting threshold: 8.000e-23 (0.000000)
2025-05-18 13:06:55 INFO  ren0 [octree.h:551] node count: 1 -> 585 -> 585

2025-05-18 13:06:55 INFO  ren0 [octree.h:535] root weight: 4.096e-17 (0.000000)
2025-05-18 13:06:55 INFO  ren0 [octree.h:536] splitting threshold: 4.096e-20 (0.000000)
2025-05-18 13:06:55 INFO  ren0 [octree.h:551] node count: 585 -> 585 -> 585

2025-05-18 13:06:55 INFO  ren0 [octree.h:535] root weight: 8.000e-20 (0.000000)
2025-05-18 13:06:55 INFO  ren0 [octree.h:536] splitting threshold: 8.000e-23 (0.000000)
2025-05-18 13:06:55 INFO  ren0 [octree.h:551] node count: 1 -> 585 -> 585

2025-05-18 13:06:55 INFO  ren0 [MIFocalGuidingPathTracer] AABB3[min=[-6.02975, -0.00717345, -6.68615], max=[0.32406, 2.72573, 0.00770017]]
2025-05-18 13:06:55 INFO  ren0 [MIFocalGuidingPathTracer] Starting render job (1280x720, 12 cores, SSE2 enabled) ..
2025-05-18 13:06:55 INFO  ren0 [MIFocalGuidingPathTracer] ITERATION 0, until 10.0 seconds
2025-05-18 13:07:10 INFO  ren0 [MIFocalGuidingPathTracer]   14.55 seconds elapsed, passes this iteration: 2, total passes: 2
2025-05-18 13:07:10 INFO  ren0 [MIFocalGuidingPathTracer] Got 315304160 non-zero samples
2025-05-18 13:07:11 INFO  ren0 [gaussian_mixture_model.h:808] Processing mega batch of size 27011544
2025-05-18 13:07:12 INFO  ren0 [gaussian_mixture_model.h:547] Uniform
2025-05-18 13:07:12 INFO  ren0 [gaussian_mixture_model.h:581] Increasing the number of max components to 12 to allow uniform distribution
2025-05-18 13:07:41 INFO  ren0 [gaussian_mixture_model.h:808] Processing mega batch of size 26666392
2025-05-18 13:08:09 INFO  ren0 [gaussian_mixture_model.h:808] Processing mega batch of size 26109875
2025-05-18 13:08:38 INFO  ren0 [gaussian_mixture_model.h:808] Processing mega batch of size 26313868
2025-05-18 13:09:06 INFO  ren0 [gaussian_mixture_model.h:808] Processing mega batch of size 25976201
2025-05-18 13:09:34 INFO  ren0 [gaussian_mixture_model.h:808] Processing mega batch of size 27141670
2025-05-18 13:10:03 INFO  ren0 [gaussian_mixture_model.h:808] Processing mega batch of size 25667190
2025-05-18 13:10:31 INFO  ren0 [gaussian_mixture_model.h:808] Processing mega batch of size 25846535
2025-05-18 13:10:59 INFO  ren0 [gaussian_mixture_model.h:808] Processing mega batch of size 25905009
2025-05-18 13:11:27 INFO  ren0 [gaussian_mixture_model.h:808] Processing mega batch of size 27136286
2025-05-18 13:11:56 INFO  ren0 [gaussian_mixture_model.h:808] Processing mega batch of size 24712657
2025-05-18 13:12:23 INFO  ren0 [gaussian_mixture_model.h:808] Processing mega batch of size 26816933
2025-05-18 13:12:52 INFO  ren0 [MIFocalGuidingPathTracer] GMM[
weight = 0.0094129 mean = [-1.89221 0.744485 -0.506481] covariance = [[0.188038 -0.0284037 -0.0432977][-0.0284037 0.138086 0.0728623][-0.0432977 0.0728623 0.1605]]
weight = 0.0094129 mean = [-2.33808 0.506019 -0.724707] covariance = [[0.188038 -0.0284037 -0.0432977][-0.0284037 0.138086 0.0728623][-0.0432977 0.0728623 0.1605]]
weight = 0.047849 mean = [-1.47064 0.973919 -0.376043] covariance = [[0.327133 0.0266209 0.0233711][0.0266209 0.210242 0.118908][0.0233711 0.118908 0.233648]]
weight = 0.0135437 mean = [-5.40924 0.579896 -0.168979] covariance = [[0.320924 -0.111077 -0.000206711][-0.111077 0.206549 0.00665342][-0.000206711 0.00665342 0.0250227]]
weight = 0.0233153 mean = [-3.77362 0.466176 -0.135357] covariance = [[0.834937 0.0482502 0.0174707][0.0482502 0.109426 0.010864][0.0174707 0.010864 0.0181007]]
weight = 0.047849 mean = [-0.872831 0.654505 -0.746736] covariance = [[0.327133 0.0266209 0.0233711][0.0266209 0.210242 0.118908][0.0233711 0.118908 0.233648]]
weight = 0.00677787 mean = [0.187066 0.389165 -1.8854] covariance = [[0.0137886 -0.00193188 0.00343732][-0.00193188 0.0879203 0.00516796][0.00343732 0.00516796 0.297665]]
weight = 0.121571 mean = [-0.234612 1.44342 -0.294883] covariance = [[0.151256 -0.0744719 -0.0311071][-0.0744719 0.524393 -0.0201505][-0.0311071 -0.0201505 0.10183]]
weight = 0.0353885 mean = [0.209086 1.68828 -2.89006] covariance = [[0.0111083 -0.00181479 0.00731345][-0.00181479 0.66359 0.21247][0.00731345 0.21247 2.44662]]
weight = 0.68488 mean = [-3.22634 1.69105 -1.86761] covariance = [[3.34175 0.0450191 0.353522][0.0450191 0.687603 0.0568732][0.353522 0.0568732 2.33762]]
]
2025-05-18 13:12:52 INFO  ren0 [octree.h:535] root weight: 4.270e+06 (4270339.000000)
2025-05-18 13:12:52 INFO  ren0 [octree.h:536] splitting threshold: 4.270e+03 (4270.339355)
2025-05-18 13:12:52 INFO  ren0 [octree.h:535] root weight: 1.374e+06 (1374007.000000)
2025-05-18 13:12:52 INFO  ren0 [octree.h:536] splitting threshold: 1.374e+03 (1374.007080)
2025-05-18 13:12:52 INFO  ren0 [octree.h:551] node count: 585 -> 677 -> 449

2025-05-18 13:12:52 INFO  ren0 [octree.h:551] node count: 585 -> 609 -> 359

2025-05-18 13:12:52 INFO  ren0 [MIFocalGuidingPathTracer] ITERATION 1, until 20.0 seconds
2025-05-18 13:13:48 INFO  ren0 [MIFocalGuidingPathTracer]   412.61 seconds elapsed, passes this iteration: 1, total passes: 3
2025-05-18 13:13:48 INFO  ren0 [MIFocalGuidingPathTracer] Got 81791705 non-zero samples
2025-05-18 13:13:54 INFO  ren0 [gaussian_mixture_model.h:808] Processing mega batch of size 81791705
2025-05-18 13:15:31 INFO  ren0 [MIFocalGuidingPathTracer] GMM[
weight = 1.79797e-05 mean = [-5.99956 2.55048 -0.0221103] covariance = [[0.00051558 0.00103573 0.000233519][0.00103573 0.0477091 0.000978384][0.000233519 0.000978384 0.000321762]]
weight = 1.79797e-05 mean = [-6.00636 2.24162 -0.028515] covariance = [[0.00051558 0.00103573 0.000233519][0.00103573 0.0477091 0.000978384][0.000233519 0.000978384 0.000321762]]
weight = 0.351397 mean = [-4.17936 1.22294 -1.54398] covariance = [[1.61138 -0.316999 0.608187][-0.316999 0.852435 -0.627237][0.608187 -0.627237 2.64695]]
weight = 0.351397 mean = [-5.19376 1.95798 -3.71591] covariance = [[1.61138 -0.316999 0.608187][-0.316999 0.852435 -0.627237][0.608187 -0.627237 2.64695]]
weight = 0.0221809 mean = [-1.46555 1.52396 -0.0391285] covariance = [[0.207647 -0.00415362 -0.00138844][-0.00415362 0.144124 -0.00882321][-0.00138844 -0.00882321 0.00287323]]
weight = 0.00272603 mean = [0.105087 2.47111 -0.626321] covariance = [[0.0711883 -0.0155949 -0.00429532][-0.0155949 0.0725632 0.008125][-0.00429532 0.008125 0.064233]]
weight = 0.0221809 mean = [-0.822049 1.48241 -0.0416983] covariance = [[0.207647 -0.00415362 -0.00138844][-0.00415362 0.144124 -0.00882321][-0.00138844 -0.00882321 0.00287323]]
weight = 3.4903e-05 mean = [-6.01381 1.8398 -0.0224957] covariance = [[0.000259601 0.000327658 8.76649e-05][0.000327658 0.0346403 -0.000255614][8.76649e-05 -0.000255614 0.000256424]]
weight = 0.00272603 mean = [-0.095316 2.23404 -0.507125] covariance = [[0.0711883 -0.0155949 -0.00429532][-0.0155949 0.0725632 0.008125][-0.00429532 0.008125 0.064233]]
weight = 3.4903e-05 mean = [-6.01131 2.10298 -0.0244455] covariance = [[0.000259601 0.000327658 8.76649e-05][0.000327658 0.0346403 -0.000255614][8.76649e-05 -0.000255614 0.000256424]]
weight = 0.247287 mean = [-1.50357 1.32909 -1.20975] covariance = [[2.18186 0.125473 -0.00546594][0.125473 0.828358 -0.306766][-0.00546594 -0.306766 1.67687]]
]
2025-05-18 13:15:31 INFO  ren0 [octree.h:535] root weight: 2.189e+07 (21891428.000000)
2025-05-18 13:15:31 INFO  ren0 [octree.h:536] splitting threshold: 2.189e+04 (21891.429688)
2025-05-18 13:15:31 INFO  ren0 [octree.h:535] root weight: 7.091e+06 (7091193.500000)
2025-05-18 13:15:31 INFO  ren0 [octree.h:536] splitting threshold: 7.091e+03 (7091.193848)
2025-05-18 13:15:31 INFO  ren0 [octree.h:551] node count: 449 -> 479 -> 428

2025-05-18 13:15:31 INFO  ren0 [octree.h:551] node count: 359 -> 392 -> 366

2025-05-18 13:15:31 INFO  ren0 [MIFocalGuidingPathTracer] ITERATION 2, until 30.0 seconds
2025-05-18 13:16:23 INFO  ren0 [MIFocalGuidingPathTracer]   567.37 seconds elapsed, passes this iteration: 1, total passes: 4
2025-05-18 13:16:23 INFO  ren0 [MIFocalGuidingPathTracer] Got 71753043 non-zero samples
2025-05-18 13:16:27 INFO  ren0 [gaussian_mixture_model.h:808] Processing mega batch of size 71753043
2025-05-18 13:17:49 INFO  ren0 [MIFocalGuidingPathTracer] GMM[
weight = 0.0042854 mean = [-0.40546 1.50127 -0.5134] covariance = [[0.223258 -0.0441796 -0.0211573][-0.0441796 0.240284 0.0103217][-0.0211573 0.0103217 0.0929352]]
weight = 0.0042854 mean = [-0.866475 1.10206 -0.453973] covariance = [[0.223258 -0.0441796 -0.0211573][-0.0441796 0.240284 0.0103217][-0.0211573 0.0103217 0.0929352]]
weight = 0.011451 mean = [-1.13761 2.38271 -0.446759] covariance = [[0.132378 0.022992 -0.0044818][0.022992 0.162573 0.00317174][-0.0044818 0.00317174 0.0566274]]
weight = 0.015654 mean = [-0.433363 1.20978 -0.57658] covariance = [[0.254627 0.0240455 -0.0299505][0.0240455 0.175325 -0.00717662][-0.0299505 -0.00717662 0.158368]]
weight = 0.011451 mean = [-0.707054 2.15092 -0.488522] covariance = [[0.132378 0.022992 -0.0044818][0.022992 0.162573 0.00317174][-0.0044818 0.00317174 0.0566274]]
weight = 0.015654 mean = [-0.287686 0.648494 -0.609103] covariance = [[0.254627 0.0240455 -0.0299505][0.0240455 0.175325 -0.00717662][-0.0299505 -0.00717662 0.158368]]
weight = 0.116288 mean = [-1.53535 1.28391 -0.0306366] covariance = [[0.569577 0.0598716 0.00102984][0.0598716 0.273701 0.00143267][0.00102984 0.00143267 0.00102635]]
weight = 0.0204003 mean = [-3.16415 0.379579 -0.397726] covariance = [[0.732301 0.0713868 -0.0914555][0.0713868 0.0579434 0.0157263][-0.0914555 0.0157263 0.101476]]
weight = 0.0173703 mean = [-5.91927 1.53159 -0.162736] covariance = [[0.0175853 0.00885443 -0.00686705][0.00885443 0.444789 -0.0314426][-0.00686705 -0.0314426 0.0259943]]
weight = 0.022427 mean = [-4.61485 2.57366 -0.816499] covariance = [[0.735719 -0.0301821 0.205302][-0.0301821 0.0219277 0.0249393][0.205302 0.0249393 0.253554]]
weight = 0.760734 mean = [-3.3033 1.75276 -2.45839] covariance = [[3.15089 0.230566 0.324094][0.230566 0.825508 -0.404116][0.324094 -0.404116 2.01295]]
]
2025-05-18 13:17:49 INFO  ren0 [octree.h:535] root weight: 3.596e+07 (35962240.000000)
2025-05-18 13:17:49 INFO  ren0 [octree.h:536] splitting threshold: 3.596e+04 (35962.242188)
2025-05-18 13:17:49 INFO  ren0 [octree.h:535] root weight: 1.144e+07 (11438086.000000)
2025-05-18 13:17:49 INFO  ren0 [octree.h:536] splitting threshold: 1.144e+04 (11438.086914)
2025-05-18 13:17:49 INFO  ren0 [octree.h:551] node count: 428 -> 472 -> 432

2025-05-18 13:17:49 INFO  ren0 [octree.h:551] node count: 366 -> 385 -> 356

2025-05-18 13:17:49 INFO  ren0 [MIFocalGuidingPathTracer] ITERATION 3, until 40.0 seconds
2025-05-18 13:18:49 INFO  ren0 [MIFocalGuidingPathTracer]   713.79 seconds elapsed, passes this iteration: 1, total passes: 5
2025-05-18 13:18:49 INFO  ren0 [RenderJob] Render time: 11.9106m
2025-05-18 13:18:49 INFO  ren0 [HDRFilm] Writing image to "/mitsuba/scene/modern-living-room/modern-living-room.exr" ..
2025-05-18 13:18:49 INFO  main [statistics.cpp:142] Statistics:
------------------------------------------------------------
 * Loaded plugins :
    -  plugins/area.so [Area light]
    -  plugins/bitmap.so [Bitmap texture]
    -  plugins/box.so [Box filter]
    -  plugins/dielectric.so [Smooth dielectric BSDF]
    -  plugins/diffuse.so [Smooth diffuse BRDF]
    -  plugins/hdrfilm.so [High dynamic range film]
    -  plugins/independent.so [Independent sampler]
    -  plugins/lanczos.so [Lanczos Sinc filter]
    -  plugins/obj.so [OBJ triangle mesh loader]
    -  plugins/perspective.so [Perspective camera]
    -  plugins/pmm_focal_recursive.so [MI focal guiding path tracer]
    -  plugins/roughconductor.so [Rough conductor BRDF]
    -  plugins/roughplastic.so [Rough plastic BRDF]
    -  plugins/sphere.so [Sphere intersection primitive]
    -  plugins/twosided.so [Two-sided BRDF adapter]

  * General :
    -  Normal rays traced : 45.595 M
    -  Shadow rays traced : 41.204 M

  * PathGuiding :
    -  Average path length : 9.30 (42.85 M / 4.61 M)

  * Texture system :
    -  Cumulative MIP map memory allocations : 76.918 MiB
    -  Filtered texture lookups : 0.00 % (0.00 of 14.66 M)
------------------------------------------------------------
