2025-05-20 21:22:13 INFO  main [mitsuba.cpp:274] Mitsuba version 0.6.0 (Linux, 64 bit), Copyright (c) 2017 Wenzel Jakob
2025-05-20 21:22:13 INFO  main [mitsuba.cpp:377] Parsing scene description from "scene/modern-hall/modern-hall.xml" ..
2025-05-20 21:22:13 INFO  main [scenehandler.cpp:675] In file "/mitsuba/scene/modern-hall/modern-hall.xml" (near line 20): Parsing included file "pmm_focal_recursive.xml" ..
2025-05-20 21:22:13 INFO  main [PluginManager] Loading plugin "plugins/pmm_focal_recursive.so" ..
2025-05-20 21:22:13 INFO  main [octree.h:534] root weight: 8.000e-20 (0.000000)
2025-05-20 21:22:13 INFO  main [octree.h:535] splitting threshold: 8.000e-23 (0.000000)
2025-05-20 21:22:13 INFO  main [octree.h:550] node count: 1 -> 585 -> 585

2025-05-20 21:22:13 INFO  main [octree.h:534] root weight: 8.000e-20 (0.000000)
2025-05-20 21:22:13 INFO  main [octree.h:535] splitting threshold: 8.000e-23 (0.000000)
2025-05-20 21:22:13 INFO  main [octree.h:550] node count: 1 -> 585 -> 585

2025-05-20 21:22:13 INFO  main [MIFocalGuidingPathTracer] Final render will have 32 spp, m_budget will not be taken into account.
2025-05-20 21:22:13 INFO  main [MIFocalGuidingPathTracer] budget: 1800
2025-05-20 21:22:13 INFO  main [MIFocalGuidingPathTracer] dumpPrimaryRays: false
2025-05-20 21:22:13 INFO  main [MIFocalGuidingPathTracer] dumpScene: false
2025-05-20 21:22:13 INFO  main [MIFocalGuidingPathTracer] finalSpp: 32
2025-05-20 21:22:13 INFO  main [MIFocalGuidingPathTracer] gmm.alpha: 0.4
2025-05-20 21:22:13 INFO  main [MIFocalGuidingPathTracer] gmm.initMethod: Random
2025-05-20 21:22:13 INFO  main [MIFocalGuidingPathTracer] gmm.maxNumComp: 10
2025-05-20 21:22:13 INFO  main [MIFocalGuidingPathTracer] gmm.mergingThreshold: 0.65
2025-05-20 21:22:13 INFO  main [MIFocalGuidingPathTracer] gmm.minNumComp: 3
2025-05-20 21:22:13 INFO  main [MIFocalGuidingPathTracer] gmm.splittingThreshold: 100
2025-05-20 21:22:13 INFO  main [MIFocalGuidingPathTracer] iterationBudget: 10
2025-05-20 21:22:13 INFO  main [MIFocalGuidingPathTracer] iterationCount: 15
2025-05-20 21:22:13 INFO  main [MIFocalGuidingPathTracer] maxDepth: 40
2025-05-20 21:22:13 INFO  main [MIFocalGuidingPathTracer] minSamplesToStartFitting: 10
2025-05-20 21:22:13 INFO  main [MIFocalGuidingPathTracer] normalBinning: disabled
2025-05-20 21:22:13 INFO  main [MIFocalGuidingPathTracer] renderMaxSeconds: 36000
2025-05-20 21:22:13 INFO  main [MIFocalGuidingPathTracer] rrDepth: 14
2025-05-20 21:22:13 INFO  main [MIFocalGuidingPathTracer] samplingMode: 2
2025-05-20 21:22:13 INFO  main [MIFocalGuidingPathTracer] shouldPretrain: false
2025-05-20 21:22:13 INFO  main [MIFocalGuidingPathTracer] strictNormals: true
2025-05-20 21:22:13 INFO  main [MIFocalGuidingPathTracer] trainingSamples: 4
2025-05-20 21:22:13 INFO  main [MIFocalGuidingPathTracer] tree.threshold: 0.001
2025-05-20 21:22:13 INFO  main [MIFocalGuidingPathTracer] unboundedSplatting: true
2025-05-20 21:22:13 INFO  main [PluginManager] Loading plugin "plugins/independent.so" ..
2025-05-20 21:22:13 INFO  main [PluginManager] Loading plugin "plugins/box.so" ..
2025-05-20 21:22:13 INFO  main [PluginManager] Loading plugin "plugins/hdrfilm.so" ..
2025-05-20 21:22:13 INFO  main [PluginManager] Loading plugin "plugins/perspective.so" ..
2025-05-20 21:22:13 INFO  main [PluginManager] Loading plugin "plugins/dielectric.so" ..
2025-05-20 21:22:13 INFO  main [PluginManager] Loading plugin "plugins/bitmap.so" ..
2025-05-20 21:22:13 INFO  main [BitmapTexture] Loading texture "wood5.jpg"
2025-05-20 21:22:13 INFO  main [PluginManager] Loading plugin "plugins/lanczos.so" ..
2025-05-20 21:22:13 INFO  main [MIPMap] Generating MIP map cache file "/mitsuba/scene/modern-hall/textures/wood5.mip" ..
2025-05-20 21:22:13 INFO  main [PluginManager] Loading plugin "plugins/roughplastic.so" ..
2025-05-20 21:22:13 INFO  main [PluginManager] Loading plugin "plugins/twosided.so" ..
2025-05-20 21:22:13 INFO  main [BitmapTexture] Loading texture "Tiles.jpg"
2025-05-20 21:22:13 INFO  main [PluginManager] Loading plugin "plugins/diffuse.so" ..
2025-05-20 21:22:13 INFO  main [BitmapTexture] Loading texture "Wallpaper.jpg"
2025-05-20 21:22:13 INFO  main [PluginManager] Loading plugin "plugins/roughconductor.so" ..
2025-05-20 21:22:13 INFO  main [spectrum.cpp:599] "Cu.eta.spd": loaded a spectral power distribution with 55 entries (between 302.400421 and 885.601257 nm)
2025-05-20 21:22:13 INFO  main [spectrum.cpp:599] "Cu.k.spd": loaded a spectral power distribution with 55 entries (between 302.400421 and 885.601257 nm)
2025-05-20 21:22:13 INFO  main [spectrum.cpp:599] "Cu.eta.spd": loaded a spectral power distribution with 55 entries (between 302.400421 and 885.601257 nm)
2025-05-20 21:22:13 INFO  main [spectrum.cpp:599] "Cu.k.spd": loaded a spectral power distribution with 55 entries (between 302.400421 and 885.601257 nm)
2025-05-20 21:22:13 INFO  main [PluginManager] Loading plugin "plugins/difftrans.so" ..
2025-05-20 21:22:13 INFO  main [PluginManager] Loading plugin "plugins/area.so" ..
2025-05-20 21:22:13 INFO  main [PluginManager] Loading plugin "plugins/rectangle.so" ..
2025-05-20 21:22:13 INFO  main [PluginManager] Loading plugin "plugins/cube.so" ..
2025-05-20 21:22:13 INFO  main [PluginManager] Loading plugin "plugins/obj.so" ..
2025-05-20 21:22:13 INFO  main [WavefrontOBJ] Loading geometry from "Mesh008.obj" ..
2025-05-20 21:22:13 INFO  main [WavefrontOBJ] Mesh008: 5184 triangles, 2664 vertices (merged 12888 vertices).
2025-05-20 21:22:13 INFO  main [WavefrontOBJ] Done with "Mesh008.obj" (took 12 ms)
2025-05-20 21:22:13 INFO  main [WavefrontOBJ] Loading geometry from "Mesh004.obj" ..
2025-05-20 21:22:13 INFO  main [WavefrontOBJ] Mesh004: 5184 triangles, 2664 vertices (merged 12888 vertices).
2025-05-20 21:22:13 INFO  main [WavefrontOBJ] Done with "Mesh004.obj" (took 10 ms)
2025-05-20 21:22:13 INFO  main [WavefrontOBJ] Loading geometry from "Mesh003.obj" ..
2025-05-20 21:22:13 INFO  main [WavefrontOBJ] Mesh003: 5184 triangles, 2664 vertices (merged 12888 vertices).
2025-05-20 21:22:13 INFO  main [WavefrontOBJ] Done with "Mesh003.obj" (took 11 ms)
2025-05-20 21:22:13 INFO  main [WavefrontOBJ] Loading geometry from "Mesh006.obj" ..
2025-05-20 21:22:13 INFO  main [WavefrontOBJ] Mesh006: 5184 triangles, 2664 vertices (merged 12888 vertices).
2025-05-20 21:22:13 INFO  main [WavefrontOBJ] Done with "Mesh006.obj" (took 10 ms)
2025-05-20 21:22:13 INFO  main [WavefrontOBJ] Loading geometry from "Mesh012.obj" ..
2025-05-20 21:22:13 INFO  main [WavefrontOBJ] Mesh012: 444 triangles, 882 vertices (merged 450 vertices).
2025-05-20 21:22:13 INFO  main [WavefrontOBJ] Done with "Mesh012.obj" (took 2 ms)
2025-05-20 21:22:13 INFO  main [WavefrontOBJ] Loading geometry from "Mesh013.obj" ..
2025-05-20 21:22:13 INFO  main [WavefrontOBJ] Mesh013: 5184 triangles, 2664 vertices (merged 12888 vertices).
2025-05-20 21:22:13 INFO  main [WavefrontOBJ] Done with "Mesh013.obj" (took 11 ms)
2025-05-20 21:22:13 INFO  main [WavefrontOBJ] Loading geometry from "Mesh010.obj" ..
2025-05-20 21:22:13 INFO  main [WavefrontOBJ] Mesh010: 32 triangles, 60 vertices (merged 36 vertices).
2025-05-20 21:22:13 INFO  main [WavefrontOBJ] Done with "Mesh010.obj" (took 0 ms)
2025-05-20 21:22:13 INFO  main [WavefrontOBJ] Loading geometry from "Mesh015.obj" ..
2025-05-20 21:22:13 INFO  main [WavefrontOBJ] Mesh015: 32 triangles, 60 vertices (merged 36 vertices).
2025-05-20 21:22:13 INFO  main [WavefrontOBJ] Done with "Mesh015.obj" (took 0 ms)
2025-05-20 21:22:13 INFO  main [WavefrontOBJ] Loading geometry from "Mesh002.obj" ..
2025-05-20 21:22:13 INFO  main [WavefrontOBJ] Mesh002: 32 triangles, 60 vertices (merged 36 vertices).
2025-05-20 21:22:13 INFO  main [WavefrontOBJ] Done with "Mesh002.obj" (took 0 ms)
2025-05-20 21:22:13 INFO  main [WavefrontOBJ] Loading geometry from "Mesh007.obj" ..
2025-05-20 21:22:13 INFO  main [WavefrontOBJ] Mesh007: 32 triangles, 60 vertices (merged 36 vertices).
2025-05-20 21:22:13 INFO  main [WavefrontOBJ] Done with "Mesh007.obj" (took 0 ms)
2025-05-20 21:22:13 INFO  main [WavefrontOBJ] Loading geometry from "Mesh005.obj" ..
2025-05-20 21:22:13 INFO  main [WavefrontOBJ] Mesh005: 12 triangles, 20 vertices (merged 16 vertices).
2025-05-20 21:22:13 INFO  main [WavefrontOBJ] Done with "Mesh005.obj" (took 0 ms)
2025-05-20 21:22:13 INFO  main [WavefrontOBJ] Loading geometry from "Mesh016.obj" ..
2025-05-20 21:22:13 INFO  main [WavefrontOBJ] Mesh016: 120 triangles, 204 vertices (merged 156 vertices).
2025-05-20 21:22:13 INFO  main [WavefrontOBJ] Done with "Mesh016.obj" (took 0 ms)
2025-05-20 21:22:13 INFO  main [WavefrontOBJ] Loading geometry from "Mesh017.obj" ..
2025-05-20 21:22:13 INFO  main [WavefrontOBJ] Mesh017: 20 triangles, 40 vertices (merged 20 vertices).
2025-05-20 21:22:13 INFO  main [WavefrontOBJ] Done with "Mesh017.obj" (took 0 ms)
2025-05-20 21:22:13 INFO  main [WavefrontOBJ] Loading geometry from "Mesh018.obj" ..
2025-05-20 21:22:13 INFO  main [WavefrontOBJ] Mesh018: 2 triangles, 4 vertices (merged 2 vertices).
2025-05-20 21:22:13 INFO  main [WavefrontOBJ] Done with "Mesh018.obj" (took 0 ms)
2025-05-20 21:22:13 INFO  main [WavefrontOBJ] Loading geometry from "Mesh011.obj" ..
2025-05-20 21:22:13 INFO  main [WavefrontOBJ] Mesh011: 32 triangles, 30 vertices (merged 66 vertices).
2025-05-20 21:22:13 INFO  main [WavefrontOBJ] Done with "Mesh011.obj" (took 0 ms)
2025-05-20 21:22:13 INFO  main [PluginManager] Loading plugin "plugins/homogeneous.so" ..
2025-05-20 21:22:13 INFO  main [PluginManager] Loading plugin "plugins/isotropic.so" ..
2025-05-20 21:22:13 INFO  main [WavefrontOBJ] Loading geometry from "Mesh014.obj" ..
2025-05-20 21:22:13 INFO  main [WavefrontOBJ] Mesh014: 36 triangles, 72 vertices (merged 36 vertices).
2025-05-20 21:22:13 INFO  main [WavefrontOBJ] Done with "Mesh014.obj" (took 0 ms)
2025-05-20 21:22:13 INFO  main [WavefrontOBJ] Loading geometry from "Mesh001.obj" ..
2025-05-20 21:22:13 INFO  main [WavefrontOBJ] Mesh001: 924 triangles, 2016 vertices (merged 756 vertices).
2025-05-20 21:22:13 INFO  main [WavefrontOBJ] Done with "Mesh001.obj" (took 5 ms)
2025-05-20 21:22:13 INFO  main [WavefrontOBJ] Loading geometry from "Mesh000.obj" ..
2025-05-20 21:22:13 INFO  main [WavefrontOBJ] Mesh000: 3127 triangles, 2075 vertices (merged 7306 vertices).
2025-05-20 21:22:13 INFO  main [WavefrontOBJ] Done with "Mesh000.obj" (took 12 ms)
2025-05-20 21:22:13 INFO  main [WavefrontOBJ] Loading geometry from "Mesh009.obj" ..
2025-05-20 21:22:13 INFO  main [WavefrontOBJ] Mesh009: 146 triangles, 110 vertices (merged 328 vertices).
2025-05-20 21:22:13 INFO  main [WavefrontOBJ] Done with "Mesh009.obj" (took 0 ms)
2025-05-20 21:22:13 INFO  ren0 [KDTreeBase] Constructing a SAH kd-tree (30963 primitives) ..
2025-05-20 21:22:13 INFO  ren0 [KDTreeBase] Finished -- took 110 ms.
2025-05-20 21:22:13 INFO  ren0 [octree.h:534] root weight: 8.000e-20 (0.000000)
2025-05-20 21:22:13 INFO  ren0 [octree.h:535] splitting threshold: 8.000e-23 (0.000000)
2025-05-20 21:22:13 INFO  ren0 [octree.h:550] node count: 1 -> 585 -> 585

2025-05-20 21:22:13 INFO  ren0 [octree.h:534] root weight: 4.096e-17 (0.000000)
2025-05-20 21:22:13 INFO  ren0 [octree.h:535] splitting threshold: 4.096e-20 (0.000000)
2025-05-20 21:22:13 INFO  ren0 [octree.h:550] node count: 585 -> 585 -> 585

2025-05-20 21:22:13 INFO  ren0 [octree.h:534] root weight: 8.000e-20 (0.000000)
2025-05-20 21:22:13 INFO  ren0 [octree.h:535] splitting threshold: 8.000e-23 (0.000000)
2025-05-20 21:22:13 INFO  ren0 [octree.h:550] node count: 1 -> 585 -> 585

2025-05-20 21:22:13 INFO  ren0 [octree.h:534] root weight: 8.000e-20 (0.000000)
2025-05-20 21:22:13 INFO  ren0 [octree.h:535] splitting threshold: 8.000e-23 (0.000000)
2025-05-20 21:22:13 INFO  ren0 [octree.h:550] node count: 1 -> 585 -> 585

2025-05-20 21:22:13 INFO  ren0 [octree.h:534] root weight: 4.096e-17 (0.000000)
2025-05-20 21:22:13 INFO  ren0 [octree.h:535] splitting threshold: 4.096e-20 (0.000000)
2025-05-20 21:22:13 INFO  ren0 [octree.h:550] node count: 585 -> 585 -> 585

2025-05-20 21:22:13 INFO  ren0 [octree.h:534] root weight: 8.000e-20 (0.000000)
2025-05-20 21:22:13 INFO  ren0 [octree.h:535] splitting threshold: 8.000e-23 (0.000000)
2025-05-20 21:22:13 INFO  ren0 [octree.h:550] node count: 1 -> 585 -> 585

2025-05-20 21:22:13 INFO  ren0 [MIFocalGuidingPathTracer] AABB3[min=[-21.7494, -3.70393, -3.09172], max=[7.19249, 11.2965, 6.96201]]
2025-05-20 21:22:13 INFO  ren0 [MIFocalGuidingPathTracer] Starting render job (1280x720, 12 cores, SSE2 enabled) ..
2025-05-20 21:22:13 INFO  ren0 [MIFocalGuidingPathTracer] ITERATION 0, until 10.0 seconds
2025-05-20 21:22:25 INFO  ren0 [MIFocalGuidingPathTracer]   11.53 seconds elapsed, passes this iteration: 7, total passes: 7
2025-05-20 21:22:25 INFO  ren0 [MIFocalGuidingPathTracer] Got 143192 non-zero samples
2025-05-20 21:22:25 INFO  ren0 [gaussian_mixture_model.h:815] Processing mega batch of size 143192
2025-05-20 21:22:25 INFO  ren0 [gaussian_mixture_model.h:554] Random
2025-05-20 21:22:25 INFO  ren0 [gaussian_mixture_model.h:215] Before splitting
2025-05-20 21:22:25 INFO  ren0 [gaussian_mixture_model.h:216] GMM[
weight = 0.0402509 mean = [6.48521 1.34089 -1.00072] covariance = [[0.411032 0.0735313 0.140251][0.0735313 1.54932 -0.412329][0.140251 -0.412329 2.13014]]
weight = 0.0694546 mean = [3.10231 1.37612 2.32303] covariance = [[2.91232 -0.698447 0.506254][-0.698447 1.64229 -0.561662][0.506254 -0.561662 3.09323]]
weight = 0.190586 mean = [2.37559 1.25062 -2.84539] covariance = [[0.907596 -0.378965 0.0294061][-0.378965 0.456216 0.00227966][0.0294061 0.00227966 0.137296]]
weight = 0.32321 mean = [0.488334 2.28003 -2.74159] covariance = [[3.49731 -1.78742 -0.035826][-1.78742 1.41718 0.00478494][-0.035826 0.00478494 0.365239]]
weight = 0.104042 mean = [-5.3595 4.66633 -0.255912] covariance = [[3.02728 -0.339466 -0.445296][-0.339466 3.63248 -1.31583][-0.445296 -1.31583 6.51731]]
weight = 0.0282355 mean = [3.26137 0.220455 0.498016] covariance = [[2.75256 -0.115814 -0.170541][-0.115814 2.58594 0.114357][-0.170541 0.114357 2.93633]]
weight = 0.0242967 mean = [-10.3248 2.74988 -0.260966] covariance = [[10.6011 -3.36395 -3.553][-3.36395 9.66902 0.0175606][-3.553 0.0175606 4.26364]]
weight = 0.0516959 mean = [5.54916 3.72646 5.48039] covariance = [[2.03009 -0.927028 -0.202349][-0.927028 3.60329 -0.860777][-0.202349 -0.860777 1.40215]]
weight = 0.0971582 mean = [2.34848 4.50519 -1.0269] covariance = [[4.45597 -0.779726 -0.972219][-0.779726 2.34778 0.157572][-0.972219 0.157572 1.98612]]
weight = 0.0710692 mean = [4.86956 4.27411 1.74226] covariance = [[2.77449 -0.597369 -0.647287][-0.597369 1.78106 -0.564268][-0.647287 -0.564268 2.09155]]
]
2025-05-20 21:22:25 INFO  ren0 [gaussian_mixture_model.h:218] Before merging
2025-05-20 21:22:25 INFO  ren0 [gaussian_mixture_model.h:219] GMM[
weight = 0.0402509 mean = [6.48521 1.34089 -1.00072] covariance = [[0.411032 0.0735313 0.140251][0.0735313 1.54932 -0.412329][0.140251 -0.412329 2.13014]]
weight = 0.0694546 mean = [3.10231 1.37612 2.32303] covariance = [[2.91232 -0.698447 0.506254][-0.698447 1.64229 -0.561662][0.506254 -0.561662 3.09323]]
weight = 0.190586 mean = [2.37559 1.25062 -2.84539] covariance = [[0.907596 -0.378965 0.0294061][-0.378965 0.456216 0.00227966][0.0294061 0.00227966 0.137296]]
weight = 0.32321 mean = [0.488334 2.28003 -2.74159] covariance = [[3.49731 -1.78742 -0.035826][-1.78742 1.41718 0.00478494][-0.035826 0.00478494 0.365239]]
weight = 0.104042 mean = [-5.3595 4.66633 -0.255912] covariance = [[3.02728 -0.339466 -0.445296][-0.339466 3.63248 -1.31583][-0.445296 -1.31583 6.51731]]
weight = 0.0282355 mean = [3.26137 0.220455 0.498016] covariance = [[2.75256 -0.115814 -0.170541][-0.115814 2.58594 0.114357][-0.170541 0.114357 2.93633]]
weight = 0.0242967 mean = [-10.3248 2.74988 -0.260966] covariance = [[10.6011 -3.36395 -3.553][-3.36395 9.66902 0.0175606][-3.553 0.0175606 4.26364]]
weight = 0.0516959 mean = [5.54916 3.72646 5.48039] covariance = [[2.03009 -0.927028 -0.202349][-0.927028 3.60329 -0.860777][-0.202349 -0.860777 1.40215]]
weight = 0.0971582 mean = [2.34848 4.50519 -1.0269] covariance = [[4.45597 -0.779726 -0.972219][-0.779726 2.34778 0.157572][-0.972219 0.157572 1.98612]]
weight = 0.0710692 mean = [4.86956 4.27411 1.74226] covariance = [[2.77449 -0.597369 -0.647287][-0.597369 1.78106 -0.564268][-0.647287 -0.564268 2.09155]]
]
2025-05-20 21:22:25 INFO  ren0 [gaussian_mixture_model.h:215] Before splitting
2025-05-20 21:22:25 INFO  ren0 [gaussian_mixture_model.h:216] GMM[
weight = 0.0411798 mean = [6.46856 1.38443 -0.938979] covariance = [[0.348658 0.0609415 0.12811][0.0609415 1.62594 -0.465351][0.12811 -0.465351 2.20865]]
weight = 0.517371 mean = [0.925934 2.06302 -2.81513] covariance = [[3.55809 -1.93508 -0.0228918][-1.93508 1.3253 0.0138259][-0.0228918 0.0138259 0.201164]]
weight = 0.10948 mean = [-5.33258 4.56818 -0.247963] covariance = [[3.04884 -0.170324 -0.538406][-0.170324 3.40027 -1.18239][-0.538406 -1.18239 6.14092]]
weight = 0.0640592 mean = [3.17836 0.945035 1.37312] covariance = [[3.12496 -0.397625 0.452977][-0.397625 2.54425 0.417181][0.452977 0.417181 4.00023]]
weight = 0.0250794 mean = [-10.3023 2.99066 -0.135622] covariance = [[11.6493 -3.7266 -3.58129][-3.7266 9.75473 0.26085][-3.58129 0.26085 4.26063]]
weight = 0.0623328 mean = [5.40165 3.59614 5.49092] covariance = [[1.84029 -0.722338 -0.366567][-0.722338 3.13993 -0.704576][-0.366567 -0.704576 1.39324]]
weight = 0.103944 mean = [2.39702 4.36132 -0.991706] covariance = [[4.44533 -0.811858 -1.11699][-0.811858 2.48513 0.22398][-1.11699 0.22398 2.12411]]
weight = 0.0765545 mean = [4.89206 4.20132 1.81309] covariance = [[2.68652 -0.528514 -0.550744][-0.528514 1.78063 -0.644532][-0.550744 -0.644532 2.14991]]
]
2025-05-20 21:22:25 INFO  ren0 [gaussian_mixture_model.h:218] Before merging
2025-05-20 21:22:25 INFO  ren0 [gaussian_mixture_model.h:219] GMM[
weight = 0.0205899 mean = [6.43783 1.76195 -1.6274] covariance = [[0.346779 0.084148 0.0857919][0.084148 1.3409 0.0544347][0.0857919 0.0544347 1.26081]]
weight = 0.0205899 mean = [6.4993 1.00691 -0.250559] covariance = [[0.346779 0.084148 0.0857919][0.084148 1.3409 0.0544347][0.0857919 0.0544347 1.26081]]
weight = 0.258685 mean = [-0.010299 2.60375 -2.80867] covariance = [[1.80503 -0.92257 -0.010795][-0.92257 0.740521 0.00683924][-0.010795 0.00683924 0.201091]]
weight = 0.258685 mean = [1.86217 1.52228 -2.82159] covariance = [[1.80503 -0.92257 -0.010795][-0.92257 0.740521 0.00683924][-0.010795 0.00683924 0.201091]]
weight = 0.10948 mean = [-5.33258 4.56818 -0.247963] covariance = [[3.04884 -0.170324 -0.538406][-0.170324 3.40027 -1.18239][-0.538406 -1.18239 6.14092]]
weight = 0.0640592 mean = [3.17836 0.945035 1.37312] covariance = [[3.12496 -0.397625 0.452977][-0.397625 2.54425 0.417181][0.452977 0.417181 4.00023]]
weight = 0.0250794 mean = [-10.3023 2.99066 -0.135622] covariance = [[11.6493 -3.7266 -3.58129][-3.7266 9.75473 0.26085][-3.58129 0.26085 4.26063]]
weight = 0.0623328 mean = [5.40165 3.59614 5.49092] covariance = [[1.84029 -0.722338 -0.366567][-0.722338 3.13993 -0.704576][-0.366567 -0.704576 1.39324]]
weight = 0.103944 mean = [2.39702 4.36132 -0.991706] covariance = [[4.44533 -0.811858 -1.11699][-0.811858 2.48513 0.22398][-1.11699 0.22398 2.12411]]
weight = 0.0765545 mean = [4.89206 4.20132 1.81309] covariance = [[2.68652 -0.528514 -0.550744][-0.528514 1.78063 -0.644532][-0.550744 -0.644532 2.14991]]
]
2025-05-20 21:22:25 INFO  ren0 [MIFocalGuidingPathTracer] GMM[
weight = 0.0205899 mean = [6.43783 1.76195 -1.6274] covariance = [[0.346779 0.084148 0.0857919][0.084148 1.3409 0.0544347][0.0857919 0.0544347 1.26081]]
weight = 0.0205899 mean = [6.4993 1.00691 -0.250559] covariance = [[0.346779 0.084148 0.0857919][0.084148 1.3409 0.0544347][0.0857919 0.0544347 1.26081]]
weight = 0.258685 mean = [-0.010299 2.60375 -2.80867] covariance = [[1.80503 -0.92257 -0.010795][-0.92257 0.740521 0.00683924][-0.010795 0.00683924 0.201091]]
weight = 0.258685 mean = [1.86217 1.52228 -2.82159] covariance = [[1.80503 -0.92257 -0.010795][-0.92257 0.740521 0.00683924][-0.010795 0.00683924 0.201091]]
weight = 0.0640592 mean = [3.17836 0.945035 1.37312] covariance = [[3.12496 -0.397625 0.452977][-0.397625 2.54425 0.417181][0.452977 0.417181 4.00023]]
weight = 0.134559 mean = [-6.25885 4.27416 -0.227025] covariance = [[8.39715 0.355721 -1.19021][0.355721 4.96202 -0.940268][-1.19021 -0.940268 5.79239]]
weight = 0.0623328 mean = [5.40165 3.59614 5.49092] covariance = [[1.84029 -0.722338 -0.366567][-0.722338 3.13993 -0.704576][-0.366567 -0.704576 1.39324]]
weight = 0.103944 mean = [2.39702 4.36132 -0.991706] covariance = [[4.44533 -0.811858 -1.11699][-0.811858 2.48513 0.22398][-1.11699 0.22398 2.12411]]
weight = 0.0765545 mean = [4.89206 4.20132 1.81309] covariance = [[2.68652 -0.528514 -0.550744][-0.528514 1.78063 -0.644532][-0.550744 -0.644532 2.14991]]
]
2025-05-20 21:22:25 INFO  ren0 [octree.h:534] root weight: 3.586e+06 (3586035.250000)
2025-05-20 21:22:25 INFO  ren0 [octree.h:535] splitting threshold: 3.586e+03 (3586.035400)
2025-05-20 21:22:25 INFO  ren0 [octree.h:534] root weight: 3.615e+05 (361455.562500)
2025-05-20 21:22:25 INFO  ren0 [octree.h:535] splitting threshold: 3.615e+02 (361.455566)
2025-05-20 21:22:25 INFO  ren0 [octree.h:550] node count: 585 -> 933 -> 750

2025-05-20 21:22:25 INFO  ren0 [octree.h:550] node count: 585 -> 603 -> 434

2025-05-20 21:22:25 INFO  ren0 [MIFocalGuidingPathTracer] ITERATION 1, until 20.0 seconds
2025-05-20 21:22:44 INFO  ren0 [MIFocalGuidingPathTracer]   31.12 seconds elapsed, passes this iteration: 1, total passes: 8
2025-05-20 21:22:44 INFO  ren0 [MIFocalGuidingPathTracer] Got 98278 non-zero samples
2025-05-20 21:22:44 INFO  ren0 [gaussian_mixture_model.h:815] Processing mega batch of size 98278
2025-05-20 21:22:44 INFO  ren0 [gaussian_mixture_model.h:215] Before splitting
2025-05-20 21:22:44 INFO  ren0 [gaussian_mixture_model.h:216] GMM[
weight = 0.0289588 mean = [6.39206 1.79329 -1.08428] covariance = [[0.379376 0.0380131 0.171631][0.0380131 1.57769 -0.335485][0.171631 -0.335485 1.78005]]
weight = 0.01469 mean = [6.53227 1.62689 0.20477] covariance = [[0.312123 0.0416256 0.17755][0.0416256 1.04073 -0.0952618][0.17755 -0.0952618 1.32313]]
weight = 0.118782 mean = [-0.355597 2.84848 -2.8472] covariance = [[4.00726 -2.238 0.0855152][-2.238 1.37057 -0.0479131][0.0855152 -0.0479131 0.0995322]]
weight = 0.383149 mean = [1.63836 1.67282 -2.83144] covariance = [[2.78266 -1.49621 -0.0264794][-1.49621 1.01027 0.0172596][-0.0264794 0.0172596 0.150483]]
weight = 0.130896 mean = [2.78451 0.788824 1.28843] covariance = [[2.92467 0.0193607 0.761151][0.0193607 2.2088 0.270962][0.761151 0.270962 3.53938]]
weight = 0.0737031 mean = [-6.0682 3.84883 0.42584] covariance = [[11.8893 -0.157434 -0.371911][-0.157434 6.72379 -0.296345][-0.371911 -0.296345 6.33804]]
weight = 0.040235 mean = [5.42511 3.13174 5.53309] covariance = [[1.64961 -0.605964 -0.240317][-0.605964 3.95393 -0.594165][-0.240317 -0.594165 1.31582]]
weight = 0.132233 mean = [2.47542 3.91412 -0.870567] covariance = [[3.93022 -0.634043 -1.17004][-0.634043 2.22481 0.183381][-1.17004 0.183381 2.03439]]
weight = 0.0773526 mean = [4.72978 3.92487 1.7351] covariance = [[2.9187 -0.58114 -0.647629][-0.58114 1.80939 -0.573446][-0.647629 -0.573446 1.87175]]
]
2025-05-20 21:22:44 INFO  ren0 [gaussian_mixture_model.h:218] Before merging
2025-05-20 21:22:44 INFO  ren0 [gaussian_mixture_model.h:219] GMM[
weight = 0.0144794 mean = [6.34189 2.21025 -1.66131] covariance = [[0.374352 0.0798538 0.113728][0.0798538 1.22998 0.145724][0.113728 0.145724 1.11412]]
weight = 0.01469 mean = [6.53227 1.62689 0.20477] covariance = [[0.312123 0.0416256 0.17755][0.0416256 1.04073 -0.0952618][0.17755 -0.0952618 1.32313]]
weight = 0.118782 mean = [-0.355597 2.84848 -2.8472] covariance = [[4.00726 -2.238 0.0855152][-2.238 1.37057 -0.0479131][0.0855152 -0.0479131 0.0995322]]
weight = 0.383149 mean = [1.63836 1.67282 -2.83144] covariance = [[2.78266 -1.49621 -0.0264794][-1.49621 1.01027 0.0172596][-0.0264794 0.0172596 0.150483]]
weight = 0.0144794 mean = [6.44224 1.37632 -0.50724] covariance = [[0.374352 0.0798538 0.113728][0.0798538 1.22998 0.145724][0.113728 0.145724 1.11412]]
weight = 0.130896 mean = [2.78451 0.788824 1.28843] covariance = [[2.92467 0.0193607 0.761151][0.0193607 2.2088 0.270962][0.761151 0.270962 3.53938]]
weight = 0.0737031 mean = [-6.0682 3.84883 0.42584] covariance = [[11.8893 -0.157434 -0.371911][-0.157434 6.72379 -0.296345][-0.371911 -0.296345 6.33804]]
weight = 0.040235 mean = [5.42511 3.13174 5.53309] covariance = [[1.64961 -0.605964 -0.240317][-0.605964 3.95393 -0.594165][-0.240317 -0.594165 1.31582]]
weight = 0.132233 mean = [2.47542 3.91412 -0.870567] covariance = [[3.93022 -0.634043 -1.17004][-0.634043 2.22481 0.183381][-1.17004 0.183381 2.03439]]
weight = 0.0773526 mean = [4.72978 3.92487 1.7351] covariance = [[2.9187 -0.58114 -0.647629][-0.58114 1.80939 -0.573446][-0.647629 -0.573446 1.87175]]
]
2025-05-20 21:22:44 INFO  ren0 [MIFocalGuidingPathTracer] GMM[
weight = 0.0144794 mean = [6.34189 2.21025 -1.66131] covariance = [[0.374352 0.0798538 0.113728][0.0798538 1.22998 0.145724][0.113728 0.145724 1.11412]]
weight = 0.01469 mean = [6.53227 1.62689 0.20477] covariance = [[0.312123 0.0416256 0.17755][0.0416256 1.04073 -0.0952618][0.17755 -0.0952618 1.32313]]
weight = 0.501931 mean = [1.16649 1.95104 -2.83517] covariance = [[3.7907 -2.09523 0.00570067][-2.09523 1.34523 -0.00151046][0.00570067 -0.00151046 0.13848]]
weight = 0.0144794 mean = [6.44224 1.37632 -0.50724] covariance = [[0.374352 0.0798538 0.113728][0.0798538 1.22998 0.145724][0.113728 0.145724 1.11412]]
weight = 0.130896 mean = [2.78451 0.788824 1.28843] covariance = [[2.92467 0.0193607 0.761151][0.0193607 2.2088 0.270962][0.761151 0.270962 3.53938]]
weight = 0.0737031 mean = [-6.0682 3.84883 0.42584] covariance = [[11.8893 -0.157434 -0.371911][-0.157434 6.72379 -0.296345][-0.371911 -0.296345 6.33804]]
weight = 0.040235 mean = [5.42511 3.13174 5.53309] covariance = [[1.64961 -0.605964 -0.240317][-0.605964 3.95393 -0.594165][-0.240317 -0.594165 1.31582]]
weight = 0.132233 mean = [2.47542 3.91412 -0.870567] covariance = [[3.93022 -0.634043 -1.17004][-0.634043 2.22481 0.183381][-1.17004 0.183381 2.03439]]
weight = 0.0773526 mean = [4.72978 3.92487 1.7351] covariance = [[2.9187 -0.58114 -0.647629][-0.58114 1.80939 -0.573446][-0.647629 -0.573446 1.87175]]
]
2025-05-20 21:22:44 INFO  ren0 [octree.h:534] root weight: 2.394e+06 (2393955.000000)
2025-05-20 21:22:44 INFO  ren0 [octree.h:535] splitting threshold: 2.394e+03 (2393.955078)
2025-05-20 21:22:44 INFO  ren0 [octree.h:534] root weight: 2.312e+05 (231210.968750)
2025-05-20 21:22:44 INFO  ren0 [octree.h:535] splitting threshold: 2.312e+02 (231.210983)
2025-05-20 21:22:44 INFO  ren0 [octree.h:550] node count: 750 -> 831 -> 803

2025-05-20 21:22:44 INFO  ren0 [octree.h:550] node count: 434 -> 445 -> 433

2025-05-20 21:22:44 INFO  ren0 [MIFocalGuidingPathTracer] ITERATION 2, until 30.0 seconds
2025-05-20 21:23:05 INFO  ren0 [MIFocalGuidingPathTracer]   52.39 seconds elapsed, passes this iteration: 1, total passes: 9
2025-05-20 21:23:05 INFO  ren0 [MIFocalGuidingPathTracer] Got 136834 non-zero samples
2025-05-20 21:23:05 INFO  ren0 [gaussian_mixture_model.h:815] Processing mega batch of size 136834
2025-05-20 21:23:05 INFO  ren0 [gaussian_mixture_model.h:215] Before splitting
2025-05-20 21:23:05 INFO  ren0 [gaussian_mixture_model.h:216] GMM[
weight = 0.021459 mean = [6.46119 2.758 -1.51733] covariance = [[0.316874 0.266341 0.0500574][0.266341 3.01697 -0.59542][0.0500574 -0.59542 1.27877]]
weight = 0.0101689 mean = [6.49362 1.73386 0.0742142] covariance = [[0.279985 0.0290423 0.12437][0.0290423 1.2097 -0.137359][0.12437 -0.137359 1.35571]]
weight = 0.42614 mean = [1.19325 1.91378 -2.87327] covariance = [[3.52436 -2.01523 -0.0321314][-2.01523 1.26734 0.022031][-0.0321314 0.022031 0.087914]]
weight = 0.00598047 mean = [6.45175 1.33247 -0.716425] covariance = [[0.31952 -0.0454128 0.0229409][-0.0454128 1.9093 0.163887][0.0229409 0.163887 1.03632]]
weight = 0.100616 mean = [2.58612 1.13505 1.20667] covariance = [[2.81798 0.00722017 0.736771][0.00722017 2.68125 0.624409][0.736771 0.624409 3.78935]]
weight = 0.136203 mean = [-5.90539 5.38426 -0.537802] covariance = [[9.96146 0.339012 1.38688][0.339012 8.73418 -1.72617][1.38688 -1.72617 5.73066]]
weight = 0.031561 mean = [5.4761 4.01077 5.60221] covariance = [[2.13837 -1.10891 0.102619][-1.10891 6.52226 -0.550202][0.102619 -0.550202 1.17131]]
weight = 0.16944 mean = [2.45788 4.11103 -0.852615] covariance = [[6.69746 -0.0828165 -1.97556][-0.0828165 1.72689 0.266936][-1.97556 0.266936 2.39228]]
weight = 0.098432 mean = [4.13756 4.39184 1.426] covariance = [[3.28443 -0.167333 -1.6911][-0.167333 1.37098 -0.701458][-1.6911 -0.701458 2.44527]]
]
2025-05-20 21:23:05 INFO  ren0 [gaussian_mixture_model.h:218] Before merging
2025-05-20 21:23:05 INFO  ren0 [gaussian_mixture_model.h:219] GMM[
weight = 0.0107295 mean = [6.53517 3.61359 -1.77769] covariance = [[0.30594 0.139757 0.0885779][0.139757 1.55291 -0.149893][0.0885779 -0.149893 1.1432]]
weight = 0.0101689 mean = [6.49362 1.73386 0.0742142] covariance = [[0.279985 0.0290423 0.12437][0.0290423 1.2097 -0.137359][0.12437 -0.137359 1.35571]]
weight = 0.0107295 mean = [6.38722 1.90241 -1.25697] covariance = [[0.30594 0.139757 0.0885779][0.139757 1.55291 -0.149893][0.0885779 -0.149893 1.1432]]
weight = 0.42614 mean = [1.19325 1.91378 -2.87327] covariance = [[3.52436 -2.01523 -0.0321314][-2.01523 1.26734 0.022031][-0.0321314 0.022031 0.087914]]
weight = 0.00598047 mean = [6.45175 1.33247 -0.716425] covariance = [[0.31952 -0.0454128 0.0229409][-0.0454128 1.9093 0.163887][0.0229409 0.163887 1.03632]]
weight = 0.100616 mean = [2.58612 1.13505 1.20667] covariance = [[2.81798 0.00722017 0.736771][0.00722017 2.68125 0.624409][0.736771 0.624409 3.78935]]
weight = 0.136203 mean = [-5.90539 5.38426 -0.537802] covariance = [[9.96146 0.339012 1.38688][0.339012 8.73418 -1.72617][1.38688 -1.72617 5.73066]]
weight = 0.031561 mean = [5.4761 4.01077 5.60221] covariance = [[2.13837 -1.10891 0.102619][-1.10891 6.52226 -0.550202][0.102619 -0.550202 1.17131]]
weight = 0.16944 mean = [2.45788 4.11103 -0.852615] covariance = [[6.69746 -0.0828165 -1.97556][-0.0828165 1.72689 0.266936][-1.97556 0.266936 2.39228]]
weight = 0.098432 mean = [4.13756 4.39184 1.426] covariance = [[3.28443 -0.167333 -1.6911][-0.167333 1.37098 -0.701458][-1.6911 -0.701458 2.44527]]
]
2025-05-20 21:23:05 INFO  ren0 [gaussian_mixture_model.h:215] Before splitting
2025-05-20 21:23:05 INFO  ren0 [gaussian_mixture_model.h:216] GMM[
weight = 0.402417 mean = [1.05419 1.98234 -2.88595] covariance = [[3.64031 -2.04618 -0.024433][-2.04618 1.23896 0.0146729][-0.024433 0.0146729 0.0640805]]
weight = 0.0193923 mean = [6.38477 1.96836 -0.912994] covariance = [[0.345094 0.233846 0.0717006][0.233846 2.97716 -0.285913][0.0717006 -0.285913 1.51588]]
weight = 0.11073 mean = [2.54715 1.25067 1.10445] covariance = [[2.72674 0.19264 0.509949][0.19264 3.07596 0.571289][0.509949 0.571289 4.25427]]
weight = 0.118867 mean = [-4.65503 5.2533 -0.166523] covariance = [[11.2012 1.28973 0.24891][1.28973 8.60705 -1.675][0.24891 -1.675 5.38646]]
weight = 0.0337004 mean = [5.66756 4.30841 5.60823] covariance = [[2.09415 -0.137192 0.485702][-0.137192 5.655 -0.565357][0.485702 -0.565357 1.22761]]
weight = 0.203985 mean = [2.15032 4.01498 -0.964972] covariance = [[6.3291 -0.479696 -1.83477][-0.479696 1.68243 0.354385][-1.83477 0.354385 2.50425]]
weight = 0.110908 mean = [3.76142 4.28582 1.5784] covariance = [[2.76315 -0.0864703 -1.42802][-0.0864703 1.07932 -0.495803][-1.42802 -0.495803 1.84846]]
]
2025-05-20 21:23:05 INFO  ren0 [gaussian_mixture_model.h:218] Before merging
2025-05-20 21:23:05 INFO  ren0 [gaussian_mixture_model.h:219] GMM[
weight = 0.201209 mean = [0.102387 2.5274 -2.87937] covariance = [[1.82846 -1.0086 -0.0119032][-1.0086 0.644788 0.00749757][-0.0119032 0.00749757 0.0640038]]
weight = 0.00969613 mean = [6.45467 2.82438 -1.06942] covariance = [[0.335333 0.114179 0.0935676][0.114179 1.51163 -0.0181116][0.0935676 -0.0181116 1.46696]]
weight = 0.0553651 mean = [2.25219 0.863578 0.143516] covariance = [[2.55275 -0.0357093 -0.0569119][-0.0357093 2.77629 -0.172655][-0.0569119 -0.172655 2.40749]]
weight = 0.201209 mean = [2.00599 1.43728 -2.89254] covariance = [[1.82846 -1.0086 -0.0119032][-1.0086 0.644788 0.00749757][-0.0119032 0.00749757 0.0640038]]
weight = 0.00969613 mean = [6.31488 1.11234 -0.756572] covariance = [[0.335333 0.114179 0.0935676][0.114179 1.51163 -0.0181116][0.0935676 -0.0181116 1.46696]]
weight = 0.0553651 mean = [2.8421 1.63777 2.06538] covariance = [[2.55275 -0.0357093 -0.0569119][-0.0357093 2.77629 -0.172655][-0.0569119 -0.172655 2.40749]]
weight = 0.118867 mean = [-4.65503 5.2533 -0.166523] covariance = [[11.2012 1.28973 0.24891][1.28973 8.60705 -1.675][0.24891 -1.675 5.38646]]
weight = 0.0337004 mean = [5.66756 4.30841 5.60823] covariance = [[2.09415 -0.137192 0.485702][-0.137192 5.655 -0.565357][0.485702 -0.565357 1.22761]]
weight = 0.203985 mean = [2.15032 4.01498 -0.964972] covariance = [[6.3291 -0.479696 -1.83477][-0.479696 1.68243 0.354385][-1.83477 0.354385 2.50425]]
weight = 0.110908 mean = [3.76142 4.28582 1.5784] covariance = [[2.76315 -0.0864703 -1.42802][-0.0864703 1.07932 -0.495803][-1.42802 -0.495803 1.84846]]
]
2025-05-20 21:23:05 INFO  ren0 [MIFocalGuidingPathTracer] GMM[
weight = 0.201209 mean = [0.102387 2.5274 -2.87937] covariance = [[1.82846 -1.0086 -0.0119032][-1.0086 0.644788 0.00749757][-0.0119032 0.00749757 0.0640038]]
weight = 0.00969613 mean = [6.45467 2.82438 -1.06942] covariance = [[0.335333 0.114179 0.0935676][0.114179 1.51163 -0.0181116][0.0935676 -0.0181116 1.46696]]
weight = 0.0553651 mean = [2.25219 0.863578 0.143516] covariance = [[2.55275 -0.0357093 -0.0569119][-0.0357093 2.77629 -0.172655][-0.0569119 -0.172655 2.40749]]
weight = 0.201209 mean = [2.00599 1.43728 -2.89254] covariance = [[1.82846 -1.0086 -0.0119032][-1.0086 0.644788 0.00749757][-0.0119032 0.00749757 0.0640038]]
weight = 0.00969613 mean = [6.31488 1.11234 -0.756572] covariance = [[0.335333 0.114179 0.0935676][0.114179 1.51163 -0.0181116][0.0935676 -0.0181116 1.46696]]
weight = 0.0553651 mean = [2.8421 1.63777 2.06538] covariance = [[2.55275 -0.0357093 -0.0569119][-0.0357093 2.77629 -0.172655][-0.0569119 -0.172655 2.40749]]
weight = 0.0337004 mean = [5.66756 4.30841 5.60823] covariance = [[2.09415 -0.137192 0.485702][-0.137192 5.655 -0.565357][0.485702 -0.565357 1.22761]]
weight = 0.322852 mean = [-0.355265 4.4709 -0.671] covariance = [[18.8963 -1.78859 -2.33161][-1.78859 4.58865 -0.162788][-2.33161 -0.162788 3.71373]]
weight = 0.110908 mean = [3.76142 4.28582 1.5784] covariance = [[2.76315 -0.0864703 -1.42802][-0.0864703 1.07932 -0.495803][-1.42802 -0.495803 1.84846]]
]
2025-05-20 21:23:05 INFO  ren0 [octree.h:534] root weight: 1.920e+06 (1920323.375000)
2025-05-20 21:23:05 INFO  ren0 [octree.h:535] splitting threshold: 1.920e+03 (1920.323486)
2025-05-20 21:23:05 INFO  ren0 [octree.h:534] root weight: 1.692e+05 (169232.328125)
2025-05-20 21:23:05 INFO  ren0 [octree.h:535] splitting threshold: 1.692e+02 (169.232330)
2025-05-20 21:23:05 INFO  ren0 [octree.h:550] node count: 803 -> 912 -> 801

2025-05-20 21:23:05 INFO  ren0 [octree.h:550] node count: 433 -> 441 -> 431

2025-05-20 21:23:05 INFO  ren0 [MIFocalGuidingPathTracer] ITERATION 3, until 40.0 seconds
2025-05-20 21:23:26 INFO  ren0 [MIFocalGuidingPathTracer]   72.52 seconds elapsed, passes this iteration: 1, total passes: 10
2025-05-20 21:23:26 INFO  ren0 [MIFocalGuidingPathTracer] Got 162190 non-zero samples
2025-05-20 21:23:26 INFO  ren0 [gaussian_mixture_model.h:815] Processing mega batch of size 162190
2025-05-20 21:23:26 INFO  ren0 [gaussian_mixture_model.h:215] Before splitting
2025-05-20 21:23:26 INFO  ren0 [gaussian_mixture_model.h:216] GMM[
weight = 0.300727 mean = [0.176233 2.50187 -2.96325] covariance = [[0.948237 -0.556324 -0.0185126][-0.556324 0.340736 0.0104133][-0.0185126 0.0104133 0.0129512]]
weight = 0.00535379 mean = [6.47037 2.74144 -1.00108] covariance = [[0.331182 0.210141 0.106377][0.210141 1.67765 -0.097341][0.106377 -0.097341 1.28332]]
weight = 0.0364063 mean = [2.1484 1.20139 -0.503138] covariance = [[2.46736 -0.175504 0.32399][-0.175504 1.78565 -0.0984009][0.32399 -0.0984009 2.14143]]
weight = 0.298758 mean = [1.47013 1.72994 -2.93177] covariance = [[2.11402 -1.22187 0.0198631][-1.22187 0.752229 -0.0131493][0.0198631 -0.0131493 0.0291636]]
weight = 0.00872792 mean = [6.36604 1.52706 -0.700162] covariance = [[0.348771 0.137541 0.13827][0.137541 1.94527 -0.274895][0.13827 -0.274895 1.77417]]
weight = 0.0456884 mean = [2.90294 1.51449 1.59198] covariance = [[2.88711 -0.115313 0.663592][-0.115313 2.56792 0.274071][0.663592 0.274071 3.53618]]
weight = 0.0305481 mean = [4.97065 4.31865 5.50223] covariance = [[1.74352 -0.657684 0.0277177][-0.657684 3.45004 -0.181781][0.0277177 -0.181781 0.880742]]
weight = 0.228335 mean = [-0.786822 4.01844 0.000667511] covariance = [[14.3457 -2.16228 -4.29634][-2.16228 2.67822 1.43384][-4.29634 1.43384 3.84944]]
weight = 0.0454552 mean = [3.80604 4.188 1.594] covariance = [[3.29061 -0.0107884 -1.53941][-0.0107884 1.13817 -0.527385][-1.53941 -0.527385 2.11732]]
]
2025-05-20 21:23:26 INFO  ren0 [gaussian_mixture_model.h:218] Before merging
2025-05-20 21:23:26 INFO  ren0 [gaussian_mixture_model.h:219] GMM[
weight = 0.150363 mean = [0.66241 2.2134 -2.97273] covariance = [[0.475511 -0.27583 -0.00929075][-0.27583 0.174317 0.00494161][-0.00929075 0.00494161 0.0127813]]
weight = 0.00535379 mean = [6.47037 2.74144 -1.00108] covariance = [[0.331182 0.210141 0.106377][0.210141 1.67765 -0.097341][0.106377 -0.097341 1.28332]]
weight = 0.0364063 mean = [2.1484 1.20139 -0.503138] covariance = [[2.46736 -0.175504 0.32399][-0.175504 1.78565 -0.0984009][0.32399 -0.0984009 2.14143]]
weight = 0.298758 mean = [1.47013 1.72994 -2.93177] covariance = [[2.11402 -1.22187 0.0198631][-1.22187 0.752229 -0.0131493][0.0198631 -0.0131493 0.0291636]]
weight = 0.00872792 mean = [6.36604 1.52706 -0.700162] covariance = [[0.348771 0.137541 0.13827][0.137541 1.94527 -0.274895][0.13827 -0.274895 1.77417]]
weight = 0.0456884 mean = [2.90294 1.51449 1.59198] covariance = [[2.88711 -0.115313 0.663592][-0.115313 2.56792 0.274071][0.663592 0.274071 3.53618]]
weight = 0.150363 mean = [-0.309943 2.79034 -2.95376] covariance = [[0.475511 -0.27583 -0.00929075][-0.27583 0.174317 0.00494161][-0.00929075 0.00494161 0.0127813]]
weight = 0.0305481 mean = [4.97065 4.31865 5.50223] covariance = [[1.74352 -0.657684 0.0277177][-0.657684 3.45004 -0.181781][0.0277177 -0.181781 0.880742]]
weight = 0.228335 mean = [-0.786822 4.01844 0.000667511] covariance = [[14.3457 -2.16228 -4.29634][-2.16228 2.67822 1.43384][-4.29634 1.43384 3.84944]]
weight = 0.0454552 mean = [3.80604 4.188 1.594] covariance = [[3.29061 -0.0107884 -1.53941][-0.0107884 1.13817 -0.527385][-1.53941 -0.527385 2.11732]]
]
2025-05-20 21:23:26 INFO  ren0 [gaussian_mixture_model.h:215] Before splitting
2025-05-20 21:23:26 INFO  ren0 [gaussian_mixture_model.h:216] GMM[
weight = 0.137336 mean = [0.229711 2.47551 -2.96993] covariance = [[0.807005 -0.475721 -0.013156][-0.475721 0.291843 0.00717257][-0.013156 0.00717257 0.00928642]]
weight = 0.212205 mean = [1.55099 1.67891 -2.92061] covariance = [[2.71084 -1.57556 0.0025883][-1.57556 0.965965 -0.00709506][0.0025883 -0.00709506 0.0262367]]
weight = 0.0218155 mean = [6.46423 1.43709 -0.363409] covariance = [[0.311823 0.321918 0.13186][0.321918 4.66214 -0.948959][0.13186 -0.948959 1.89789]]
weight = 0.113568 mean = [2.76077 1.06921 0.789532] covariance = [[3.97867 -0.203551 1.18962][-0.203551 2.74012 0.0913097][1.18962 0.0913097 4.93211]]
weight = 0.0555368 mean = [-0.25064 2.77733 -2.97785] covariance = [[0.724909 -0.428551 -0.0136502][-0.428551 0.25803 0.00726636][-0.0136502 0.00726636 0.00240883]]
