2025-04-04 12:28:30 INFO  main [mitsuba.cpp:274] Mitsuba version 0.6.0 (Linux, 64 bit), Copyright (c) 2017 Wenzel Jakob
2025-04-04 12:28:30 INFO  main [mitsuba.cpp:377] Parsing scene description from "../../scenes/dining-room/dining-room.xml" ..
2025-04-04 12:28:30 INFO  main [scenehandler.cpp:675] In file "/home/julia/PBRT/PMM_focal_guiding/mitsuba/dist/../../scenes/dining-room/dining-room.xml" (near line 18): Parsing included file "pmm_focal_guiding.xml" ..
2025-04-04 12:28:30 INFO  main [PluginManager] Loading plugin "plugins/pmm_focal_guiding.so" ..
2025-04-04 12:28:30 INFO  main [octree.h:482] root weight: 8.000e-20 (0.000000)
2025-04-04 12:28:30 INFO  main [octree.h:483] splitting threshold: 8.000e-23 (0.000000)
2025-04-04 12:28:30 INFO  main [octree.h:498] node count: 1 -> 585 -> 585

2025-04-04 12:28:30 INFO  main [octree.h:482] root weight: 8.000e-20 (0.000000)
2025-04-04 12:28:30 INFO  main [octree.h:483] splitting threshold: 8.000e-23 (0.000000)
2025-04-04 12:28:30 INFO  main [octree.h:498] node count: 1 -> 585 -> 585

2025-04-04 12:28:30 INFO  main [PMMFocalGuidingIntegrator] Saving to: 
2025-04-04 12:28:30 INFO  main [PMMFocalGuidingIntegrator] GMM params: alpha = 0.250000, split_th = 4.000000, merge_th = 0.500000, min_num_comp = 3, max_num_comp = 20, init = KMeans
2025-04-04 12:28:30 INFO  main [PMMFocalGuidingIntegrator] iterationCount: 8
2025-04-04 12:28:30 INFO  main [PMMFocalGuidingIntegrator] PMMFocalGuidingIntegrator
  maxDepth = 40,
  rrDepth = 14,
  strictNormals = 1
  gmm = GMM[
]
]
2025-04-04 12:28:30 WARN  main [scenehandler.cpp:795] In file "/home/julia/PBRT/PMM_focal_guiding/mitsuba/dist/../../scenes/dining-room/../_integrators/pmm_focal_guiding.xml" (near line 49): Unqueried attribute "budget" in element "integrator"
2025-04-04 12:28:30 WARN  main [scenehandler.cpp:795] In file "/home/julia/PBRT/PMM_focal_guiding/mitsuba/dist/../../scenes/dining-room/../_integrators/pmm_focal_guiding.xml" (near line 49): Unqueried attribute "dumpPrimaryRays" in element "integrator"
2025-04-04 12:28:30 WARN  main [scenehandler.cpp:795] In file "/home/julia/PBRT/PMM_focal_guiding/mitsuba/dist/../../scenes/dining-room/../_integrators/pmm_focal_guiding.xml" (near line 49): Unqueried attribute "dumpScene" in element "integrator"
2025-04-04 12:28:30 WARN  main [scenehandler.cpp:795] In file "/home/julia/PBRT/PMM_focal_guiding/mitsuba/dist/../../scenes/dining-room/../_integrators/pmm_focal_guiding.xml" (near line 49): Unqueried attribute "normalBinning" in element "integrator"
2025-04-04 12:28:30 WARN  main [scenehandler.cpp:795] In file "/home/julia/PBRT/PMM_focal_guiding/mitsuba/dist/../../scenes/dining-room/../_integrators/pmm_focal_guiding.xml" (near line 49): Unqueried attribute "samplingMode" in element "integrator"
2025-04-04 12:28:30 WARN  main [scenehandler.cpp:795] In file "/home/julia/PBRT/PMM_focal_guiding/mitsuba/dist/../../scenes/dining-room/../_integrators/pmm_focal_guiding.xml" (near line 49): Unqueried attribute "unboundedSplatting" in element "integrator"
2025-04-04 12:28:30 INFO  main [PluginManager] Loading plugin "plugins/independent.so" ..
2025-04-04 12:28:30 INFO  main [PluginManager] Loading plugin "plugins/box.so" ..
2025-04-04 12:28:30 INFO  main [PluginManager] Loading plugin "plugins/hdrfilm.so" ..
2025-04-04 12:28:30 INFO  main [PluginManager] Loading plugin "plugins/perspective.so" ..
2025-04-04 12:28:30 INFO  main [PluginManager] Loading plugin "plugins/roughplastic.so" ..
2025-04-04 12:28:30 INFO  main [PluginManager] Loading plugin "plugins/twosided.so" ..
2025-04-04 12:28:30 INFO  main [PluginManager] Loading plugin "plugins/roughconductor.so" ..
2025-04-04 12:28:30 INFO  main [spectrum.cpp:599] "Cu.eta.spd": loaded a spectral power distribution with 55 entries (between 302.400421 and 885.601257 nm)
2025-04-04 12:28:30 INFO  main [spectrum.cpp:599] "Cu.k.spd": loaded a spectral power distribution with 55 entries (between 302.400421 and 885.601257 nm)
2025-04-04 12:28:30 INFO  main [PluginManager] Loading plugin "plugins/diffuse.so" ..
2025-04-04 12:28:30 INFO  main [PluginManager] Loading plugin "plugins/bitmap.so" ..
2025-04-04 12:28:30 INFO  main [BitmapTexture] Loading texture "picture3.jpg"
2025-04-04 12:28:30 INFO  main [MIPMap] Mapped MIP map cache file "/home/julia/PBRT/PMM_focal_guiding/mitsuba/dist/../../scenes/dining-room/textures/picture3.mip" into memory (18.8 MiB).
2025-04-04 12:28:30 INFO  main [BitmapTexture] Loading texture "Tiles.jpg"
2025-04-04 12:28:30 INFO  main [PluginManager] Loading plugin "plugins/lanczos.so" ..
2025-04-04 12:28:30 INFO  main [spectrum.cpp:599] "Cu.eta.spd": loaded a spectral power distribution with 55 entries (between 302.400421 and 885.601257 nm)
2025-04-04 12:28:30 INFO  main [spectrum.cpp:599] "Cu.k.spd": loaded a spectral power distribution with 55 entries (between 302.400421 and 885.601257 nm)
2025-04-04 12:28:30 INFO  main [PluginManager] Loading plugin "plugins/conductor.so" ..
2025-04-04 12:28:30 INFO  main [spectrum.cpp:599] "Ir.eta.spd": loaded a spectral power distribution with 28 entries (between 302.389984 and 885.570984 nm)
2025-04-04 12:28:30 INFO  main [spectrum.cpp:599] "Ir.k.spd": loaded a spectral power distribution with 28 entries (between 302.389984 and 885.570984 nm)
2025-04-04 12:28:30 INFO  main [spectrum.cpp:599] "Cu.eta.spd": loaded a spectral power distribution with 55 entries (between 302.400421 and 885.601257 nm)
2025-04-04 12:28:30 INFO  main [spectrum.cpp:599] "Cu.k.spd": loaded a spectral power distribution with 55 entries (between 302.400421 and 885.601257 nm)
2025-04-04 12:28:30 INFO  main [BitmapTexture] Loading texture "Teacup.png"
2025-04-04 12:28:30 INFO  main [spectrum.cpp:599] "Cu.eta.spd": loaded a spectral power distribution with 55 entries (between 302.400421 and 885.601257 nm)
2025-04-04 12:28:30 INFO  main [spectrum.cpp:599] "Cu.k.spd": loaded a spectral power distribution with 55 entries (between 302.400421 and 885.601257 nm)
2025-04-04 12:28:30 INFO  main [PluginManager] Loading plugin "plugins/area.so" ..
2025-04-04 12:28:30 INFO  main [PluginManager] Loading plugin "plugins/disk.so" ..
2025-04-04 12:28:30 INFO  main [PluginManager] Loading plugin "plugins/ply.so" ..
2025-04-04 12:28:30 INFO  main [PLYLoader] Loading geometry from "parabol1.ply" ..
2025-04-04 12:28:30 INFO  main [PLYLoader] "parabol1": Loaded 25856 triangles, 13057 vertices (456.0 KiB in 21 ms).
2025-04-04 12:28:30 INFO  main [PLYLoader] Loading geometry from "parabol2.ply" ..
2025-04-04 12:28:30 INFO  main [PLYLoader] "parabol2": Loaded 25856 triangles, 13057 vertices (456.0 KiB in 24 ms).
2025-04-04 12:28:30 INFO  main [PluginManager] Loading plugin "plugins/obj.so" ..
2025-04-04 12:28:30 INFO  main [WavefrontOBJ] Loading geometry from "Mesh013.obj" ..
2025-04-04 12:28:30 INFO  main [WavefrontOBJ] Mesh013: 1056 triangles, 577 vertices (merged 2591 vertices).
2025-04-04 12:28:30 INFO  main [WavefrontOBJ] Done with "Mesh013.obj" (took 7 ms)
2025-04-04 12:28:30 INFO  main [WavefrontOBJ] Loading geometry from "Mesh016.obj" ..
2025-04-04 12:28:30 INFO  main [WavefrontOBJ] Mesh016: 384 triangles, 768 vertices (merged 384 vertices).
2025-04-04 12:28:30 INFO  main [WavefrontOBJ] Done with "Mesh016.obj" (took 3 ms)
2025-04-04 12:28:30 INFO  main [WavefrontOBJ] Loading geometry from "Mesh015.obj" ..
2025-04-04 12:28:30 INFO  main [WavefrontOBJ] Mesh015: 3136 triangles, 1680 vertices (merged 7728 vertices).
2025-04-04 12:28:30 INFO  main [WavefrontOBJ] Done with "Mesh015.obj" (took 23 ms)
2025-04-04 12:28:30 INFO  main [WavefrontOBJ] Loading geometry from "Mesh023.obj" ..
2025-04-04 12:28:30 INFO  main [WavefrontOBJ] Mesh023: 1056 triangles, 577 vertices (merged 2591 vertices).
2025-04-04 12:28:30 INFO  main [WavefrontOBJ] Done with "Mesh023.obj" (took 5 ms)
2025-04-04 12:28:30 INFO  main [WavefrontOBJ] Loading geometry from "Mesh020.obj" ..
2025-04-04 12:28:30 INFO  main [WavefrontOBJ] Mesh020: 384 triangles, 768 vertices (merged 384 vertices).
2025-04-04 12:28:30 INFO  main [WavefrontOBJ] Done with "Mesh020.obj" (took 5 ms)
2025-04-04 12:28:30 INFO  main [WavefrontOBJ] Loading geometry from "Mesh017.obj" ..
2025-04-04 12:28:30 INFO  main [WavefrontOBJ] Mesh017: 3136 triangles, 1680 vertices (merged 7728 vertices).
2025-04-04 12:28:30 INFO  main [WavefrontOBJ] Done with "Mesh017.obj" (took 21 ms)
2025-04-04 12:28:30 INFO  main [WavefrontOBJ] Loading geometry from "Mesh024.obj" ..
2025-04-04 12:28:30 INFO  main [WavefrontOBJ] Mesh024: 34 triangles, 68 vertices (merged 34 vertices).
2025-04-04 12:28:30 INFO  main [WavefrontOBJ] Done with "Mesh024.obj" (took 0 ms)
2025-04-04 12:28:30 INFO  main [WavefrontOBJ] Loading geometry from "Mesh041.obj" ..
2025-04-04 12:28:30 INFO  main [WavefrontOBJ] Mesh041: 8 triangles, 16 vertices (merged 8 vertices).
2025-04-04 12:28:30 INFO  main [WavefrontOBJ] Done with "Mesh041.obj" (took 0 ms)
2025-04-04 12:28:30 INFO  main [WavefrontOBJ] Loading geometry from "Mesh011.obj" ..
2025-04-04 12:28:30 INFO  main [WavefrontOBJ] Mesh011: 8992 triangles, 4544 vertices (merged 22432 vertices).
2025-04-04 12:28:30 INFO  main [WavefrontOBJ] Done with "Mesh011.obj" (took 49 ms)
2025-04-04 12:28:30 INFO  main [WavefrontOBJ] Loading geometry from "Mesh026.obj" ..
2025-04-04 12:28:31 INFO  main [WavefrontOBJ] Mesh026: 7624 triangles, 4070 vertices (merged 18802 vertices).
2025-04-04 12:28:31 INFO  main [WavefrontOBJ] Done with "Mesh026.obj" (took 46 ms)
2025-04-04 12:28:31 INFO  main [WavefrontOBJ] Loading geometry from "Mesh018.obj" ..
2025-04-04 12:28:31 INFO  main [WavefrontOBJ] Mesh018: 2016 triangles, 1260 vertices (merged 4788 vertices).
2025-04-04 12:28:31 INFO  main [WavefrontOBJ] Done with "Mesh018.obj" (took 14 ms)
2025-04-04 12:28:31 INFO  main [WavefrontOBJ] Loading geometry from "Mesh007.obj" ..
2025-04-04 12:28:31 INFO  main [WavefrontOBJ] Mesh007: 4352 triangles, 2178 vertices (merged 10878 vertices).
2025-04-04 12:28:31 INFO  main [WavefrontOBJ] Done with "Mesh007.obj" (took 26 ms)
2025-04-04 12:28:31 INFO  main [WavefrontOBJ] Loading geometry from "Mesh005.obj" ..
2025-04-04 12:28:31 INFO  main [WavefrontOBJ] Mesh005: 160 triangles, 144 vertices (merged 336 vertices).
2025-04-04 12:28:31 INFO  main [WavefrontOBJ] Done with "Mesh005.obj" (took 1 ms)
2025-04-04 12:28:31 INFO  main [WavefrontOBJ] Loading geometry from "Mesh019.obj" ..
2025-04-04 12:28:31 INFO  main [WavefrontOBJ] Mesh019: 560 triangles, 400 vertices (merged 1280 vertices).
2025-04-04 12:28:31 INFO  main [WavefrontOBJ] Done with "Mesh019.obj" (took 3 ms)
2025-04-04 12:28:31 INFO  main [WavefrontOBJ] Loading geometry from "Mesh021.obj" ..
2025-04-04 12:28:31 INFO  main [WavefrontOBJ] Mesh021: 720 triangles, 482 vertices (merged 1678 vertices).
2025-04-04 12:28:31 INFO  main [WavefrontOBJ] Done with "Mesh021.obj" (took 6 ms)
2025-04-04 12:28:31 INFO  main [WavefrontOBJ] Loading geometry from "Mesh037.obj" ..
2025-04-04 12:28:31 INFO  main [WavefrontOBJ] Mesh037: 7624 triangles, 4070 vertices (merged 18802 vertices).
2025-04-04 12:28:31 INFO  main [WavefrontOBJ] Done with "Mesh037.obj" (took 54 ms)
2025-04-04 12:28:31 INFO  main [WavefrontOBJ] Loading geometry from "Mesh004.obj" ..
2025-04-04 12:28:31 INFO  main [WavefrontOBJ] Mesh004: 2016 triangles, 1260 vertices (merged 4788 vertices).
2025-04-04 12:28:31 INFO  main [WavefrontOBJ] Done with "Mesh004.obj" (took 15 ms)
2025-04-04 12:28:31 INFO  main [WavefrontOBJ] Loading geometry from "Mesh014.obj" ..
2025-04-04 12:28:31 INFO  main [WavefrontOBJ] Mesh014: 160 triangles, 144 vertices (merged 336 vertices).
2025-04-04 12:28:31 INFO  main [WavefrontOBJ] Done with "Mesh014.obj" (took 1 ms)
2025-04-04 12:28:31 INFO  main [WavefrontOBJ] Loading geometry from "Mesh012.obj" ..
2025-04-04 12:28:31 INFO  main [WavefrontOBJ] Mesh012: 560 triangles, 400 vertices (merged 1280 vertices).
2025-04-04 12:28:31 INFO  main [WavefrontOBJ] Done with "Mesh012.obj" (took 4 ms)
2025-04-04 12:28:31 INFO  main [WavefrontOBJ] Loading geometry from "Mesh028.obj" ..
2025-04-04 12:28:31 INFO  main [WavefrontOBJ] Mesh028: 720 triangles, 482 vertices (merged 1678 vertices).
2025-04-04 12:28:31 INFO  main [WavefrontOBJ] Done with "Mesh028.obj" (took 4 ms)
2025-04-04 12:28:31 INFO  main [WavefrontOBJ] Loading geometry from "Mesh025.obj" ..
2025-04-04 12:28:31 INFO  main [WavefrontOBJ] Mesh025: 4352 triangles, 2178 vertices (merged 10878 vertices).
2025-04-04 12:28:31 INFO  main [WavefrontOBJ] Done with "Mesh025.obj" (took 27 ms)
2025-04-04 12:28:31 INFO  main [WavefrontOBJ] Loading geometry from "Mesh008.obj" ..
2025-04-04 12:28:31 INFO  main [WavefrontOBJ] Mesh008: 6320 triangles, 3270 vertices (merged 15690 vertices).
2025-04-04 12:28:31 INFO  main [WavefrontOBJ] Done with "Mesh008.obj" (took 38 ms)
2025-04-04 12:28:31 INFO  main [WavefrontOBJ] Loading geometry from "Mesh032.obj" ..
2025-04-04 12:28:31 INFO  main [WavefrontOBJ] Mesh032: 13248 triangles, 6686 vertices (merged 33058 vertices).
2025-04-04 12:28:31 INFO  main [WavefrontOBJ] Done with "Mesh032.obj" (took 73 ms)
2025-04-04 12:28:31 INFO  main [WavefrontOBJ] Loading geometry from "Mesh035.obj" ..
2025-04-04 12:28:31 INFO  main [WavefrontOBJ] Mesh035: 14480 triangles, 7404 vertices (merged 36036 vertices).
2025-04-04 12:28:31 INFO  main [WavefrontOBJ] Done with "Mesh035.obj" (took 86 ms)
2025-04-04 12:28:31 INFO  main [WavefrontOBJ] Loading geometry from "Mesh042.obj" ..
2025-04-04 12:28:31 INFO  main [WavefrontOBJ] Mesh042: 2320 triangles, 1492 vertices (merged 5468 vertices).
2025-04-04 12:28:31 INFO  main [WavefrontOBJ] Done with "Mesh042.obj" (took 17 ms)
2025-04-04 12:28:31 INFO  main [WavefrontOBJ] Loading geometry from "Mesh010.obj" ..
2025-04-04 12:28:31 INFO  main [WavefrontOBJ] Mesh010: 13248 triangles, 6686 vertices (merged 33058 vertices).
2025-04-04 12:28:31 INFO  main [WavefrontOBJ] Done with "Mesh010.obj" (took 78 ms)
2025-04-04 12:28:31 INFO  main [WavefrontOBJ] Loading geometry from "Mesh036.obj" ..
2025-04-04 12:28:31 INFO  main [WavefrontOBJ] Mesh036: 14480 triangles, 7404 vertices (merged 36036 vertices).
2025-04-04 12:28:31 INFO  main [WavefrontOBJ] Done with "Mesh036.obj" (took 85 ms)
2025-04-04 12:28:31 INFO  main [WavefrontOBJ] Loading geometry from "Mesh027.obj" ..
2025-04-04 12:28:31 INFO  main [WavefrontOBJ] Mesh027: 2320 triangles, 1492 vertices (merged 5468 vertices).
2025-04-04 12:28:31 INFO  main [WavefrontOBJ] Done with "Mesh027.obj" (took 17 ms)
2025-04-04 12:28:31 INFO  main [WavefrontOBJ] Loading geometry from "Mesh043.obj" ..
2025-04-04 12:28:31 INFO  main [WavefrontOBJ] Mesh043: 13248 triangles, 6686 vertices (merged 33058 vertices).
2025-04-04 12:28:31 INFO  main [WavefrontOBJ] Done with "Mesh043.obj" (took 89 ms)
2025-04-04 12:28:31 INFO  main [WavefrontOBJ] Loading geometry from "Mesh044.obj" ..
2025-04-04 12:28:31 INFO  main [WavefrontOBJ] Mesh044: 14480 triangles, 7404 vertices (merged 36036 vertices).
2025-04-04 12:28:31 INFO  main [WavefrontOBJ] Done with "Mesh044.obj" (took 96 ms)
2025-04-04 12:28:31 INFO  main [WavefrontOBJ] Loading geometry from "Mesh031.obj" ..
2025-04-04 12:28:31 INFO  main [WavefrontOBJ] Mesh031: 2320 triangles, 1492 vertices (merged 5468 vertices).
2025-04-04 12:28:31 INFO  main [WavefrontOBJ] Done with "Mesh031.obj" (took 15 ms)
2025-04-04 12:28:31 INFO  main [WavefrontOBJ] Loading geometry from "Mesh022.obj" ..
2025-04-04 12:28:31 INFO  main [WavefrontOBJ] Mesh022: 13248 triangles, 6686 vertices (merged 33058 vertices).
2025-04-04 12:28:31 INFO  main [WavefrontOBJ] Done with "Mesh022.obj" (took 80 ms)
2025-04-04 12:28:31 INFO  main [WavefrontOBJ] Loading geometry from "Mesh038.obj" ..
2025-04-04 12:28:31 INFO  main [WavefrontOBJ] Mesh038: 14480 triangles, 7404 vertices (merged 36036 vertices).
2025-04-04 12:28:31 INFO  main [WavefrontOBJ] Done with "Mesh038.obj" (took 86 ms)
2025-04-04 12:28:31 INFO  main [WavefrontOBJ] Loading geometry from "Mesh030.obj" ..
2025-04-04 12:28:32 INFO  main [WavefrontOBJ] Mesh030: 2320 triangles, 1492 vertices (merged 5468 vertices).
2025-04-04 12:28:32 INFO  main [WavefrontOBJ] Done with "Mesh030.obj" (took 15 ms)
2025-04-04 12:28:32 INFO  main [WavefrontOBJ] Loading geometry from "Mesh046.obj" ..
2025-04-04 12:28:32 INFO  main [WavefrontOBJ] Mesh046: 13248 triangles, 6686 vertices (merged 33058 vertices).
2025-04-04 12:28:32 INFO  main [WavefrontOBJ] Done with "Mesh046.obj" (took 74 ms)
2025-04-04 12:28:32 INFO  main [WavefrontOBJ] Loading geometry from "Mesh047.obj" ..
2025-04-04 12:28:32 INFO  main [WavefrontOBJ] Mesh047: 14480 triangles, 7404 vertices (merged 36036 vertices).
2025-04-04 12:28:32 INFO  main [WavefrontOBJ] Done with "Mesh047.obj" (took 83 ms)
2025-04-04 12:28:32 INFO  main [WavefrontOBJ] Loading geometry from "Mesh034.obj" ..
2025-04-04 12:28:32 INFO  main [WavefrontOBJ] Mesh034: 2320 triangles, 1492 vertices (merged 5468 vertices).
2025-04-04 12:28:32 INFO  main [WavefrontOBJ] Done with "Mesh034.obj" (took 16 ms)
2025-04-04 12:28:32 INFO  main [WavefrontOBJ] Loading geometry from "Mesh033.obj" ..
2025-04-04 12:28:32 INFO  main [WavefrontOBJ] Mesh033: 44 triangles, 96 vertices (merged 36 vertices).
2025-04-04 12:28:32 INFO  main [WavefrontOBJ] Done with "Mesh033.obj" (took 0 ms)
2025-04-04 12:28:32 INFO  main [WavefrontOBJ] Loading geometry from "Mesh006.obj" ..
2025-04-04 12:28:32 INFO  main [WavefrontOBJ] Mesh006: 4 triangles, 6 vertices (merged 6 vertices).
2025-04-04 12:28:32 INFO  main [WavefrontOBJ] Done with "Mesh006.obj" (took 0 ms)
2025-04-04 12:28:32 INFO  main [WavefrontOBJ] Loading geometry from "Mesh048.obj" ..
2025-04-04 12:28:32 INFO  main [WavefrontOBJ] Mesh048: 30 triangles, 38 vertices (merged 52 vertices).
2025-04-04 12:28:32 INFO  main [WavefrontOBJ] Done with "Mesh048.obj" (took 0 ms)
2025-04-04 12:28:32 INFO  main [WavefrontOBJ] Loading geometry from "Mesh049.obj" ..
2025-04-04 12:28:32 INFO  main [WavefrontOBJ] Mesh049: 13248 triangles, 6686 vertices (merged 33058 vertices).
2025-04-04 12:28:32 INFO  main [WavefrontOBJ] Done with "Mesh049.obj" (took 75 ms)
2025-04-04 12:28:32 INFO  main [WavefrontOBJ] Loading geometry from "Mesh051.obj" ..
2025-04-04 12:28:32 INFO  main [WavefrontOBJ] Mesh051: 14480 triangles, 7404 vertices (merged 36036 vertices).
2025-04-04 12:28:32 INFO  main [WavefrontOBJ] Done with "Mesh051.obj" (took 81 ms)
2025-04-04 12:28:32 INFO  main [WavefrontOBJ] Loading geometry from "Mesh040.obj" ..
2025-04-04 12:28:32 INFO  main [WavefrontOBJ] Mesh040: 2320 triangles, 1492 vertices (merged 5468 vertices).
2025-04-04 12:28:32 INFO  main [WavefrontOBJ] Done with "Mesh040.obj" (took 14 ms)
2025-04-04 12:28:32 INFO  main [WavefrontOBJ] Loading geometry from "Mesh003.obj" ..
2025-04-04 12:28:32 INFO  main [WavefrontOBJ] Mesh003: 18176 triangles, 9150 vertices (merged 45378 vertices).
2025-04-04 12:28:32 INFO  main [WavefrontOBJ] Done with "Mesh003.obj" (took 102 ms)
2025-04-04 12:28:32 INFO  main [WavefrontOBJ] Loading geometry from "Mesh002.obj" ..
2025-04-04 12:28:32 INFO  main [WavefrontOBJ] Mesh002: 7624 triangles, 4070 vertices (merged 18802 vertices).
2025-04-04 12:28:32 INFO  main [WavefrontOBJ] Done with "Mesh002.obj" (took 48 ms)
2025-04-04 12:28:32 INFO  main [WavefrontOBJ] Loading geometry from "Mesh009.obj" ..
2025-04-04 12:28:32 INFO  main [WavefrontOBJ] Mesh009: 2016 triangles, 1260 vertices (merged 4788 vertices).
2025-04-04 12:28:32 INFO  main [WavefrontOBJ] Done with "Mesh009.obj" (took 15 ms)
2025-04-04 12:28:32 INFO  main [WavefrontOBJ] Loading geometry from "Mesh045.obj" ..
2025-04-04 12:28:32 INFO  main [WavefrontOBJ] Mesh045: 4352 triangles, 2178 vertices (merged 10878 vertices).
2025-04-04 12:28:32 INFO  main [WavefrontOBJ] Done with "Mesh045.obj" (took 25 ms)
2025-04-04 12:28:32 INFO  main [WavefrontOBJ] Loading geometry from "Mesh029.obj" ..
2025-04-04 12:28:32 INFO  main [WavefrontOBJ] Mesh029: 160 triangles, 144 vertices (merged 336 vertices).
2025-04-04 12:28:32 INFO  main [WavefrontOBJ] Done with "Mesh029.obj" (took 1 ms)
2025-04-04 12:28:32 INFO  main [WavefrontOBJ] Loading geometry from "Mesh039.obj" ..
2025-04-04 12:28:32 INFO  main [WavefrontOBJ] Mesh039: 560 triangles, 400 vertices (merged 1280 vertices).
2025-04-04 12:28:32 INFO  main [WavefrontOBJ] Done with "Mesh039.obj" (took 4 ms)
2025-04-04 12:28:32 INFO  main [WavefrontOBJ] Loading geometry from "Mesh050.obj" ..
2025-04-04 12:28:32 INFO  main [WavefrontOBJ] Mesh050: 720 triangles, 482 vertices (merged 1678 vertices).
2025-04-04 12:28:32 INFO  main [WavefrontOBJ] Done with "Mesh050.obj" (took 4 ms)
2025-04-04 12:28:32 INFO  main [WavefrontOBJ] Loading geometry from "Mesh001.obj" ..
2025-04-04 12:28:32 INFO  main [WavefrontOBJ] Mesh001: 170 triangles, 340 vertices (merged 170 vertices).
2025-04-04 12:28:32 INFO  main [WavefrontOBJ] Done with "Mesh001.obj" (took 2 ms)
2025-04-04 12:28:32 INFO  main [WavefrontOBJ] Loading geometry from "Mesh000.obj" ..
2025-04-04 12:28:32 INFO  main [WavefrontOBJ] Mesh000: 22 triangles, 44 vertices (merged 22 vertices).
2025-04-04 12:28:32 INFO  main [WavefrontOBJ] Done with "Mesh000.obj" (took 0 ms)
2025-04-04 12:28:32 INFO  main [PluginManager] Loading plugin "plugins/rectangle.so" ..
2025-04-04 12:28:32 INFO  ren0 [KDTreeBase] Constructing a SAH kd-tree (321251 primitives) ..
2025-04-04 12:28:35 INFO  ren0 [KDTreeBase] Finished -- took 3404 ms.
2025-04-04 12:28:36 INFO  ren0 [PMMFocalGuidingIntegrator] Starting preprocess
2025-04-04 12:28:36 INFO  ren0 [octree.h:482] root weight: 8.000e-20 (0.000000)
2025-04-04 12:28:36 INFO  ren0 [octree.h:483] splitting threshold: 8.000e-23 (0.000000)
2025-04-04 12:28:36 INFO  ren0 [octree.h:498] node count: 1 -> 585 -> 585

2025-04-04 12:28:36 INFO  ren0 [octree.h:482] root weight: 4.096e-17 (0.000000)
2025-04-04 12:28:36 INFO  ren0 [octree.h:483] splitting threshold: 4.096e-20 (0.000000)
2025-04-04 12:28:36 INFO  ren0 [octree.h:498] node count: 585 -> 585 -> 585

2025-04-04 12:28:36 INFO  ren0 [octree.h:482] root weight: 8.000e-20 (0.000000)
2025-04-04 12:28:36 INFO  ren0 [octree.h:483] splitting threshold: 8.000e-23 (0.000000)
2025-04-04 12:28:36 INFO  ren0 [octree.h:498] node count: 1 -> 585 -> 585

2025-04-04 12:28:36 INFO  ren0 [octree.h:482] root weight: 4.096e-17 (0.000000)
2025-04-04 12:28:36 INFO  ren0 [octree.h:483] splitting threshold: 4.096e-20 (0.000000)
2025-04-04 12:28:36 INFO  ren0 [octree.h:498] node count: 585 -> 585 -> 585

2025-04-04 12:28:36 INFO  ren0 [PMMFocalGuidingIntegrator] Octree[
AABB: AABB3[min=[-6.3658, -1.5274, -4.73046], max=[5.27597, 8.04131, 10.0598]]
Nodes count: 585
]
2025-04-04 12:28:36 INFO  ren0 [PMMFocalGuidingIntegrator] Octree[
AABB: AABB3[min=[-6.3658, -1.5274, -4.73046], max=[5.27597, 8.04131, 10.0598]]
Nodes count: 585
]
2025-04-04 12:28:36 INFO  ren0 [PMMFocalGuidingIntegrator] GMM[
]
2025-04-04 12:28:36 INFO  ren0 [PMMFocalGuidingIntegrator] Starting training... (8) iterations
2025-04-04 12:28:36 INFO  ren0 [PMMFocalGuidingIntegrator] Rendering 0 iteration
2025-04-04 12:28:36 INFO  ren0 [SamplingIntegrator] Starting render job (1280x720, 4 samples, 8 cores, SSE2 enabled) ..
2025-04-04 12:29:29 INFO  ren0 [PMMFocalGuidingIntegrator] iteration render time: 53.0248s
2025-04-04 12:29:29 INFO  ren0 [PMMFocalGuidingIntegrator] Got 403484 non-zero samples and 0 zero samples
2025-04-04 12:29:29 INFO  ren0 [gaussian_mixture_model.h:576] Start processing batch
2025-04-04 12:29:29 INFO  ren0 [gaussian_mixture_model.h:380] KMeans
2025-04-04 12:29:29 INFO  ren0 [gaussian_mixture_model.h:463] Starting initialization using KMeans++
2025-04-04 12:32:58 INFO  ren0 [gaussian_mixture_model.h:554] Initialized using KMeans++
2025-04-04 12:33:15 INFO  ren0 [gaussian_mixture_model.h:603] Finish E step
2025-04-04 12:33:39 INFO  ren0 [gaussian_mixture_model.h:194] components before the merge: 20
2025-04-04 12:33:39 INFO  ren0 [gaussian_mixture_model.h:213] components after the merge: 19, merged 1 component
2025-04-04 12:33:39 INFO  ren0 [gaussian_mixture_model.h:231] components after the split: 20, split 1 components
2025-04-04 12:33:39 INFO  ren0 [gaussian_mixture_model.h:615] Finish M step
2025-04-04 12:33:39 INFO  ren0 [octree.h:482] root weight: 3.590e+05 (358973.250000)
2025-04-04 12:33:39 INFO  ren0 [octree.h:483] splitting threshold: 3.590e+02 (358.973267)
2025-04-04 12:33:39 INFO  ren0 [octree.h:482] root weight: 7.974e+04 (79739.039062)
2025-04-04 12:33:39 INFO  ren0 [octree.h:483] splitting threshold: 7.974e+01 (79.739044)
2025-04-04 12:33:39 INFO  ren0 [octree.h:498] node count: 585 -> 594 -> 497

2025-04-04 12:33:39 INFO  ren0 [octree.h:498] node count: 585 -> 594 -> 284

2025-04-04 12:33:39 INFO  ren0 [PMMFocalGuidingIntegrator] diverge probability: 0.182

2025-04-04 12:33:39 INFO  ren0 [PMMFocalGuidingIntegrator] iteration postprocessing time: 4.1649m
2025-04-04 12:33:39 INFO  ren0 [PMMFocalGuidingIntegrator] GMM[
weight = 0.0430723 mean = [3.30721 1.01303 3.37617] covariance = [[1.40287 0.0402448 -0.036186][0.0402448 2.05557 0.339912][-0.036186 0.339912 2.44257]]
weight = 0.0622071 mean = [2.5625 1.06589 8.17079] covariance = [[2.40092 0.0709933 -0.565724][0.0709933 1.99546 0.189367][-0.565724 0.189367 1.49166]]
weight = 0.0557743 mean = [-0.913622 5.4128 2.41081] covariance = [[1.35311 0.171223 -0.142704][0.171223 2.38444 -0.178419][-0.142704 -0.178419 2.53331]]
weight = 0.0375794 mean = [2.91948 5.73102 2.53026] covariance = [[1.63026 0.0605171 -0.0736163][0.0605171 2.08082 -0.0507537][-0.0736163 -0.0507537 2.56056]]
weight = 0.0563257 mean = [-0.314176 1.16923 1.25904] covariance = [[1.51973 0.101396 -0.185263][0.101396 2.39924 0.148298][-0.185263 0.148298 1.60446]]
weight = 0.0393896 mean = [-3.68679 6.13963 -2.57664] covariance = [[2.47946 0.357261 -0.0586229][0.357261 1.31258 0.244836][-0.0586229 0.244836 1.61804]]
weight = 0.0613912 mean = [-3.49676 1.08547 8.43749] covariance = [[2.61173 0.303018 0.435728][0.303018 2.00211 0.13699][0.435728 0.13699 1.15666]]
weight = 0.0558395 mean = [-0.634136 4.35435 7.19703] covariance = [[1.49633 -0.0507619 -0.165473][-0.0507619 3.10169 0.302283][-0.165473 0.302283 2.56606]]
weight = 0.038075 mean = [2.13603 6.25734 -2.28033] covariance = [[2.92686 -0.431337 -0.038602][-0.431337 1.26396 0.229356][-0.038602 0.229356 2.08393]]
weight = 0.0480062 mean = [-0.68393 0.625965 -2.80616] covariance = [[1.35731 0.122573 -0.141406][0.122573 1.29703 -0.0859015][-0.141406 -0.0859015 1.23277]]
weight = 0.0502729 mean = [-4.42517 5.52901 6.91588] covariance = [[1.38269 -0.0128063 0.0672865][-0.0128063 2.05685 -0.0142192][0.0672865 -0.0142192 2.72145]]
weight = 0.0479347 mean = [-4.18888 1.25973 4.10407] covariance = [[1.74781 0.0395369 -0.177908][0.0395369 2.55981 0.043653][-0.177908 0.043653 1.40193]]
weight = 0.0458289 mean = [3.1627 5.42627 7.24673] covariance = [[1.52331 -0.175502 0.0668109][-0.175502 2.39377 0.126029][0.0668109 0.126029 2.34102]]
weight = 0.0395293 mean = [-4.517 1.3573 -2.89075] covariance = [[1.10782 -0.267852 -0.155088][-0.267852 2.41086 -0.0864771][-0.155088 -0.0864771 1.01949]]
weight = 0.0634063 mean = [0.896874 3.4583 -1.77813] covariance = [[0.688436 -0.0423444 -0.0084487][-0.0423444 0.658701 0.0258072][-0.0084487 0.0258072 1.63438]]
weight = 0.0753772 mean = [-2.11292 3.58317 -1.92133] covariance = [[0.616349 0.0555139 -0.102548][0.0555139 0.690452 -0.0764361][-0.102548 -0.0764361 1.41336]]
weight = 0.0412168 mean = [-4.07079 0.800431 0.505037] covariance = [[1.8074 -0.158616 -0.0828442][-0.158616 1.93781 -0.0147347][-0.0828442 -0.0147347 1.28804]]
weight = 0.0491764 mean = [-4.61816 5.44178 1.71392] covariance = [[1.11317 0.00844397 0.00853861][0.00844397 2.26211 0.237982][0.00853861 0.237982 2.04442]]
weight = 0.0558395 mean = [-0.466161 2.04731 6.12937] covariance = [[1.49633 -0.0507619 -0.165473][-0.0507619 3.10169 0.302283][-0.165473 0.302283 2.56606]]
weight = 0.0337576 mean = [3.24576 0.721346 -1.91099] covariance = [[1.33604 0.143333 0.0869388][0.143333 1.84694 -0.197039][0.0869388 -0.197039 2.42141]]
]
2025-04-04 12:33:39 INFO  ren0 [PMMFocalGuidingIntegrator] Octree[
AABB: AABB3[min=[-6.3658, -1.5274, -4.73046], max=[5.27597, 8.04131, 10.0598]]
Nodes count: 497
]
2025-04-04 12:33:39 INFO  ren0 [PMMFocalGuidingIntegrator] Octree[
AABB: AABB3[min=[-6.3658, -1.5274, -4.73046], max=[5.27597, 8.04131, 10.0598]]
Nodes count: 284
]
2025-04-04 12:33:39 INFO  ren0 [PMMFocalGuidingIntegrator] Rendering 1 iteration
2025-04-04 12:33:39 INFO  ren0 [SamplingIntegrator] Starting render job (1280x720, 4 samples, 8 cores, SSE2 enabled) ..
2025-04-04 12:36:54 INFO  ren0 [PMMFocalGuidingIntegrator] iteration render time: 3.2623m
2025-04-04 12:36:55 INFO  ren0 [PMMFocalGuidingIntegrator] Got 665663 non-zero samples and 0 zero samples
2025-04-04 12:36:55 INFO  ren0 [gaussian_mixture_model.h:576] Start processing batch
2025-04-04 12:37:24 INFO  ren0 [gaussian_mixture_model.h:603] Finish E step
2025-04-04 12:38:07 INFO  ren0 [gaussian_mixture_model.h:194] components before the merge: 20
2025-04-04 12:38:07 INFO  ren0 [gaussian_mixture_model.h:213] components after the merge: 15, merged 5 component
2025-04-04 12:38:07 INFO  ren0 [gaussian_mixture_model.h:231] components after the split: 20, split 5 components
2025-04-04 12:38:07 INFO  ren0 [gaussian_mixture_model.h:615] Finish M step
2025-04-04 12:38:07 INFO  ren0 [octree.h:482] root weight: 1.438e+07 (14382211.000000)
2025-04-04 12:38:07 INFO  ren0 [octree.h:483] splitting threshold: 1.438e+04 (14382.211914)
2025-04-04 12:38:07 INFO  ren0 [octree.h:482] root weight: 7.169e+04 (71686.906250)
2025-04-04 12:38:07 INFO  ren0 [octree.h:483] splitting threshold: 7.169e+01 (71.686913)
2025-04-04 12:38:07 INFO  ren0 [octree.h:498] node count: 497 -> 1008 -> 933

2025-04-04 12:38:07 INFO  ren0 [octree.h:498] node count: 284 -> 284 -> 257

2025-04-04 12:38:07 INFO  ren0 [PMMFocalGuidingIntegrator] diverge probability: 0.005

2025-04-04 12:38:07 INFO  ren0 [PMMFocalGuidingIntegrator] iteration postprocessing time: 1.2036m
2025-04-04 12:38:07 INFO  ren0 [PMMFocalGuidingIntegrator] GMM[
weight = 0.0074319 mean = [3.23712 1.1311 3.44914] covariance = [[1.43576 -0.00778934 -0.0575958][-0.00778934 2.13343 0.386147][-0.0575958 0.386147 2.65548]]
weight = 0.0106508 mean = [2.55327 1.00376 8.161] covariance = [[2.38781 0.0844826 -0.440325][0.0844826 2.05102 0.172204][-0.440325 0.172204 1.42782]]
weight = 0.00477847 mean = [-3.22093 3.40209 -2.39894] covariance = [[2.38029 -0.0767037 0.525185][-0.0767037 1.3526 -0.0200121][0.525185 -0.0200121 0.814492]]
weight = 0.0065822 mean = [2.69326 5.49791 2.0721] covariance = [[1.78541 0.392322 0.829662][0.392322 2.27807 0.827432][0.829662 0.827432 4.70292]]
weight = 0.0206676 mean = [-0.529776 3.42526 1.09924] covariance = [[1.91762 -0.201214 -0.659763][-0.201214 5.50225 0.507931][-0.659763 0.507931 5.03611]]
weight = 0.179269 mean = [0.950506 3.56156 -1.77621] covariance = [[0.143721 0.0488952 -0.00448489][0.0488952 0.16403 -0.00702998][-0.00448489 -0.00702998 0.200425]]
weight = 0.0103353 mean = [-3.42597 1.15821 8.40473] covariance = [[2.6887 0.307299 0.400421][0.307299 2.0597 0.140284][0.400421 0.140284 1.12935]]
weight = 0.0138506 mean = [0.75114 1.81411 -2.24531] covariance = [[3.31461 0.00841175 0.197432][0.00841175 3.39359 0.0769122][0.197432 0.0769122 1.07339]]
weight = 0.00477847 mean = [-3.17874 4.08054 -2.38284] covariance = [[2.38029 -0.0767037 0.525185][-0.0767037 1.3526 -0.0200121][0.525185 -0.0200121 0.814492]]
weight = 0.00477847 mean = [-3.32279 1.76416 -2.43782] covariance = [[2.38029 -0.0767037 0.525185][-0.0767037 1.3526 -0.0200121][0.525185 -0.0200121 0.814492]]
weight = 0.00855666 mean = [-4.36379 5.48983 6.9741] covariance = [[1.42702 0.0552177 0.0885796][0.0552177 2.11812 0.00824187][0.0885796 0.00824187 2.83307]]
weight = 0.00831223 mean = [-4.10054 1.25979 4.13038] covariance = [[1.83886 -0.00444959 -0.141239][-0.00444959 2.62636 -0.00709372][-0.141239 -0.00709372 1.53696]]
weight = 0.00787399 mean = [3.16895 5.41743 7.21723] covariance = [[1.5622 -0.271085 0.0120538][-0.271085 2.36852 0.262893][0.0120538 0.262893 2.4362]]
weight = 0.00477847 mean = [-3.07688 5.71847 -2.34396] covariance = [[2.38029 -0.0767037 0.525185][-0.0767037 1.3526 -0.0200121][0.525185 -0.0200121 0.814492]]
weight = 0.179269 mean = [1.2649 3.95379 -2.18666] covariance = [[0.143721 0.0488952 -0.00448489][0.0488952 0.16403 -0.00702998][-0.00448489 -0.00702998 0.200425]]
weight = 0.478977 mean = [-2.3244 3.76636 -2.04032] covariance = [[0.162929 -0.062131 0.0322104][-0.062131 0.159543 -0.0541188][0.0322104 -0.0541188 0.223912]]
weight = 0.00738238 mean = [-3.78774 1.39782 0.149298] covariance = [[2.01022 0.704149 -0.801485][0.704149 3.12536 -1.26562][-0.801485 -1.26562 2.21975]]
weight = 0.00872499 mean = [-4.36656 5.2026 1.26931] covariance = [[1.52099 -0.333129 -0.827928][-0.333129 2.38023 0.92777][-0.827928 0.92777 3.48653]]
weight = 0.0191531 mean = [-0.569796 3.12735 6.54818] covariance = [[1.66275 -0.130622 -0.229228][-0.130622 4.90861 1.11416][-0.229228 1.11416 3.0724]]
weight = 0.0138506 mean = [1.30963 4.35766 -2.1138] covariance = [[3.31461 0.00841175 0.197432][0.00841175 3.39359 0.0769122][0.197432 0.0769122 1.07339]]
]
2025-04-04 12:38:07 INFO  ren0 [PMMFocalGuidingIntegrator] Octree[
AABB: AABB3[min=[-6.3658, -1.5274, -4.73046], max=[5.27597, 8.04131, 10.0598]]
Nodes count: 933
]
2025-04-04 12:38:07 INFO  ren0 [PMMFocalGuidingIntegrator] Octree[
AABB: AABB3[min=[-6.3658, -1.5274, -4.73046], max=[5.27597, 8.04131, 10.0598]]
Nodes count: 257
]
2025-04-04 12:38:07 INFO  ren0 [PMMFocalGuidingIntegrator] Rendering 2 iteration
2025-04-04 12:38:07 INFO  ren0 [SamplingIntegrator] Starting render job (1280x720, 4 samples, 8 cores, SSE2 enabled) ..
2025-04-04 12:42:25 INFO  ren0 [PMMFocalGuidingIntegrator] iteration render time: 4.3088m
2025-04-04 12:42:26 INFO  ren0 [PMMFocalGuidingIntegrator] Got 1254486 non-zero samples and 0 zero samples
2025-04-04 12:42:26 INFO  ren0 [gaussian_mixture_model.h:576] Start processing batch
2025-04-04 12:43:19 INFO  ren0 [gaussian_mixture_model.h:603] Finish E step
2025-04-04 12:44:33 INFO  ren0 [gaussian_mixture_model.h:194] components before the merge: 20
2025-04-04 12:44:33 INFO  ren0 [gaussian_mixture_model.h:213] components after the merge: 13, merged 7 component
2025-04-04 12:44:33 INFO  ren0 [gaussian_mixture_model.h:231] components after the split: 16, split 3 components
2025-04-04 12:44:33 INFO  ren0 [gaussian_mixture_model.h:615] Finish M step
2025-04-04 12:44:33 INFO  ren0 [octree.h:482] root weight: 9.555e+07 (95551928.000000)
2025-04-04 12:44:33 INFO  ren0 [octree.h:483] splitting threshold: 9.555e+04 (95551.929688)
2025-04-04 12:44:33 INFO  ren0 [octree.h:482] root weight: 1.193e+05 (119310.984375)
2025-04-04 12:44:33 INFO  ren0 [octree.h:483] splitting threshold: 1.193e+02 (119.310989)
2025-04-04 12:44:33 INFO  ren0 [octree.h:498] node count: 933 -> 1266 -> 829

2025-04-04 12:44:33 INFO  ren0 [octree.h:498] node count: 257 -> 257 -> 254

2025-04-04 12:44:33 INFO  ren0 [PMMFocalGuidingIntegrator] diverge probability: 0.001

2025-04-04 12:44:33 INFO  ren0 [PMMFocalGuidingIntegrator] iteration postprocessing time: 2.1271m
2025-04-04 12:44:33 INFO  ren0 [PMMFocalGuidingIntegrator] GMM[
weight = 0.00168488 mean = [3.22009 1.1273 3.21216] covariance = [[1.44107 -0.0471205 -0.100534][-0.0471205 2.17652 0.550287][-0.100534 0.550287 3.19032]]
weight = 0.00226984 mean = [2.54045 0.998856 8.1302] covariance = [[2.39793 0.0798508 -0.383076][0.0798508 2.0387 0.192317][-0.383076 0.192317 1.40801]]
weight = 0.00216021 mean = [-3.45175 2.69942 -2.61115] covariance = [[2.86703 -0.193596 0.503973][-0.193596 2.24793 -0.0548756][0.503973 -0.0548756 1.15348]]
weight = 0.406726 mean = [0.933829 3.62883 -1.85575] covariance = [[0.0430022 0.0129994 -0.0125393][0.0129994 0.0546199 -0.0052744][-0.0125393 -0.0052744 0.0571972]]
weight = 0.0744774 mean = [-2.44117 3.88855 -2.14565] covariance = [[0.0330675 -0.0130004 0.00341973][-0.0130004 0.0320433 -0.0077493][0.00341973 -0.0077493 0.0389057]]
weight = 0.00218616 mean = [-3.39599 1.20767 8.37052] covariance = [[2.81054 0.296567 0.396238][0.296567 2.09715 0.141033][0.396238 0.141033 1.12073]]
weight = 0.00182398 mean = [-4.31357 5.41895 6.93595] covariance = [[1.44342 0.149526 0.00953802][0.149526 2.16486 0.0576597][0.00953802 0.0576597 3.01769]]
weight = 0.00184023 mean = [-4.05033 1.3381 4.0437] covariance = [[1.85915 -0.0988012 -0.185379][-0.0988012 2.60156 -0.0762771][-0.185379 -0.0762771 1.73456]]
weight = 0.00168794 mean = [3.1304 5.39565 7.13635] covariance = [[1.58444 -0.350551 0.0152437][-0.350551 2.33974 0.353483][0.0152437 0.353483 2.5985]]
weight = 0.00216021 mean = [-2.96115 4.7336 -2.48128] covariance = [[2.86703 -0.193596 0.503973][-0.193596 2.24793 -0.0548756][0.503973 -0.0548756 1.15348]]
weight = 0.406726 mean = [1.13287 3.84628 -2.09615] covariance = [[0.0430022 0.0129994 -0.0125393][0.0129994 0.0546199 -0.0052744][-0.0125393 -0.0052744 0.0571972]]
weight = 0.0744774 mean = [-2.26357 3.69244 -1.9676] covariance = [[0.0330675 -0.0130004 0.00341973][-0.0130004 0.0320433 -0.0077493][0.00341973 -0.0077493 0.0389057]]
weight = 0.0017122 mean = [-3.8281 1.46975 0.108213] covariance = [[2.1132 0.507557 -0.564924][0.507557 2.9055 -0.969382][-0.564924 -0.969382 2.176]]
weight = 0.00202273 mean = [-4.3699 5.18212 1.07522] covariance = [[1.46091 -0.19586 -0.474832][-0.19586 2.50024 0.666209][-0.474832 0.666209 3.31493]]
weight = 0.00412407 mean = [-0.551907 3.05353 6.35922] covariance = [[1.74764 -0.106113 -0.247984][-0.106113 5.13367 1.19969][-0.247984 1.19969 3.39329]]
weight = 0.0139211 mean = [0.664543 3.6207 -0.736783] covariance = [[3.06611 0.539173 -0.460974][0.539173 4.36391 0.826146][-0.460974 0.826146 5.70269]]
]
2025-04-04 12:44:33 INFO  ren0 [PMMFocalGuidingIntegrator] Octree[
AABB: AABB3[min=[-6.3658, -1.5274, -4.73046], max=[5.27597, 8.04131, 10.0598]]
Nodes count: 829
]
2025-04-04 12:44:33 INFO  ren0 [PMMFocalGuidingIntegrator] Octree[
AABB: AABB3[min=[-6.3658, -1.5274, -4.73046], max=[5.27597, 8.04131, 10.0598]]
Nodes count: 254
]
2025-04-04 12:44:33 INFO  ren0 [PMMFocalGuidingIntegrator] Rendering 3 iteration
2025-04-04 12:44:33 INFO  ren0 [SamplingIntegrator] Starting render job (1280x720, 4 samples, 8 cores, SSE2 enabled) ..
2025-04-04 12:45:55 INFO  wrk3 [octree.h:248] No intersection found
2025-04-04 12:45:55 INFO  wrk3 [pmm_focal_guiding.cpp:751] Intersection was not found
2025-04-04 12:47:20 INFO  ren0 [PMMFocalGuidingIntegrator] iteration render time: 2.7950m
2025-04-04 12:47:22 INFO  ren0 [PMMFocalGuidingIntegrator] Got 2020736 non-zero samples and 0 zero samples
2025-04-04 12:47:22 INFO  ren0 [gaussian_mixture_model.h:576] Start processing batch
2025-04-04 12:48:25 INFO  ren0 [gaussian_mixture_model.h:603] Finish E step
2025-04-04 12:49:55 INFO  ren0 [gaussian_mixture_model.h:194] components before the merge: 16
2025-04-04 12:49:55 INFO  ren0 [gaussian_mixture_model.h:213] components after the merge: 10, merged 6 component
2025-04-04 12:49:55 INFO  ren0 [gaussian_mixture_model.h:231] components after the split: 12, split 2 components
2025-04-04 12:49:55 INFO  ren0 [gaussian_mixture_model.h:615] Finish M step
2025-04-04 12:49:55 INFO  ren0 [octree.h:482] root weight: 1.823e+09 (1822571520.000000)
2025-04-04 12:49:55 INFO  ren0 [octree.h:483] splitting threshold: 1.823e+06 (1822571.625000)
2025-04-04 12:49:55 INFO  ren0 [octree.h:482] root weight: 3.085e+05 (308517.593750)
2025-04-04 12:49:55 INFO  ren0 [octree.h:483] splitting threshold: 3.085e+02 (308.517609)
2025-04-04 12:49:55 INFO  ren0 [octree.h:498] node count: 829 -> 1368 -> 1228

2025-04-04 12:49:55 INFO  ren0 [octree.h:498] node count: 254 -> 254 -> 254

2025-04-04 12:49:55 INFO  ren0 [PMMFocalGuidingIntegrator] diverge probability: 0.000

2025-04-04 12:49:55 INFO  ren0 [PMMFocalGuidingIntegrator] iteration postprocessing time: 2.5729m
2025-04-04 12:49:55 INFO  ren0 [PMMFocalGuidingIntegrator] GMM[
