2025-04-05 10:18:32 INFO  main [mitsuba.cpp:274] Mitsuba version 0.6.0 (Linux, 64 bit), Copyright (c) 2017 Wenzel Jakob
2025-04-05 10:18:32 INFO  main [mitsuba.cpp:377] Parsing scene description from "../../scenes/modern-hall/modern-hall.xml" ..
2025-04-05 10:18:32 INFO  main [scenehandler.cpp:675] In file "/home/julia/PBRT/PMM_focal_guiding/mitsuba/dist/../../scenes/modern-hall/modern-hall.xml" (near line 20): Parsing included file "pmm_focal_guiding.xml" ..
2025-04-05 10:18:32 INFO  main [PluginManager] Loading plugin "plugins/pmm_focal_guiding.so" ..
2025-04-05 10:18:32 INFO  main [octree.h:482] root weight: 8.000e-20 (0.000000)
2025-04-05 10:18:32 INFO  main [octree.h:483] splitting threshold: 8.000e-23 (0.000000)
2025-04-05 10:18:32 INFO  main [octree.h:498] node count: 1 -> 585 -> 585

2025-04-05 10:18:32 INFO  main [octree.h:482] root weight: 8.000e-20 (0.000000)
2025-04-05 10:18:32 INFO  main [octree.h:483] splitting threshold: 8.000e-23 (0.000000)
2025-04-05 10:18:32 INFO  main [octree.h:498] node count: 1 -> 585 -> 585

2025-04-05 10:18:32 INFO  main [PMMFocalGuidingIntegrator] Saving to: 
2025-04-05 10:18:32 INFO  main [PMMFocalGuidingIntegrator] GMM params: alpha = 0.500000, split_th = 4.000000, merge_th = 0.500000, min_num_comp = 3, max_num_comp = 20, init = Random
2025-04-05 10:18:32 INFO  main [PMMFocalGuidingIntegrator] iterationCount: 8
2025-04-05 10:18:32 INFO  main [PMMFocalGuidingIntegrator] PMMFocalGuidingIntegrator
  maxDepth = 40,
  rrDepth = 14,
  strictNormals = 1
  gmm = GMM[
]
]
2025-04-05 10:18:32 WARN  main [scenehandler.cpp:795] In file "/home/julia/PBRT/PMM_focal_guiding/mitsuba/dist/../../scenes/modern-hall/../_integrators/pmm_focal_guiding.xml" (near line 49): Unqueried attribute "budget" in element "integrator"
2025-04-05 10:18:32 WARN  main [scenehandler.cpp:795] In file "/home/julia/PBRT/PMM_focal_guiding/mitsuba/dist/../../scenes/modern-hall/../_integrators/pmm_focal_guiding.xml" (near line 49): Unqueried attribute "dumpPrimaryRays" in element "integrator"
2025-04-05 10:18:32 WARN  main [scenehandler.cpp:795] In file "/home/julia/PBRT/PMM_focal_guiding/mitsuba/dist/../../scenes/modern-hall/../_integrators/pmm_focal_guiding.xml" (near line 49): Unqueried attribute "dumpScene" in element "integrator"
2025-04-05 10:18:32 WARN  main [scenehandler.cpp:795] In file "/home/julia/PBRT/PMM_focal_guiding/mitsuba/dist/../../scenes/modern-hall/../_integrators/pmm_focal_guiding.xml" (near line 49): Unqueried attribute "normalBinning" in element "integrator"
2025-04-05 10:18:32 WARN  main [scenehandler.cpp:795] In file "/home/julia/PBRT/PMM_focal_guiding/mitsuba/dist/../../scenes/modern-hall/../_integrators/pmm_focal_guiding.xml" (near line 49): Unqueried attribute "samplingMode" in element "integrator"
2025-04-05 10:18:32 WARN  main [scenehandler.cpp:795] In file "/home/julia/PBRT/PMM_focal_guiding/mitsuba/dist/../../scenes/modern-hall/../_integrators/pmm_focal_guiding.xml" (near line 49): Unqueried attribute "unboundedSplatting" in element "integrator"
2025-04-05 10:18:32 INFO  main [PluginManager] Loading plugin "plugins/independent.so" ..
2025-04-05 10:18:32 INFO  main [PluginManager] Loading plugin "plugins/box.so" ..
2025-04-05 10:18:32 INFO  main [PluginManager] Loading plugin "plugins/hdrfilm.so" ..
2025-04-05 10:18:32 INFO  main [PluginManager] Loading plugin "plugins/perspective.so" ..
2025-04-05 10:18:32 INFO  main [PluginManager] Loading plugin "plugins/dielectric.so" ..
2025-04-05 10:18:32 INFO  main [PluginManager] Loading plugin "plugins/bitmap.so" ..
2025-04-05 10:18:32 INFO  main [BitmapTexture] Loading texture "wood5.jpg"
2025-04-05 10:18:32 INFO  main [MIPMap] Mapped MIP map cache file "/home/julia/PBRT/PMM_focal_guiding/mitsuba/dist/../../scenes/modern-hall/textures/wood5.mip" into memory (14.7 MiB).
2025-04-05 10:18:32 INFO  main [PluginManager] Loading plugin "plugins/roughplastic.so" ..
2025-04-05 10:18:32 INFO  main [PluginManager] Loading plugin "plugins/twosided.so" ..
2025-04-05 10:18:32 INFO  main [BitmapTexture] Loading texture "Tiles.jpg"
2025-04-05 10:18:32 INFO  main [PluginManager] Loading plugin "plugins/lanczos.so" ..
2025-04-05 10:18:33 INFO  main [PluginManager] Loading plugin "plugins/diffuse.so" ..
2025-04-05 10:18:33 INFO  main [BitmapTexture] Loading texture "Wallpaper.jpg"
2025-04-05 10:18:33 INFO  main [PluginManager] Loading plugin "plugins/roughconductor.so" ..
2025-04-05 10:18:33 INFO  main [spectrum.cpp:599] "Cu.eta.spd": loaded a spectral power distribution with 55 entries (between 302.400421 and 885.601257 nm)
2025-04-05 10:18:33 INFO  main [spectrum.cpp:599] "Cu.k.spd": loaded a spectral power distribution with 55 entries (between 302.400421 and 885.601257 nm)
2025-04-05 10:18:33 INFO  main [spectrum.cpp:599] "Cu.eta.spd": loaded a spectral power distribution with 55 entries (between 302.400421 and 885.601257 nm)
2025-04-05 10:18:33 INFO  main [spectrum.cpp:599] "Cu.k.spd": loaded a spectral power distribution with 55 entries (between 302.400421 and 885.601257 nm)
2025-04-05 10:18:33 INFO  main [PluginManager] Loading plugin "plugins/difftrans.so" ..
2025-04-05 10:18:33 INFO  main [PluginManager] Loading plugin "plugins/area.so" ..
2025-04-05 10:18:33 INFO  main [PluginManager] Loading plugin "plugins/rectangle.so" ..
2025-04-05 10:18:33 INFO  main [PluginManager] Loading plugin "plugins/cube.so" ..
2025-04-05 10:18:33 INFO  main [PluginManager] Loading plugin "plugins/obj.so" ..
2025-04-05 10:18:33 INFO  main [WavefrontOBJ] Loading geometry from "Mesh008.obj" ..
2025-04-05 10:18:33 INFO  main [WavefrontOBJ] Mesh008: 5184 triangles, 2664 vertices (merged 12888 vertices).
2025-04-05 10:18:33 INFO  main [WavefrontOBJ] Done with "Mesh008.obj" (took 40 ms)
2025-04-05 10:18:33 INFO  main [WavefrontOBJ] Loading geometry from "Mesh004.obj" ..
2025-04-05 10:18:33 INFO  main [WavefrontOBJ] Mesh004: 5184 triangles, 2664 vertices (merged 12888 vertices).
2025-04-05 10:18:33 INFO  main [WavefrontOBJ] Done with "Mesh004.obj" (took 37 ms)
2025-04-05 10:18:33 INFO  main [WavefrontOBJ] Loading geometry from "Mesh003.obj" ..
2025-04-05 10:18:33 INFO  main [WavefrontOBJ] Mesh003: 5184 triangles, 2664 vertices (merged 12888 vertices).
2025-04-05 10:18:33 INFO  main [WavefrontOBJ] Done with "Mesh003.obj" (took 48 ms)
2025-04-05 10:18:33 INFO  main [WavefrontOBJ] Loading geometry from "Mesh006.obj" ..
2025-04-05 10:18:33 INFO  main [WavefrontOBJ] Mesh006: 5184 triangles, 2664 vertices (merged 12888 vertices).
2025-04-05 10:18:33 INFO  main [WavefrontOBJ] Done with "Mesh006.obj" (took 100 ms)
2025-04-05 10:18:33 INFO  main [WavefrontOBJ] Loading geometry from "Mesh012.obj" ..
2025-04-05 10:18:33 INFO  main [WavefrontOBJ] Mesh012: 444 triangles, 882 vertices (merged 450 vertices).
2025-04-05 10:18:33 INFO  main [WavefrontOBJ] Done with "Mesh012.obj" (took 9 ms)
2025-04-05 10:18:33 INFO  main [WavefrontOBJ] Loading geometry from "Mesh013.obj" ..
2025-04-05 10:18:33 INFO  main [WavefrontOBJ] Mesh013: 5184 triangles, 2664 vertices (merged 12888 vertices).
2025-04-05 10:18:33 INFO  main [WavefrontOBJ] Done with "Mesh013.obj" (took 39 ms)
2025-04-05 10:18:33 INFO  main [WavefrontOBJ] Loading geometry from "Mesh010.obj" ..
2025-04-05 10:18:33 INFO  main [WavefrontOBJ] Mesh010: 32 triangles, 60 vertices (merged 36 vertices).
2025-04-05 10:18:33 INFO  main [WavefrontOBJ] Done with "Mesh010.obj" (took 0 ms)
2025-04-05 10:18:33 INFO  main [WavefrontOBJ] Loading geometry from "Mesh015.obj" ..
2025-04-05 10:18:33 INFO  main [WavefrontOBJ] Mesh015: 32 triangles, 60 vertices (merged 36 vertices).
2025-04-05 10:18:33 INFO  main [WavefrontOBJ] Done with "Mesh015.obj" (took 0 ms)
2025-04-05 10:18:33 INFO  main [WavefrontOBJ] Loading geometry from "Mesh002.obj" ..
2025-04-05 10:18:33 INFO  main [WavefrontOBJ] Mesh002: 32 triangles, 60 vertices (merged 36 vertices).
2025-04-05 10:18:33 INFO  main [WavefrontOBJ] Done with "Mesh002.obj" (took 0 ms)
2025-04-05 10:18:33 INFO  main [WavefrontOBJ] Loading geometry from "Mesh007.obj" ..
2025-04-05 10:18:33 INFO  main [WavefrontOBJ] Mesh007: 32 triangles, 60 vertices (merged 36 vertices).
2025-04-05 10:18:33 INFO  main [WavefrontOBJ] Done with "Mesh007.obj" (took 0 ms)
2025-04-05 10:18:33 INFO  main [WavefrontOBJ] Loading geometry from "Mesh005.obj" ..
2025-04-05 10:18:33 INFO  main [WavefrontOBJ] Mesh005: 12 triangles, 20 vertices (merged 16 vertices).
2025-04-05 10:18:33 INFO  main [WavefrontOBJ] Done with "Mesh005.obj" (took 0 ms)
2025-04-05 10:18:33 INFO  main [WavefrontOBJ] Loading geometry from "Mesh016.obj" ..
2025-04-05 10:18:33 INFO  main [WavefrontOBJ] Mesh016: 120 triangles, 204 vertices (merged 156 vertices).
2025-04-05 10:18:33 INFO  main [WavefrontOBJ] Done with "Mesh016.obj" (took 2 ms)
2025-04-05 10:18:33 INFO  main [WavefrontOBJ] Loading geometry from "Mesh017.obj" ..
2025-04-05 10:18:33 INFO  main [WavefrontOBJ] Mesh017: 20 triangles, 40 vertices (merged 20 vertices).
2025-04-05 10:18:33 INFO  main [WavefrontOBJ] Done with "Mesh017.obj" (took 0 ms)
2025-04-05 10:18:33 INFO  main [WavefrontOBJ] Loading geometry from "Mesh018.obj" ..
2025-04-05 10:18:33 INFO  main [WavefrontOBJ] Mesh018: 2 triangles, 4 vertices (merged 2 vertices).
2025-04-05 10:18:33 INFO  main [WavefrontOBJ] Done with "Mesh018.obj" (took 0 ms)
2025-04-05 10:18:33 INFO  main [WavefrontOBJ] Loading geometry from "Mesh011.obj" ..
2025-04-05 10:18:33 INFO  main [WavefrontOBJ] Mesh011: 32 triangles, 30 vertices (merged 66 vertices).
2025-04-05 10:18:33 INFO  main [WavefrontOBJ] Done with "Mesh011.obj" (took 0 ms)
2025-04-05 10:18:33 INFO  main [PluginManager] Loading plugin "plugins/homogeneous.so" ..
2025-04-05 10:18:33 INFO  main [PluginManager] Loading plugin "plugins/isotropic.so" ..
2025-04-05 10:18:33 INFO  main [WavefrontOBJ] Loading geometry from "Mesh014.obj" ..
2025-04-05 10:18:33 INFO  main [WavefrontOBJ] Mesh014: 36 triangles, 72 vertices (merged 36 vertices).
2025-04-05 10:18:33 INFO  main [WavefrontOBJ] Done with "Mesh014.obj" (took 1 ms)
2025-04-05 10:18:33 INFO  main [WavefrontOBJ] Loading geometry from "Mesh001.obj" ..
2025-04-05 10:18:33 INFO  main [WavefrontOBJ] Mesh001: 924 triangles, 2016 vertices (merged 756 vertices).
2025-04-05 10:18:33 INFO  main [WavefrontOBJ] Done with "Mesh001.obj" (took 16 ms)
2025-04-05 10:18:33 INFO  main [WavefrontOBJ] Loading geometry from "Mesh000.obj" ..
2025-04-05 10:18:33 INFO  main [WavefrontOBJ] Mesh000: 3127 triangles, 2075 vertices (merged 7306 vertices).
2025-04-05 10:18:33 INFO  main [WavefrontOBJ] Done with "Mesh000.obj" (took 37 ms)
2025-04-05 10:18:33 INFO  main [WavefrontOBJ] Loading geometry from "Mesh009.obj" ..
2025-04-05 10:18:33 INFO  main [WavefrontOBJ] Mesh009: 146 triangles, 110 vertices (merged 328 vertices).
2025-04-05 10:18:33 INFO  main [WavefrontOBJ] Done with "Mesh009.obj" (took 1 ms)
2025-04-05 10:18:33 INFO  ren0 [KDTreeBase] Constructing a SAH kd-tree (30963 primitives) ..
2025-04-05 10:18:34 INFO  ren0 [KDTreeBase] Finished -- took 470 ms.
2025-04-05 10:18:34 INFO  ren0 [PMMFocalGuidingIntegrator] Starting preprocess
2025-04-05 10:18:34 INFO  ren0 [octree.h:482] root weight: 8.000e-20 (0.000000)
2025-04-05 10:18:34 INFO  ren0 [octree.h:483] splitting threshold: 8.000e-23 (0.000000)
2025-04-05 10:18:34 INFO  ren0 [octree.h:498] node count: 1 -> 585 -> 585

2025-04-05 10:18:34 INFO  ren0 [octree.h:482] root weight: 4.096e-17 (0.000000)
2025-04-05 10:18:34 INFO  ren0 [octree.h:483] splitting threshold: 4.096e-20 (0.000000)
2025-04-05 10:18:34 INFO  ren0 [octree.h:498] node count: 585 -> 585 -> 585

2025-04-05 10:18:34 INFO  ren0 [octree.h:482] root weight: 8.000e-20 (0.000000)
2025-04-05 10:18:34 INFO  ren0 [octree.h:483] splitting threshold: 8.000e-23 (0.000000)
2025-04-05 10:18:34 INFO  ren0 [octree.h:498] node count: 1 -> 585 -> 585

2025-04-05 10:18:34 INFO  ren0 [octree.h:482] root weight: 4.096e-17 (0.000000)
2025-04-05 10:18:34 INFO  ren0 [octree.h:483] splitting threshold: 4.096e-20 (0.000000)
2025-04-05 10:18:34 INFO  ren0 [octree.h:498] node count: 585 -> 585 -> 585

2025-04-05 10:18:34 INFO  ren0 [PMMFocalGuidingIntegrator] Octree[
AABB: AABB3[min=[-21.7494, -3.70393, -3.09172], max=[7.19249, 11.2965, 6.96201]]
Nodes count: 585
]
2025-04-05 10:18:34 INFO  ren0 [PMMFocalGuidingIntegrator] Octree[
AABB: AABB3[min=[-21.7494, -3.70393, -3.09172], max=[7.19249, 11.2965, 6.96201]]
Nodes count: 585
]
2025-04-05 10:18:34 INFO  ren0 [PMMFocalGuidingIntegrator] GMM[
]
2025-04-05 10:18:34 INFO  ren0 [PMMFocalGuidingIntegrator] Starting training... (8) iterations
2025-04-05 10:18:34 INFO  ren0 [PMMFocalGuidingIntegrator] Rendering 0 iteration
2025-04-05 10:18:34 INFO  ren0 [SamplingIntegrator] Starting render job (1280x720, 4 samples, 8 cores, SSE2 enabled) ..
2025-04-05 10:19:43 INFO  ren0 [PMMFocalGuidingIntegrator] iteration render time: 1.1502m
2025-04-05 10:19:43 INFO  ren0 [PMMFocalGuidingIntegrator] Got 59199 non-zero samples and 0 zero samples
2025-04-05 10:19:43 INFO  ren0 [gaussian_mixture_model.h:589] Start processing batch
2025-04-05 10:19:43 INFO  ren0 [gaussian_mixture_model.h:391] Random
2025-04-05 10:19:43 INFO  ren0 [gaussian_mixture_model.h:457] Starting initialization using random value from the first batch
2025-04-05 10:19:43 INFO  ren0 [gaussian_mixture_model.h:470] Initialized using random value from the first batch
2025-04-05 10:19:45 INFO  ren0 [gaussian_mixture_model.h:616] Finish E step
2025-04-05 10:19:49 INFO  ren0 [gaussian_mixture_model.h:205] components before the merge: 20
2025-04-05 10:19:49 INFO  ren0 [gaussian_mixture_model.h:224] components after the merge: 17, merged 3 component
2025-04-05 10:19:49 INFO  ren0 [gaussian_mixture_model.h:242] components after the split: 20, split 3 components
2025-04-05 10:19:49 INFO  ren0 [gaussian_mixture_model.h:628] Finish M step
2025-04-05 10:19:49 INFO  ren0 [octree.h:482] root weight: 1.220e+08 (121981320.000000)
2025-04-05 10:19:49 INFO  ren0 [octree.h:483] splitting threshold: 1.220e+05 (121981.328125)
2025-04-05 10:19:49 INFO  ren0 [octree.h:482] root weight: 1.385e+08 (138509584.000000)
2025-04-05 10:19:49 INFO  ren0 [octree.h:483] splitting threshold: 1.385e+05 (138509.593750)
2025-04-05 10:19:49 INFO  ren0 [octree.h:498] node count: 585 -> 742 -> 565

2025-04-05 10:19:49 INFO  ren0 [octree.h:498] node count: 585 -> 629 -> 374

2025-04-05 10:19:49 INFO  ren0 [PMMFocalGuidingIntegrator] diverge probability: 0.532

2025-04-05 10:19:49 INFO  ren0 [PMMFocalGuidingIntegrator] iteration postprocessing time: 6.6491s
2025-04-05 10:19:49 INFO  ren0 [PMMFocalGuidingIntegrator] GMM[
weight = 0.0190907 mean = [-2.60255 0.949179 -1.66541] covariance = [[1.23076 -0.0657395 0.130743][-0.0657395 1.65276 -0.278206][0.130743 -0.278206 1.5632]]
weight = 0.0118741 mean = [-2.67535 9.20449 4.48732] covariance = [[3.65506 0.0935983 -0.0815039][0.0935983 1.37818 -0.0968214][-0.0815039 -0.0968214 3.18878]]
weight = 0.0118741 mean = [-0.00937175 9.33314 4.01389] covariance = [[3.65506 0.0935983 -0.0815039][0.0935983 1.37818 -0.0968214][-0.0815039 -0.0968214 3.18878]]
weight = 0.0288359 mean = [5.63996 0.898327 5.49872] covariance = [[1.2194 0.487217 -0.378588][0.487217 4.3184 -0.0209436][-0.378588 -0.0209436 1.05146]]
weight = 0.129384 mean = [4.82048 3.271 2.34057] covariance = [[2.04538 -0.670061 -0.956684][-0.670061 4.32539 0.193897][-0.956684 0.193897 3.46725]]
weight = 0.151202 mean = [4.01894 -0.147878 -0.679765] covariance = [[3.85654 0.721592 0.666096][0.721592 2.69717 -1.39267][0.666096 -1.39267 3.60229]]
weight = 0.0375785 mean = [3.73171 5.78138 -1.39883] covariance = [[2.12604 -0.339947 -0.175137][-0.339947 2.6351 0.146902][-0.175137 0.146902 1.0269]]
weight = 0.0580761 mean = [-2.84665 4.11013 -1.66534] covariance = [[1.59347 -0.555172 -0.247765][-0.555172 2.06256 -0.17003][-0.247765 -0.17003 1.39059]]
weight = 0.0288359 mean = [6.09761 3.82676 5.42856] covariance = [[1.2194 0.487217 -0.378588][0.487217 4.3184 -0.0209436][-0.378588 -0.0209436 1.05146]]
weight = 0.0375785 mean = [4.8149 3.6814 -1.67516] covariance = [[2.12604 -0.339947 -0.175137][-0.339947 2.6351 0.146902][-0.175137 0.146902 1.0269]]
weight = 0.0267067 mean = [-6.24904 1.4059 0.100018] covariance = [[3.15193 0.0512569 -0.653328][0.0512569 1.1489 0.265657][-0.653328 0.265657 2.61255]]
weight = 0.0424439 mean = [-5.46047 -0.713129 3.65228] covariance = [[8.45159 -0.0569372 -0.717171][-0.0569372 3.09069 0.367749][-0.717171 0.367749 3.74933]]
weight = 0.0459555 mean = [-6.54514 5.54918 -0.151617] covariance = [[2.60987 -1.18284 -1.55299][-1.18284 7.29997 0.262896][-1.55299 0.262896 4.26585]]
weight = 0.0635025 mean = [1.46737 0.446408 2.50379] covariance = [[3.27875 -0.473751 0.666613][-0.473751 2.50218 -1.86515][0.666613 -1.86515 4.02006]]
weight = 0.0187771 mean = [-6.64886 -1.1482 -1.39655] covariance = [[4.84795 0.751089 -1.02205][0.751089 2.3814 -0.674337][-1.02205 -0.674337 1.59525]]
weight = 0.0819708 mean = [0.311476 5.41376 -0.677166] covariance = [[2.46975 -1.64414 0.52932][-1.64414 5.8345 -0.592933][0.52932 -0.592933 1.8633]]
weight = 0.0906755 mean = [0.954325 1.86799 -1.90566] covariance = [[2.71843 -0.386286 -1.14176][-0.386286 0.737794 0.138776][-1.14176 0.138776 1.61515]]
weight = 0.0422632 mean = [-12.7318 4.08554 0.849473] covariance = [[13.2514 0.741806 -9.65985][0.741806 14.6307 1.1877][-9.65985 1.1877 17.5503]]
weight = 0.0324559 mean = [-0.485834 -1.25265 0.162754] covariance = [[2.06976 -0.100971 0.119574][-0.100971 1.82553 -0.232272][0.119574 -0.232272 2.84283]]
weight = 0.0409195 mean = [-2.49673 5.76072 2.34562] covariance = [[3.8079 -0.453625 -0.68096][-0.453625 2.60694 -0.606241][-0.68096 -0.606241 2.30743]]
]
2025-04-05 10:19:49 INFO  ren0 [PMMFocalGuidingIntegrator] Octree[
AABB: AABB3[min=[-21.7494, -3.70393, -3.09172], max=[7.19249, 11.2965, 6.96201]]
Nodes count: 565
]
2025-04-05 10:19:49 INFO  ren0 [PMMFocalGuidingIntegrator] Octree[
AABB: AABB3[min=[-21.7494, -3.70393, -3.09172], max=[7.19249, 11.2965, 6.96201]]
Nodes count: 374
]
2025-04-05 10:19:49 INFO  ren0 [PMMFocalGuidingIntegrator] Rendering 1 iteration
2025-04-05 10:19:49 INFO  ren0 [SamplingIntegrator] Starting render job (1280x720, 4 samples, 8 cores, SSE2 enabled) ..
2025-04-05 10:21:19 INFO  ren0 [PMMFocalGuidingIntegrator] iteration render time: 1.4963m
2025-04-05 10:21:19 INFO  ren0 [PMMFocalGuidingIntegrator] Got 73787 non-zero samples and 0 zero samples
2025-04-05 10:21:19 INFO  ren0 [gaussian_mixture_model.h:589] Start processing batch
2025-04-05 10:21:22 INFO  ren0 [gaussian_mixture_model.h:616] Finish E step
2025-04-05 10:21:27 INFO  ren0 [gaussian_mixture_model.h:205] components before the merge: 20
2025-04-05 10:21:27 INFO  ren0 [gaussian_mixture_model.h:224] components after the merge: 15, merged 5 component
2025-04-05 10:21:27 INFO  ren0 [gaussian_mixture_model.h:242] components after the split: 20, split 5 components
2025-04-05 10:21:27 INFO  ren0 [gaussian_mixture_model.h:628] Finish M step
2025-04-05 10:21:27 INFO  ren0 [octree.h:482] root weight: 9.100e+07 (91002656.000000)
2025-04-05 10:21:27 INFO  ren0 [octree.h:483] splitting threshold: 9.100e+04 (91002.664062)
2025-04-05 10:21:27 INFO  ren0 [octree.h:482] root weight: 9.992e+07 (99922384.000000)
2025-04-05 10:21:27 INFO  ren0 [octree.h:483] splitting threshold: 9.992e+04 (99922.390625)
2025-04-05 10:21:27 INFO  ren0 [octree.h:498] node count: 565 -> 584 -> 538

2025-04-05 10:21:27 INFO  ren0 [octree.h:498] node count: 374 -> 388 -> 375

2025-04-05 10:21:27 INFO  ren0 [PMMFocalGuidingIntegrator] diverge probability: 0.523

2025-04-05 10:21:27 INFO  ren0 [PMMFocalGuidingIntegrator] iteration postprocessing time: 7.6124s
2025-04-05 10:21:27 INFO  ren0 [PMMFocalGuidingIntegrator] GMM[
weight = 0.0106994 mean = [-2.51127 9.11563 4.52213] covariance = [[3.37113 0.160081 -0.150559][0.160081 1.35091 0.0290611][-0.150559 0.0290611 2.83037]]
weight = 0.0276144 mean = [5.66905 0.868093 5.4486] covariance = [[1.04577 0.148627 -0.281095][0.148627 2.93678 0.0526745][-0.281095 0.0526745 0.960361]]
weight = 0.0106994 mean = [0.0189842 9.30239 3.88611] covariance = [[3.37113 0.160081 -0.150559][0.160081 1.35091 0.0290611][-0.150559 0.0290611 2.83037]]
weight = 0.0357389 mean = [3.86492 5.47579 -1.44698] covariance = [[2.16968 -0.0191784 -0.116579][-0.0191784 2.23157 0.0395407][-0.116579 0.0395407 0.979233]]
weight = 0.127115 mean = [4.80126 3.17163 2.23763] covariance = [[2.00308 -0.565852 -0.685254][-0.565852 3.96403 0.0821516][-0.685254 0.0821516 3.35232]]
weight = 0.144353 mean = [3.90061 -0.0323625 -0.741947] covariance = [[3.32651 0.342582 0.674494][0.342582 2.62029 -1.16049][0.674494 -1.16049 3.18283]]
weight = 0.0311105 mean = [1.12077 1.30445 1.32436] covariance = [[3.46162 0.0699829 -0.114689][0.0699829 1.87105 -0.816131][-0.114689 -0.816131 2.37558]]
weight = 0.0612234 mean = [-2.82201 4.07324 -1.69253] covariance = [[1.70978 -0.623654 -0.254766][-0.623654 1.79458 -0.112292][-0.254766 -0.112292 1.33869]]
weight = 0.0276144 mean = [5.8525 3.28938 5.4868] covariance = [[1.04577 0.148627 -0.281095][0.148627 2.93678 0.0526745][-0.281095 0.0526745 0.960361]]
weight = 0.0357389 mean = [4.60654 3.49697 -1.57747] covariance = [[2.16968 -0.0191784 -0.116579][-0.0191784 2.23157 0.0395407][-0.116579 0.0395407 0.979233]]
weight = 0.00845749 mean = [-7.79765 -1.24876 -1.09647] covariance = [[2.74189 -0.00651944 -0.287662][-0.00651944 2.30893 -0.374777][-0.287662 -0.374777 1.25613]]
weight = 0.0406246 mean = [-5.16363 -0.656407 3.50578] covariance = [[9.15141 0.206072 -0.392494][0.206072 3.0751 0.118609][-0.392494 0.118609 3.68353]]
weight = 0.0742271 mean = [-6.45177 3.94735 -0.0610584] covariance = [[3.06709 -0.767406 -1.00296][-0.767406 8.33482 -0.449455][-1.00296 -0.449455 3.585]]
weight = 0.0311105 mean = [1.72692 -0.0934015 3.21238] covariance = [[3.46162 0.0699829 -0.114689][0.0699829 1.87105 -0.816131][-0.114689 -0.816131 2.37558]]
weight = 0.00845749 mean = [-5.5122 -0.89324 -1.60692] covariance = [[2.74189 -0.00651944 -0.287662][-0.00651944 2.30893 -0.374777][-0.287662 -0.374777 1.25613]]
weight = 0.0845244 mean = [0.459349 5.19071 -0.550397] covariance = [[2.754 -1.90071 0.643429][-1.90071 6.29223 -0.737446][0.643429 -0.737446 2.04259]]
weight = 0.115384 mean = [1.13267 1.81072 -2.00477] covariance = [[2.47305 -0.542615 -0.830188][-0.542615 0.735314 0.109839][-0.830188 0.109839 1.20373]]
weight = 0.0397143 mean = [-12.6449 4.06819 0.990465] covariance = [[11.7412 1.06792 -5.05919][1.06792 15.5483 0.333852][-5.05919 0.333852 10.2122]]
weight = 0.0457794 mean = [-1.39248 -0.332031 -0.441064] covariance = [[2.87324 -0.966609 0.714945][-0.966609 2.83502 -0.900935][0.714945 -0.900935 2.93473]]
weight = 0.0398133 mean = [-2.33224 5.59013 2.21464] covariance = [[4.26974 -0.474664 -0.719647][-0.474664 2.65618 -0.460514][-0.719647 -0.460514 2.38629]]
]
2025-04-05 10:21:27 INFO  ren0 [PMMFocalGuidingIntegrator] Octree[
AABB: AABB3[min=[-21.7494, -3.70393, -3.09172], max=[7.19249, 11.2965, 6.96201]]
Nodes count: 538
]
2025-04-05 10:21:27 INFO  ren0 [PMMFocalGuidingIntegrator] Octree[
AABB: AABB3[min=[-21.7494, -3.70393, -3.09172], max=[7.19249, 11.2965, 6.96201]]
Nodes count: 375
]
2025-04-05 10:21:27 INFO  ren0 [PMMFocalGuidingIntegrator] Rendering 2 iteration
2025-04-05 10:21:27 INFO  ren0 [SamplingIntegrator] Starting render job (1280x720, 4 samples, 8 cores, SSE2 enabled) ..
2025-04-05 10:22:58 INFO  ren0 [PMMFocalGuidingIntegrator] iteration render time: 1.5297m
2025-04-05 10:22:58 INFO  ren0 [PMMFocalGuidingIntegrator] Got 89937 non-zero samples and 0 zero samples
2025-04-05 10:22:58 INFO  ren0 [gaussian_mixture_model.h:589] Start processing batch
2025-04-05 10:23:03 INFO  ren0 [gaussian_mixture_model.h:616] Finish E step
2025-04-05 10:23:08 INFO  ren0 [gaussian_mixture_model.h:205] components before the merge: 20
2025-04-05 10:23:08 INFO  ren0 [gaussian_mixture_model.h:224] components after the merge: 15, merged 5 component
2025-04-05 10:23:08 INFO  ren0 [gaussian_mixture_model.h:242] components after the split: 20, split 5 components
2025-04-05 10:23:08 INFO  ren0 [gaussian_mixture_model.h:628] Finish M step
2025-04-05 10:23:08 INFO  ren0 [octree.h:482] root weight: 8.161e+07 (81612304.000000)
2025-04-05 10:23:08 INFO  ren0 [octree.h:483] splitting threshold: 8.161e+04 (81612.304688)
2025-04-05 10:23:08 INFO  ren0 [octree.h:482] root weight: 8.572e+07 (85722704.000000)
2025-04-05 10:23:08 INFO  ren0 [octree.h:483] splitting threshold: 8.572e+04 (85722.710938)
2025-04-05 10:23:08 INFO  ren0 [octree.h:498] node count: 538 -> 559 -> 527

2025-04-05 10:23:08 INFO  ren0 [octree.h:498] node count: 375 -> 387 -> 372

2025-04-05 10:23:08 INFO  ren0 [PMMFocalGuidingIntegrator] diverge probability: 0.512

2025-04-05 10:23:08 INFO  ren0 [PMMFocalGuidingIntegrator] iteration postprocessing time: 10.0965s
2025-04-05 10:23:08 INFO  ren0 [PMMFocalGuidingIntegrator] GMM[
weight = 0.00991476 mean = [-2.46453 9.09351 4.46359] covariance = [[3.23599 0.170694 -0.138029][0.170694 1.33779 0.0900616][-0.138029 0.0900616 2.75453]]
weight = 0.0264177 mean = [5.75049 3.11772 5.51033] covariance = [[1.00148 0.0590083 -0.240865][0.0590083 2.48075 0.0626632][-0.240865 0.0626632 0.921201]]
weight = 0.00991476 mean = [0.0158189 9.28265 3.84828] covariance = [[3.23599 0.170694 -0.138029][0.170694 1.33779 0.0900616][-0.138029 0.0900616 2.75453]]
weight = 0.00790388 mean = [-7.63291 -0.959134 -1.19347] covariance = [[2.20688 -0.073709 -0.175316][-0.073709 2.45075 -0.324724][-0.175316 -0.324724 1.16342]]
weight = 0.123193 mean = [4.80056 3.13478 2.15752] covariance = [[1.9894 -0.486078 -0.566899][-0.486078 3.80321 0.0512628][-0.566899 0.0512628 3.31491]]
weight = 0.140441 mean = [3.86269 0.0311837 -0.77835] covariance = [[3.15748 0.187099 0.627832][0.187099 2.63287 -1.05508][0.627832 -1.05508 2.95384]]
weight = 0.0423805 mean = [-0.0544288 6.35921 -0.742732] covariance = [[2.32579 -0.634749 0.394582][-0.634749 3.54048 -0.207339][0.394582 -0.207339 1.97316]]
weight = 0.0628837 mean = [-2.79092 4.03206 -1.75859] covariance = [[1.7671 -0.659733 -0.226385][-0.659733 1.6711 -0.0951175][-0.226385 -0.0951175 1.28893]]
weight = 0.0264177 mean = [5.67451 0.891036 5.4328] covariance = [[1.00148 0.0590083 -0.240865][0.0590083 2.48075 0.0626632][-0.240865 0.0626632 0.921201]]
weight = 0.0688421 mean = [4.22149 4.31529 -1.50066] covariance = [[2.38326 -0.354373 -0.0961472][-0.354373 3.56049 0.0795533][-0.0961472 0.0795533 0.941072]]
weight = 0.0687206 mean = [0.526617 2.00044 -1.83561] covariance = [[1.21468 -0.279841 -0.233747][-0.279841 0.60447 -0.0335906][-0.233747 -0.0335906 0.815817]]
weight = 0.0390168 mean = [-5.00778 -0.613334 3.44236] covariance = [[9.51006 0.310991 -0.200428][0.310991 3.09915 -0.0637797][-0.200428 -0.0637797 3.68133]]
weight = 0.0738698 mean = [-6.39366 3.92687 -0.100359] covariance = [[3.2077 -0.668855 -0.906275][-0.668855 8.3841 -0.718664][-0.906275 -0.718664 3.52541]]
weight = 0.0608409 mean = [1.43527 0.626567 2.21339] covariance = [[3.74791 -0.120046 0.111426][-0.120046 2.72819 -1.80875][0.111426 -1.80875 3.54788]]
weight = 0.00790388 mean = [-5.55801 -0.823795 -1.57421] covariance = [[2.20688 -0.073709 -0.175316][-0.073709 2.45075 -0.324724][-0.175316 -0.324724 1.16342]]
weight = 0.0423805 mean = [1.09278 3.87387 -0.234007] covariance = [[2.32579 -0.634749 0.394582][-0.634749 3.54048 -0.207339][0.394582 -0.207339 1.97316]]
weight = 0.0687206 mean = [2.01685 1.49908 -2.40489] covariance = [[1.21468 -0.279841 -0.233747][-0.279841 0.60447 -0.0335906][-0.233747 -0.0335906 0.815817]]
weight = 0.0374746 mean = [-12.5934 4.06037 1.09991] covariance = [[11.9327 1.01346 -3.8524][1.01346 16.2685 0.21697][-3.8524 0.21697 8.47404]]
weight = 0.0444539 mean = [-1.51929 -0.250376 -0.405335] covariance = [[2.93878 -0.91886 0.526955][-0.91886 2.76427 -0.676787][0.526955 -0.676787 2.68852]]
weight = 0.0383093 mean = [-2.25848 5.53931 2.10061] covariance = [[4.47757 -0.503831 -0.741621][-0.503831 2.74127 -0.431508][-0.741621 -0.431508 2.48546]]
]
2025-04-05 10:23:08 INFO  ren0 [PMMFocalGuidingIntegrator] Octree[
AABB: AABB3[min=[-21.7494, -3.70393, -3.09172], max=[7.19249, 11.2965, 6.96201]]
Nodes count: 527
]
2025-04-05 10:23:08 INFO  ren0 [PMMFocalGuidingIntegrator] Octree[
AABB: AABB3[min=[-21.7494, -3.70393, -3.09172], max=[7.19249, 11.2965, 6.96201]]
Nodes count: 372
]
2025-04-05 10:23:08 INFO  ren0 [PMMFocalGuidingIntegrator] Rendering 3 iteration
2025-04-05 10:23:08 INFO  ren0 [SamplingIntegrator] Starting render job (1280x720, 4 samples, 8 cores, SSE2 enabled) ..
2025-04-05 10:24:47 INFO  ren0 [PMMFocalGuidingIntegrator] iteration render time: 1.6497m
2025-04-05 10:24:48 INFO  ren0 [PMMFocalGuidingIntegrator] Got 108066 non-zero samples and 0 zero samples
2025-04-05 10:24:48 INFO  ren0 [gaussian_mixture_model.h:589] Start processing batch
2025-04-05 10:24:52 INFO  ren0 [gaussian_mixture_model.h:616] Finish E step
2025-04-05 10:24:58 INFO  ren0 [gaussian_mixture_model.h:205] components before the merge: 20
2025-04-05 10:24:58 INFO  ren0 [gaussian_mixture_model.h:224] components after the merge: 14, merged 6 component
2025-04-05 10:24:58 INFO  ren0 [gaussian_mixture_model.h:242] components after the split: 19, split 5 components
2025-04-05 10:24:58 INFO  ren0 [gaussian_mixture_model.h:628] Finish M step
2025-04-05 10:24:58 INFO  ren0 [octree.h:482] root weight: 8.250e+07 (82501424.000000)
2025-04-05 10:24:58 INFO  ren0 [octree.h:483] splitting threshold: 8.250e+04 (82501.429688)
2025-04-05 10:24:58 INFO  ren0 [octree.h:482] root weight: 8.179e+07 (81794712.000000)
2025-04-05 10:24:58 INFO  ren0 [octree.h:483] splitting threshold: 8.179e+04 (81794.718750)
2025-04-05 10:24:58 INFO  ren0 [octree.h:498] node count: 527 -> 565 -> 546

2025-04-05 10:24:58 INFO  ren0 [octree.h:498] node count: 372 -> 385 -> 378

2025-04-05 10:24:58 INFO  ren0 [PMMFocalGuidingIntegrator] diverge probability: 0.498

2025-04-05 10:24:58 INFO  ren0 [PMMFocalGuidingIntegrator] iteration postprocessing time: 11.0011s
2025-04-05 10:24:58 INFO  ren0 [PMMFocalGuidingIntegrator] GMM[
weight = 0.00922314 mean = [-2.46407 9.07473 4.42297] covariance = [[3.08797 0.168392 -0.109421][0.168392 1.33148 0.134435][-0.109421 0.134435 2.70853]]
weight = 0.0249448 mean = [5.70123 3.04062 5.52117] covariance = [[0.979727 0.0294832 -0.211403][0.0294832 2.25272 0.0674339][-0.211403 0.0674339 0.89997]]
weight = 0.00922314 mean = [-0.0375291 9.25923 3.84738] covariance = [[3.08797 0.168392 -0.109421][0.168392 1.33148 0.134435][-0.109421 0.134435 2.70853]]
weight = 0.0334628 mean = [3.99615 5.15202 -1.46196] covariance = [[2.32084 0.0788623 -0.0508632][0.0788623 2.01192 0.0223316][-0.0508632 0.0223316 0.905373]]
weight = 0.119498 mean = [4.80463 3.10468 2.08619] covariance = [[1.97543 -0.431737 -0.489274][-0.431737 3.71474 0.0505486][-0.489274 0.0505486 3.27813]]
weight = 0.136901 mean = [3.86322 0.0748913 -0.782698] covariance = [[3.06028 0.0816398 0.595362][0.0816398 2.64498 -0.984843][0.595362 -0.984843 2.80195]]
weight = 0.0296893 mean = [1.63369 -0.111985 3.05534] covariance = [[3.89407 0.0810496 -0.155045][0.0810496 1.89131 -0.729314][-0.155045 -0.729314 2.16051]]
weight = 0.0652765 mean = [-2.76964 4.0052 -1.82248] covariance = [[1.78699 -0.696951 -0.175756][-0.696951 1.56911 -0.106188][-0.175756 -0.106188 1.22778]]
weight = 0.0249448 mean = [5.66886 0.918925 5.42074] covariance = [[0.979727 0.0294832 -0.211403][0.0294832 2.25272 0.0674339][-0.211403 0.0674339 0.89997]]
weight = 0.0334628 mean = [4.45528 3.20949 -1.52326] covariance = [[2.32084 0.0788623 -0.0508632][0.0788623 2.01192 0.0223316][-0.0508632 0.0223316 0.905373]]
weight = 0.0792326 mean = [0.757615 1.95551 -2.04278] covariance = [[0.940465 -0.237879 -0.132868][-0.237879 0.532472 -0.0548178][-0.132868 -0.0548178 0.699671]]
weight = 0.0374852 mean = [-4.91525 -0.589967 3.40349] covariance = [[9.69876 0.379483 -0.143692][0.379483 3.09877 -0.166028][-0.143692 -0.166028 3.67563]]
weight = 0.0726387 mean = [-6.32426 3.97282 -0.14619] covariance = [[3.33933 -0.543987 -0.849907][-0.543987 8.57564 -0.948175][-0.849907 -0.948175 3.47321]]
weight = 0.0296893 mean = [1.29005 1.37664 1.28044] covariance = [[3.89407 0.0810496 -0.155045][0.0810496 1.89131 -0.729314][-0.155045 -0.729314 2.16051]]
weight = 0.0147334 mean = [-6.53506 -0.744167 -1.42757] covariance = [[3.52953 -0.087734 -0.380583][-0.087734 2.5738 -0.317759][-0.380583 -0.317759 1.14959]]
weight = 0.0792326 mean = [2.06877 1.42089 -2.42739] covariance = [[0.940465 -0.237879 -0.132868][-0.237879 0.532472 -0.0548178][-0.132868 -0.0548178 0.699671]]
weight = 0.0357074 mean = [-12.5212 4.08029 1.14238] covariance = [[12.1973 0.899442 -3.24131][0.899442 16.578 0.141284][-3.24131 0.141284 7.76853]]
weight = 0.0443508 mean = [-1.61575 -0.177309 -0.389579] covariance = [[2.90214 -0.87187 0.408393][-0.87187 2.71082 -0.514497][0.408393 -0.514497 2.50748]]
weight = 0.120304 mean = [-0.319893 5.2198 0.315846] covariance = [[5.05639 -1.52025 -1.26954][-1.52025 4.78796 -0.367964][-1.26954 -0.367964 3.52421]]
]
2025-04-05 10:24:58 INFO  ren0 [PMMFocalGuidingIntegrator] Octree[
AABB: AABB3[min=[-21.7494, -3.70393, -3.09172], max=[7.19249, 11.2965, 6.96201]]
Nodes count: 546
]
2025-04-05 10:24:58 INFO  ren0 [PMMFocalGuidingIntegrator] Octree[
AABB: AABB3[min=[-21.7494, -3.70393, -3.09172], max=[7.19249, 11.2965, 6.96201]]
Nodes count: 378
]
2025-04-05 10:24:58 INFO  ren0 [PMMFocalGuidingIntegrator] Rendering 4 iteration
2025-04-05 10:24:58 INFO  ren0 [SamplingIntegrator] Starting render job (1280x720, 4 samples, 8 cores, SSE2 enabled) ..
2025-04-05 10:25:43 INFO  wrk7 [octree.h:260] No intersection found
2025-04-05 10:25:43 INFO  wrk7 [pmm_focal_guiding.cpp:751] Intersection was not found
2025-04-05 10:26:40 INFO  ren0 [PMMFocalGuidingIntegrator] iteration render time: 1.6912m
2025-04-05 10:26:40 INFO  ren0 [PMMFocalGuidingIntegrator] Got 128108 non-zero samples and 0 zero samples
2025-04-05 10:26:40 INFO  ren0 [gaussian_mixture_model.h:589] Start processing batch
2025-04-05 10:26:46 INFO  ren0 [gaussian_mixture_model.h:616] Finish E step
2025-04-05 10:26:53 INFO  ren0 [gaussian_mixture_model.h:205] components before the merge: 19
2025-04-05 10:26:53 INFO  ren0 [gaussian_mixture_model.h:224] components after the merge: 14, merged 5 component
2025-04-05 10:26:53 INFO  ren0 [gaussian_mixture_model.h:242] components after the split: 17, split 3 components
2025-04-05 10:26:53 INFO  ren0 [gaussian_mixture_model.h:628] Finish M step
2025-04-05 10:26:53 INFO  ren0 [octree.h:482] root weight: 8.847e+07 (88467384.000000)
2025-04-05 10:26:53 INFO  ren0 [octree.h:483] splitting threshold: 8.847e+04 (88467.390625)
2025-04-05 10:26:53 INFO  ren0 [octree.h:482] root weight: 8.221e+07 (82212656.000000)
2025-04-05 10:26:53 INFO  ren0 [octree.h:483] splitting threshold: 8.221e+04 (82212.656250)
2025-04-05 10:26:53 INFO  ren0 [octree.h:498] node count: 546 -> 582 -> 561

2025-04-05 10:26:53 INFO  ren0 [octree.h:498] node count: 378 -> 390 -> 373

2025-04-05 10:26:53 INFO  ren0 [PMMFocalGuidingIntegrator] diverge probability: 0.482

2025-04-05 10:26:53 INFO  ren0 [PMMFocalGuidingIntegrator] iteration postprocessing time: 13.0993s
2025-04-05 10:26:53 INFO  ren0 [PMMFocalGuidingIntegrator] GMM[
weight = 0.00846474 mean = [-2.45786 9.02724 4.45597] covariance = [[3.03027 0.19736 -0.123901][0.19736 1.35302 0.149609][-0.123901 0.149609 2.65455]]
weight = 0.0235528 mean = [5.66983 2.97713 5.52248] covariance = [[0.979867 0.0186829 -0.1981][0.0186829 2.10679 0.0625864][-0.1981 0.0625864 0.888422]]
weight = 0.00846474 mean = [-0.064266 9.24709 3.83687] covariance = [[3.03027 0.19736 -0.123901][0.19736 1.35302 0.149609][-0.123901 0.149609 2.65455]]
weight = 0.0905932 mean = [0.93207 1.91547 -2.20339] covariance = [[0.774684 -0.211842 -0.0862104][-0.211842 0.465782 -0.0563505][-0.0862104 -0.0563505 0.614869]]
weight = 0.115777 mean = [4.79334 3.09875 2.03254] covariance = [[1.96755 -0.397954 -0.410392][-0.397954 3.68954 0.0351523][-0.410392 0.0351523 3.24143]]
weight = 0.133132 mean = [3.85555 0.102884 -0.786256] covariance = [[3.00431 -0.00282577 0.557599][-0.00282577 2.65628 -0.92593][0.557599 -0.92593 2.68174]]
weight = 0.0672529 mean = [-2.7364 3.97188 -1.89181] covariance = [[1.84602 -0.757277 -0.124806][-0.757277 1.49608 -0.131675][-0.124806 -0.131675 1.14218]]
weight = 0.0235528 mean = [5.65389 0.925453 5.41996] covariance = [[0.979867 0.0186829 -0.1981][0.0186829 2.10679 0.0625864][-0.1981 0.0625864 0.888422]]
weight = 0.0644416 mean = [4.20445 4.06157 -1.4716] covariance = [[2.4466 -0.130147 -0.057511][-0.130147 3.09394 0.066881][-0.057511 0.066881 0.887851]]
weight = 0.0358469 mean = [-4.83947 -0.580776 3.39046] covariance = [[9.90156 0.351321 -0.0566071][0.351321 3.1381 -0.214379][-0.0566071 -0.214379 3.70891]]
weight = 0.0702519 mean = [-6.27743 3.98579 -0.161233] covariance = [[3.41926 -0.504509 -0.802799][-0.504509 8.53779 -1.08392][-0.802799 -1.08392 3.48545]]
weight = 0.057498 mean = [1.50639 0.630491 2.12469] covariance = [[4.04606 -0.0944676 0.0730075][-0.0944676 2.77007 -1.70107][0.0730075 -1.70107 3.23865]]
weight = 0.0138501 mean = [-6.49294 -0.64106 -1.45787] covariance = [[3.77546 -0.152631 -0.385063][-0.152631 2.65879 -0.305909][-0.385063 -0.305909 1.10456]]
weight = 0.0905932 mean = [2.11964 1.35961 -2.45941] covariance = [[0.774684 -0.211842 -0.0862104][-0.211842 0.465782 -0.0563505][-0.0862104 -0.0563505 0.614869]]
weight = 0.0339997 mean = [-12.4597 4.09465 1.19614] covariance = [[12.3732 0.700669 -2.77901][0.700669 16.6225 0.131762][-2.77901 0.131762 7.47163]]
weight = 0.0446249 mean = [-1.66398 -0.128405 -0.396909] covariance = [[2.82647 -0.809632 0.313778][-0.809632 2.66786 -0.418026][0.313778 -0.418026 2.34368]]
weight = 0.118104 mean = [-0.276488 5.21946 0.294195] covariance = [[5.17047 -1.52667 -1.17868][-1.52667 5.09089 -0.504596][-1.17868 -0.504596 3.42939]]
]
2025-04-05 10:26:53 INFO  ren0 [PMMFocalGuidingIntegrator] Octree[
AABB: AABB3[min=[-21.7494, -3.70393, -3.09172], max=[7.19249, 11.2965, 6.96201]]
Nodes count: 561
]
2025-04-05 10:26:53 INFO  ren0 [PMMFocalGuidingIntegrator] Octree[
AABB: AABB3[min=[-21.7494, -3.70393, -3.09172], max=[7.19249, 11.2965, 6.96201]]
Nodes count: 373
]
2025-04-05 10:26:53 INFO  ren0 [PMMFocalGuidingIntegrator] Rendering 5 iteration
2025-04-05 10:26:53 INFO  ren0 [SamplingIntegrator] Starting render job (1280x720, 4 samples, 8 cores, SSE2 enabled) ..
2025-04-05 10:27:05 INFO  wrk4 [octree.h:268] No intersection found
2025-04-05 10:27:05 INFO  wrk4 [pmm_focal_guiding.cpp:751] Intersection was not found
2025-04-05 10:27:19 INFO  wrk5 [octree.h:260] No intersection found
2025-04-05 10:27:19 INFO  wrk5 [pmm_focal_guiding.cpp:751] Intersection was not found
2025-04-05 10:28:20 INFO  ren0 [PMMFocalGuidingIntegrator] iteration render time: 1.4533m
2025-04-05 10:28:20 INFO  ren0 [PMMFocalGuidingIntegrator] Got 151945 non-zero samples and 0 zero samples
2025-04-05 10:28:20 INFO  ren0 [gaussian_mixture_model.h:589] Start processing batch
2025-04-05 10:28:26 INFO  ren0 [gaussian_mixture_model.h:616] Finish E step
2025-04-05 10:28:33 INFO  ren0 [gaussian_mixture_model.h:205] components before the merge: 17
2025-04-05 10:28:33 INFO  ren0 [gaussian_mixture_model.h:224] components after the merge: 14, merged 3 component
2025-04-05 10:28:33 INFO  ren0 [gaussian_mixture_model.h:242] components after the split: 19, split 5 components
2025-04-05 10:28:33 INFO  ren0 [gaussian_mixture_model.h:628] Finish M step
2025-04-05 10:28:33 INFO  ren0 [octree.h:482] root weight: 9.977e+07 (99769048.000000)
2025-04-05 10:28:33 INFO  ren0 [octree.h:483] splitting threshold: 9.977e+04 (99769.054688)
2025-04-05 10:28:33 INFO  ren0 [octree.h:482] root weight: 8.604e+07 (86043992.000000)
2025-04-05 10:28:33 INFO  ren0 [octree.h:483] splitting threshold: 8.604e+04 (86043.992188)
2025-04-05 10:28:33 INFO  ren0 [octree.h:498] node count: 561 -> 580 -> 564

2025-04-05 10:28:33 INFO  ren0 [octree.h:498] node count: 373 -> 379 -> 363

