2025-05-19 18:34:06 INFO  main [mitsuba.cpp:274] Mitsuba version 0.6.0 (Linux, 64 bit), Copyright (c) 2017 Wenzel Jakob
2025-05-19 18:34:06 INFO  main [mitsuba.cpp:377] Parsing scene description from "scene/dining-room/dining-room.xml" ..
2025-05-19 18:34:06 INFO  main [scenehandler.cpp:675] In file "/mitsuba/scene/dining-room/dining-room.xml" (near line 18): Parsing included file "pmm_focal_recursive.xml" ..
2025-05-19 18:34:06 INFO  main [PluginManager] Loading plugin "plugins/pmm_focal_recursive.so" ..
2025-05-19 18:34:06 INFO  main [octree.h:535] root weight: 8.000e-20 (0.000000)
2025-05-19 18:34:06 INFO  main [octree.h:536] splitting threshold: 8.000e-23 (0.000000)
2025-05-19 18:34:06 INFO  main [octree.h:551] node count: 1 -> 585 -> 585

2025-05-19 18:34:06 INFO  main [octree.h:535] root weight: 8.000e-20 (0.000000)
2025-05-19 18:34:06 INFO  main [octree.h:536] splitting threshold: 8.000e-23 (0.000000)
2025-05-19 18:34:06 INFO  main [octree.h:551] node count: 1 -> 585 -> 585

2025-05-19 18:34:06 INFO  main [MIFocalGuidingPathTracer] budget: 600
2025-05-19 18:34:06 INFO  main [MIFocalGuidingPathTracer] dumpPrimaryRays: false
2025-05-19 18:34:06 INFO  main [MIFocalGuidingPathTracer] dumpScene: false
2025-05-19 18:34:06 INFO  main [MIFocalGuidingPathTracer] gmm.alpha: 0.4
2025-05-19 18:34:06 INFO  main [MIFocalGuidingPathTracer] gmm.initMethod: KMeans
2025-05-19 18:34:06 INFO  main [MIFocalGuidingPathTracer] gmm.maxNumComp: 10
2025-05-19 18:34:06 INFO  main [MIFocalGuidingPathTracer] gmm.mergingThreshold: 0.65
2025-05-19 18:34:06 INFO  main [MIFocalGuidingPathTracer] gmm.minNumComp: 3
2025-05-19 18:34:06 INFO  main [MIFocalGuidingPathTracer] gmm.splittingThreshold: 100
2025-05-19 18:34:06 INFO  main [MIFocalGuidingPathTracer] iterationBudget: 10
2025-05-19 18:34:06 INFO  main [MIFocalGuidingPathTracer] iterationCount: 15
2025-05-19 18:34:06 INFO  main [MIFocalGuidingPathTracer] maxDepth: 40
2025-05-19 18:34:06 INFO  main [MIFocalGuidingPathTracer] minSamplesToStartFitting: 10
2025-05-19 18:34:06 INFO  main [MIFocalGuidingPathTracer] normalBinning: disabled
2025-05-19 18:34:06 INFO  main [MIFocalGuidingPathTracer] renderMaxSeconds: 36000
2025-05-19 18:34:06 INFO  main [MIFocalGuidingPathTracer] rrDepth: 14
2025-05-19 18:34:06 INFO  main [MIFocalGuidingPathTracer] samplingMode: 2
2025-05-19 18:34:06 INFO  main [MIFocalGuidingPathTracer] shouldPretrain: true
2025-05-19 18:34:06 INFO  main [MIFocalGuidingPathTracer] strictNormals: true
2025-05-19 18:34:06 INFO  main [MIFocalGuidingPathTracer] trainingSamples: 4
2025-05-19 18:34:06 INFO  main [MIFocalGuidingPathTracer] tree.threshold: 0.001
2025-05-19 18:34:06 INFO  main [MIFocalGuidingPathTracer] unboundedSplatting: true
2025-05-19 18:34:06 INFO  main [PluginManager] Loading plugin "plugins/independent.so" ..
2025-05-19 18:34:06 INFO  main [PluginManager] Loading plugin "plugins/box.so" ..
2025-05-19 18:34:06 INFO  main [PluginManager] Loading plugin "plugins/hdrfilm.so" ..
2025-05-19 18:34:06 INFO  main [PluginManager] Loading plugin "plugins/perspective.so" ..
2025-05-19 18:34:06 INFO  main [PluginManager] Loading plugin "plugins/roughplastic.so" ..
2025-05-19 18:34:06 INFO  main [PluginManager] Loading plugin "plugins/twosided.so" ..
2025-05-19 18:34:06 INFO  main [PluginManager] Loading plugin "plugins/roughconductor.so" ..
2025-05-19 18:34:06 INFO  main [spectrum.cpp:599] "Cu.eta.spd": loaded a spectral power distribution with 55 entries (between 302.400421 and 885.601257 nm)
2025-05-19 18:34:06 INFO  main [spectrum.cpp:599] "Cu.k.spd": loaded a spectral power distribution with 55 entries (between 302.400421 and 885.601257 nm)
2025-05-19 18:34:06 INFO  main [PluginManager] Loading plugin "plugins/diffuse.so" ..
2025-05-19 18:34:06 INFO  main [PluginManager] Loading plugin "plugins/bitmap.so" ..
2025-05-19 18:34:06 INFO  main [BitmapTexture] Loading texture "picture3.jpg"
2025-05-19 18:34:06 INFO  main [PluginManager] Loading plugin "plugins/lanczos.so" ..
2025-05-19 18:34:06 INFO  main [MIPMap] Generating MIP map cache file "/mitsuba/scene/dining-room/textures/picture3.mip" ..
2025-05-19 18:34:06 INFO  main [BitmapTexture] Loading texture "Tiles.jpg"
2025-05-19 18:34:06 INFO  main [spectrum.cpp:599] "Cu.eta.spd": loaded a spectral power distribution with 55 entries (between 302.400421 and 885.601257 nm)
2025-05-19 18:34:06 INFO  main [spectrum.cpp:599] "Cu.k.spd": loaded a spectral power distribution with 55 entries (between 302.400421 and 885.601257 nm)
2025-05-19 18:34:06 INFO  main [PluginManager] Loading plugin "plugins/conductor.so" ..
2025-05-19 18:34:06 INFO  main [spectrum.cpp:599] "Ir.eta.spd": loaded a spectral power distribution with 28 entries (between 302.389984 and 885.570984 nm)
2025-05-19 18:34:06 INFO  main [spectrum.cpp:599] "Ir.k.spd": loaded a spectral power distribution with 28 entries (between 302.389984 and 885.570984 nm)
2025-05-19 18:34:06 INFO  main [spectrum.cpp:599] "Cu.eta.spd": loaded a spectral power distribution with 55 entries (between 302.400421 and 885.601257 nm)
2025-05-19 18:34:06 INFO  main [spectrum.cpp:599] "Cu.k.spd": loaded a spectral power distribution with 55 entries (between 302.400421 and 885.601257 nm)
2025-05-19 18:34:06 INFO  main [BitmapTexture] Loading texture "Teacup.png"
2025-05-19 18:34:06 INFO  main [spectrum.cpp:599] "Cu.eta.spd": loaded a spectral power distribution with 55 entries (between 302.400421 and 885.601257 nm)
2025-05-19 18:34:06 INFO  main [spectrum.cpp:599] "Cu.k.spd": loaded a spectral power distribution with 55 entries (between 302.400421 and 885.601257 nm)
2025-05-19 18:34:06 INFO  main [PluginManager] Loading plugin "plugins/area.so" ..
2025-05-19 18:34:06 INFO  main [PluginManager] Loading plugin "plugins/disk.so" ..
2025-05-19 18:34:06 INFO  main [PluginManager] Loading plugin "plugins/ply.so" ..
2025-05-19 18:34:06 INFO  main [PLYLoader] Loading geometry from "parabol1.ply" ..
2025-05-19 18:34:06 INFO  main [PLYLoader] "parabol1": Loaded 25856 triangles, 13057 vertices (456.0 KiB in 4 ms).
2025-05-19 18:34:06 INFO  main [PLYLoader] Loading geometry from "parabol2.ply" ..
2025-05-19 18:34:06 INFO  main [PLYLoader] "parabol2": Loaded 25856 triangles, 13057 vertices (456.0 KiB in 3 ms).
2025-05-19 18:34:06 INFO  main [PluginManager] Loading plugin "plugins/obj.so" ..
2025-05-19 18:34:06 INFO  main [WavefrontOBJ] Loading geometry from "Mesh013.obj" ..
2025-05-19 18:34:06 INFO  main [WavefrontOBJ] Mesh013: 1056 triangles, 577 vertices (merged 2591 vertices).
2025-05-19 18:34:06 INFO  main [WavefrontOBJ] Done with "Mesh013.obj" (took 2 ms)
2025-05-19 18:34:06 INFO  main [WavefrontOBJ] Loading geometry from "Mesh016.obj" ..
2025-05-19 18:34:06 INFO  main [WavefrontOBJ] Mesh016: 384 triangles, 768 vertices (merged 384 vertices).
2025-05-19 18:34:06 INFO  main [WavefrontOBJ] Done with "Mesh016.obj" (took 2 ms)
2025-05-19 18:34:06 INFO  main [WavefrontOBJ] Loading geometry from "Mesh015.obj" ..
2025-05-19 18:34:06 INFO  main [WavefrontOBJ] Mesh015: 3136 triangles, 1680 vertices (merged 7728 vertices).
2025-05-19 18:34:06 INFO  main [WavefrontOBJ] Done with "Mesh015.obj" (took 7 ms)
2025-05-19 18:34:06 INFO  main [WavefrontOBJ] Loading geometry from "Mesh023.obj" ..
2025-05-19 18:34:06 INFO  main [WavefrontOBJ] Mesh023: 1056 triangles, 577 vertices (merged 2591 vertices).
2025-05-19 18:34:06 INFO  main [WavefrontOBJ] Done with "Mesh023.obj" (took 2 ms)
2025-05-19 18:34:06 INFO  main [WavefrontOBJ] Loading geometry from "Mesh020.obj" ..
2025-05-19 18:34:06 INFO  main [WavefrontOBJ] Mesh020: 384 triangles, 768 vertices (merged 384 vertices).
2025-05-19 18:34:06 INFO  main [WavefrontOBJ] Done with "Mesh020.obj" (took 2 ms)
2025-05-19 18:34:06 INFO  main [WavefrontOBJ] Loading geometry from "Mesh017.obj" ..
2025-05-19 18:34:06 INFO  main [WavefrontOBJ] Mesh017: 3136 triangles, 1680 vertices (merged 7728 vertices).
2025-05-19 18:34:06 INFO  main [WavefrontOBJ] Done with "Mesh017.obj" (took 7 ms)
2025-05-19 18:34:06 INFO  main [WavefrontOBJ] Loading geometry from "Mesh024.obj" ..
2025-05-19 18:34:06 INFO  main [WavefrontOBJ] Mesh024: 34 triangles, 68 vertices (merged 34 vertices).
2025-05-19 18:34:06 INFO  main [WavefrontOBJ] Done with "Mesh024.obj" (took 0 ms)
2025-05-19 18:34:06 INFO  main [WavefrontOBJ] Loading geometry from "Mesh041.obj" ..
2025-05-19 18:34:06 INFO  main [WavefrontOBJ] Mesh041: 8 triangles, 16 vertices (merged 8 vertices).
2025-05-19 18:34:06 INFO  main [WavefrontOBJ] Done with "Mesh041.obj" (took 0 ms)
2025-05-19 18:34:06 INFO  main [WavefrontOBJ] Loading geometry from "Mesh011.obj" ..
2025-05-19 18:34:06 INFO  main [WavefrontOBJ] Mesh011: 8992 triangles, 4544 vertices (merged 22432 vertices).
2025-05-19 18:34:06 INFO  main [WavefrontOBJ] Done with "Mesh011.obj" (took 19 ms)
2025-05-19 18:34:06 INFO  main [WavefrontOBJ] Loading geometry from "Mesh026.obj" ..
2025-05-19 18:34:06 INFO  main [WavefrontOBJ] Mesh026: 7624 triangles, 4070 vertices (merged 18802 vertices).
2025-05-19 18:34:06 INFO  main [WavefrontOBJ] Done with "Mesh026.obj" (took 17 ms)
2025-05-19 18:34:06 INFO  main [WavefrontOBJ] Loading geometry from "Mesh018.obj" ..
2025-05-19 18:34:06 INFO  main [WavefrontOBJ] Mesh018: 2016 triangles, 1260 vertices (merged 4788 vertices).
2025-05-19 18:34:06 INFO  main [WavefrontOBJ] Done with "Mesh018.obj" (took 4 ms)
2025-05-19 18:34:06 INFO  main [WavefrontOBJ] Loading geometry from "Mesh007.obj" ..
2025-05-19 18:34:06 INFO  main [WavefrontOBJ] Mesh007: 4352 triangles, 2178 vertices (merged 10878 vertices).
2025-05-19 18:34:06 INFO  main [WavefrontOBJ] Done with "Mesh007.obj" (took 10 ms)
2025-05-19 18:34:06 INFO  main [WavefrontOBJ] Loading geometry from "Mesh005.obj" ..
2025-05-19 18:34:06 INFO  main [WavefrontOBJ] Mesh005: 160 triangles, 144 vertices (merged 336 vertices).
2025-05-19 18:34:06 INFO  main [WavefrontOBJ] Done with "Mesh005.obj" (took 0 ms)
2025-05-19 18:34:06 INFO  main [WavefrontOBJ] Loading geometry from "Mesh019.obj" ..
2025-05-19 18:34:06 INFO  main [WavefrontOBJ] Mesh019: 560 triangles, 400 vertices (merged 1280 vertices).
2025-05-19 18:34:06 INFO  main [WavefrontOBJ] Done with "Mesh019.obj" (took 1 ms)
2025-05-19 18:34:06 INFO  main [WavefrontOBJ] Loading geometry from "Mesh021.obj" ..
2025-05-19 18:34:06 INFO  main [WavefrontOBJ] Mesh021: 720 triangles, 482 vertices (merged 1678 vertices).
2025-05-19 18:34:06 INFO  main [WavefrontOBJ] Done with "Mesh021.obj" (took 1 ms)
2025-05-19 18:34:06 INFO  main [WavefrontOBJ] Loading geometry from "Mesh037.obj" ..
2025-05-19 18:34:06 INFO  main [WavefrontOBJ] Mesh037: 7624 triangles, 4070 vertices (merged 18802 vertices).
2025-05-19 18:34:06 INFO  main [WavefrontOBJ] Done with "Mesh037.obj" (took 18 ms)
2025-05-19 18:34:06 INFO  main [WavefrontOBJ] Loading geometry from "Mesh004.obj" ..
2025-05-19 18:34:06 INFO  main [WavefrontOBJ] Mesh004: 2016 triangles, 1260 vertices (merged 4788 vertices).
2025-05-19 18:34:06 INFO  main [WavefrontOBJ] Done with "Mesh004.obj" (took 5 ms)
2025-05-19 18:34:06 INFO  main [WavefrontOBJ] Loading geometry from "Mesh014.obj" ..
2025-05-19 18:34:06 INFO  main [WavefrontOBJ] Mesh014: 160 triangles, 144 vertices (merged 336 vertices).
2025-05-19 18:34:06 INFO  main [WavefrontOBJ] Done with "Mesh014.obj" (took 0 ms)
2025-05-19 18:34:06 INFO  main [WavefrontOBJ] Loading geometry from "Mesh012.obj" ..
2025-05-19 18:34:06 INFO  main [WavefrontOBJ] Mesh012: 560 triangles, 400 vertices (merged 1280 vertices).
2025-05-19 18:34:06 INFO  main [WavefrontOBJ] Done with "Mesh012.obj" (took 1 ms)
2025-05-19 18:34:06 INFO  main [WavefrontOBJ] Loading geometry from "Mesh028.obj" ..
2025-05-19 18:34:06 INFO  main [WavefrontOBJ] Mesh028: 720 triangles, 482 vertices (merged 1678 vertices).
2025-05-19 18:34:06 INFO  main [WavefrontOBJ] Done with "Mesh028.obj" (took 2 ms)
2025-05-19 18:34:06 INFO  main [WavefrontOBJ] Loading geometry from "Mesh025.obj" ..
2025-05-19 18:34:06 INFO  main [WavefrontOBJ] Mesh025: 4352 triangles, 2178 vertices (merged 10878 vertices).
2025-05-19 18:34:06 INFO  main [WavefrontOBJ] Done with "Mesh025.obj" (took 10 ms)
2025-05-19 18:34:06 INFO  main [WavefrontOBJ] Loading geometry from "Mesh008.obj" ..
2025-05-19 18:34:06 INFO  main [WavefrontOBJ] Mesh008: 6320 triangles, 3270 vertices (merged 15690 vertices).
2025-05-19 18:34:06 INFO  main [WavefrontOBJ] Done with "Mesh008.obj" (took 14 ms)
2025-05-19 18:34:06 INFO  main [WavefrontOBJ] Loading geometry from "Mesh032.obj" ..
2025-05-19 18:34:06 INFO  main [WavefrontOBJ] Mesh032: 13248 triangles, 6686 vertices (merged 33058 vertices).
2025-05-19 18:34:06 INFO  main [WavefrontOBJ] Done with "Mesh032.obj" (took 30 ms)
2025-05-19 18:34:06 INFO  main [WavefrontOBJ] Loading geometry from "Mesh035.obj" ..
2025-05-19 18:34:06 INFO  main [WavefrontOBJ] Mesh035: 14480 triangles, 7404 vertices (merged 36036 vertices).
2025-05-19 18:34:06 INFO  main [WavefrontOBJ] Done with "Mesh035.obj" (took 32 ms)
2025-05-19 18:34:06 INFO  main [WavefrontOBJ] Loading geometry from "Mesh042.obj" ..
2025-05-19 18:34:06 INFO  main [WavefrontOBJ] Mesh042: 2320 triangles, 1492 vertices (merged 5468 vertices).
2025-05-19 18:34:06 INFO  main [WavefrontOBJ] Done with "Mesh042.obj" (took 6 ms)
2025-05-19 18:34:06 INFO  main [WavefrontOBJ] Loading geometry from "Mesh010.obj" ..
2025-05-19 18:34:06 INFO  main [WavefrontOBJ] Mesh010: 13248 triangles, 6686 vertices (merged 33058 vertices).
2025-05-19 18:34:06 INFO  main [WavefrontOBJ] Done with "Mesh010.obj" (took 29 ms)
2025-05-19 18:34:06 INFO  main [WavefrontOBJ] Loading geometry from "Mesh036.obj" ..
2025-05-19 18:34:06 INFO  main [WavefrontOBJ] Mesh036: 14480 triangles, 7404 vertices (merged 36036 vertices).
2025-05-19 18:34:06 INFO  main [WavefrontOBJ] Done with "Mesh036.obj" (took 33 ms)
2025-05-19 18:34:06 INFO  main [WavefrontOBJ] Loading geometry from "Mesh027.obj" ..
2025-05-19 18:34:06 INFO  main [WavefrontOBJ] Mesh027: 2320 triangles, 1492 vertices (merged 5468 vertices).
2025-05-19 18:34:06 INFO  main [WavefrontOBJ] Done with "Mesh027.obj" (took 5 ms)
2025-05-19 18:34:06 INFO  main [WavefrontOBJ] Loading geometry from "Mesh043.obj" ..
2025-05-19 18:34:06 INFO  main [WavefrontOBJ] Mesh043: 13248 triangles, 6686 vertices (merged 33058 vertices).
2025-05-19 18:34:06 INFO  main [WavefrontOBJ] Done with "Mesh043.obj" (took 30 ms)
2025-05-19 18:34:06 INFO  main [WavefrontOBJ] Loading geometry from "Mesh044.obj" ..
2025-05-19 18:34:06 INFO  main [WavefrontOBJ] Mesh044: 14480 triangles, 7404 vertices (merged 36036 vertices).
2025-05-19 18:34:06 INFO  main [WavefrontOBJ] Done with "Mesh044.obj" (took 32 ms)
2025-05-19 18:34:06 INFO  main [WavefrontOBJ] Loading geometry from "Mesh031.obj" ..
2025-05-19 18:34:06 INFO  main [WavefrontOBJ] Mesh031: 2320 triangles, 1492 vertices (merged 5468 vertices).
2025-05-19 18:34:06 INFO  main [WavefrontOBJ] Done with "Mesh031.obj" (took 5 ms)
2025-05-19 18:34:06 INFO  main [WavefrontOBJ] Loading geometry from "Mesh022.obj" ..
2025-05-19 18:34:06 INFO  main [WavefrontOBJ] Mesh022: 13248 triangles, 6686 vertices (merged 33058 vertices).
2025-05-19 18:34:06 INFO  main [WavefrontOBJ] Done with "Mesh022.obj" (took 29 ms)
2025-05-19 18:34:06 INFO  main [WavefrontOBJ] Loading geometry from "Mesh038.obj" ..
2025-05-19 18:34:06 INFO  main [WavefrontOBJ] Mesh038: 14480 triangles, 7404 vertices (merged 36036 vertices).
2025-05-19 18:34:06 INFO  main [WavefrontOBJ] Done with "Mesh038.obj" (took 32 ms)
2025-05-19 18:34:06 INFO  main [WavefrontOBJ] Loading geometry from "Mesh030.obj" ..
2025-05-19 18:34:06 INFO  main [WavefrontOBJ] Mesh030: 2320 triangles, 1492 vertices (merged 5468 vertices).
2025-05-19 18:34:06 INFO  main [WavefrontOBJ] Done with "Mesh030.obj" (took 6 ms)
2025-05-19 18:34:06 INFO  main [WavefrontOBJ] Loading geometry from "Mesh046.obj" ..
2025-05-19 18:34:06 INFO  main [WavefrontOBJ] Mesh046: 13248 triangles, 6686 vertices (merged 33058 vertices).
2025-05-19 18:34:06 INFO  main [WavefrontOBJ] Done with "Mesh046.obj" (took 29 ms)
2025-05-19 18:34:06 INFO  main [WavefrontOBJ] Loading geometry from "Mesh047.obj" ..
2025-05-19 18:34:06 INFO  main [WavefrontOBJ] Mesh047: 14480 triangles, 7404 vertices (merged 36036 vertices).
2025-05-19 18:34:06 INFO  main [WavefrontOBJ] Done with "Mesh047.obj" (took 32 ms)
2025-05-19 18:34:06 INFO  main [WavefrontOBJ] Loading geometry from "Mesh034.obj" ..
2025-05-19 18:34:06 INFO  main [WavefrontOBJ] Mesh034: 2320 triangles, 1492 vertices (merged 5468 vertices).
2025-05-19 18:34:06 INFO  main [WavefrontOBJ] Done with "Mesh034.obj" (took 5 ms)
2025-05-19 18:34:06 INFO  main [WavefrontOBJ] Loading geometry from "Mesh033.obj" ..
2025-05-19 18:34:06 INFO  main [WavefrontOBJ] Mesh033: 44 triangles, 96 vertices (merged 36 vertices).
2025-05-19 18:34:06 INFO  main [WavefrontOBJ] Done with "Mesh033.obj" (took 0 ms)
2025-05-19 18:34:06 INFO  main [WavefrontOBJ] Loading geometry from "Mesh006.obj" ..
2025-05-19 18:34:06 INFO  main [WavefrontOBJ] Mesh006: 4 triangles, 6 vertices (merged 6 vertices).
2025-05-19 18:34:06 INFO  main [WavefrontOBJ] Done with "Mesh006.obj" (took 0 ms)
2025-05-19 18:34:06 INFO  main [WavefrontOBJ] Loading geometry from "Mesh048.obj" ..
2025-05-19 18:34:06 INFO  main [WavefrontOBJ] Mesh048: 30 triangles, 38 vertices (merged 52 vertices).
2025-05-19 18:34:06 INFO  main [WavefrontOBJ] Done with "Mesh048.obj" (took 0 ms)
2025-05-19 18:34:06 INFO  main [WavefrontOBJ] Loading geometry from "Mesh049.obj" ..
2025-05-19 18:34:06 INFO  main [WavefrontOBJ] Mesh049: 13248 triangles, 6686 vertices (merged 33058 vertices).
2025-05-19 18:34:06 INFO  main [WavefrontOBJ] Done with "Mesh049.obj" (took 30 ms)
2025-05-19 18:34:06 INFO  main [WavefrontOBJ] Loading geometry from "Mesh051.obj" ..
2025-05-19 18:34:06 INFO  main [WavefrontOBJ] Mesh051: 14480 triangles, 7404 vertices (merged 36036 vertices).
2025-05-19 18:34:06 INFO  main [WavefrontOBJ] Done with "Mesh051.obj" (took 32 ms)
2025-05-19 18:34:06 INFO  main [WavefrontOBJ] Loading geometry from "Mesh040.obj" ..
2025-05-19 18:34:06 INFO  main [WavefrontOBJ] Mesh040: 2320 triangles, 1492 vertices (merged 5468 vertices).
2025-05-19 18:34:06 INFO  main [WavefrontOBJ] Done with "Mesh040.obj" (took 5 ms)
2025-05-19 18:34:06 INFO  main [WavefrontOBJ] Loading geometry from "Mesh003.obj" ..
2025-05-19 18:34:06 INFO  main [WavefrontOBJ] Mesh003: 18176 triangles, 9150 vertices (merged 45378 vertices).
2025-05-19 18:34:06 INFO  main [WavefrontOBJ] Done with "Mesh003.obj" (took 42 ms)
2025-05-19 18:34:06 INFO  main [WavefrontOBJ] Loading geometry from "Mesh002.obj" ..
2025-05-19 18:34:06 INFO  main [WavefrontOBJ] Mesh002: 7624 triangles, 4070 vertices (merged 18802 vertices).
2025-05-19 18:34:06 INFO  main [WavefrontOBJ] Done with "Mesh002.obj" (took 17 ms)
2025-05-19 18:34:06 INFO  main [WavefrontOBJ] Loading geometry from "Mesh009.obj" ..
2025-05-19 18:34:06 INFO  main [WavefrontOBJ] Mesh009: 2016 triangles, 1260 vertices (merged 4788 vertices).
2025-05-19 18:34:06 INFO  main [WavefrontOBJ] Done with "Mesh009.obj" (took 5 ms)
2025-05-19 18:34:06 INFO  main [WavefrontOBJ] Loading geometry from "Mesh045.obj" ..
2025-05-19 18:34:06 INFO  main [WavefrontOBJ] Mesh045: 4352 triangles, 2178 vertices (merged 10878 vertices).
2025-05-19 18:34:06 INFO  main [WavefrontOBJ] Done with "Mesh045.obj" (took 9 ms)
2025-05-19 18:34:06 INFO  main [WavefrontOBJ] Loading geometry from "Mesh029.obj" ..
2025-05-19 18:34:06 INFO  main [WavefrontOBJ] Mesh029: 160 triangles, 144 vertices (merged 336 vertices).
2025-05-19 18:34:06 INFO  main [WavefrontOBJ] Done with "Mesh029.obj" (took 0 ms)
2025-05-19 18:34:06 INFO  main [WavefrontOBJ] Loading geometry from "Mesh039.obj" ..
2025-05-19 18:34:06 INFO  main [WavefrontOBJ] Mesh039: 560 triangles, 400 vertices (merged 1280 vertices).
2025-05-19 18:34:06 INFO  main [WavefrontOBJ] Done with "Mesh039.obj" (took 1 ms)
2025-05-19 18:34:06 INFO  main [WavefrontOBJ] Loading geometry from "Mesh050.obj" ..
2025-05-19 18:34:06 INFO  main [WavefrontOBJ] Mesh050: 720 triangles, 482 vertices (merged 1678 vertices).
2025-05-19 18:34:06 INFO  main [WavefrontOBJ] Done with "Mesh050.obj" (took 1 ms)
2025-05-19 18:34:06 INFO  main [WavefrontOBJ] Loading geometry from "Mesh001.obj" ..
2025-05-19 18:34:06 INFO  main [WavefrontOBJ] Mesh001: 170 triangles, 340 vertices (merged 170 vertices).
2025-05-19 18:34:06 INFO  main [WavefrontOBJ] Done with "Mesh001.obj" (took 1 ms)
2025-05-19 18:34:06 INFO  main [WavefrontOBJ] Loading geometry from "Mesh000.obj" ..
2025-05-19 18:34:06 INFO  main [WavefrontOBJ] Mesh000: 22 triangles, 44 vertices (merged 22 vertices).
2025-05-19 18:34:06 INFO  main [WavefrontOBJ] Done with "Mesh000.obj" (took 0 ms)
2025-05-19 18:34:06 INFO  main [PluginManager] Loading plugin "plugins/rectangle.so" ..
2025-05-19 18:34:06 INFO  ren0 [KDTreeBase] Constructing a SAH kd-tree (321251 primitives) ..
2025-05-19 18:34:07 INFO  ren0 [KDTreeBase] Finished -- took 636 ms.
2025-05-19 18:34:07 INFO  ren0 [octree.h:535] root weight: 8.000e-20 (0.000000)
2025-05-19 18:34:07 INFO  ren0 [octree.h:536] splitting threshold: 8.000e-23 (0.000000)
2025-05-19 18:34:07 INFO  ren0 [octree.h:551] node count: 1 -> 585 -> 585

2025-05-19 18:34:07 INFO  ren0 [octree.h:535] root weight: 4.096e-17 (0.000000)
2025-05-19 18:34:07 INFO  ren0 [octree.h:536] splitting threshold: 4.096e-20 (0.000000)
2025-05-19 18:34:07 INFO  ren0 [octree.h:551] node count: 585 -> 585 -> 585

2025-05-19 18:34:07 INFO  ren0 [octree.h:535] root weight: 8.000e-20 (0.000000)
2025-05-19 18:34:07 INFO  ren0 [octree.h:536] splitting threshold: 8.000e-23 (0.000000)
2025-05-19 18:34:07 INFO  ren0 [octree.h:551] node count: 1 -> 585 -> 585

2025-05-19 18:34:07 INFO  ren0 [octree.h:535] root weight: 8.000e-20 (0.000000)
2025-05-19 18:34:07 INFO  ren0 [octree.h:536] splitting threshold: 8.000e-23 (0.000000)
2025-05-19 18:34:07 INFO  ren0 [octree.h:551] node count: 1 -> 585 -> 585

2025-05-19 18:34:07 INFO  ren0 [octree.h:535] root weight: 4.096e-17 (0.000000)
2025-05-19 18:34:07 INFO  ren0 [octree.h:536] splitting threshold: 4.096e-20 (0.000000)
2025-05-19 18:34:07 INFO  ren0 [octree.h:551] node count: 585 -> 585 -> 585

2025-05-19 18:34:07 INFO  ren0 [octree.h:535] root weight: 8.000e-20 (0.000000)
2025-05-19 18:34:07 INFO  ren0 [octree.h:536] splitting threshold: 8.000e-23 (0.000000)
2025-05-19 18:34:07 INFO  ren0 [octree.h:551] node count: 1 -> 585 -> 585

2025-05-19 18:34:07 INFO  ren0 [MIFocalGuidingPathTracer] AABB3[min=[-6.3658, -1.5274, -4.73046], max=[5.27597, 8.04131, 10.0598]]
2025-05-19 18:34:07 INFO  ren0 [MIFocalGuidingPathTracer] Starting render job (1280x720, 12 cores, SSE2 enabled) ..
2025-05-19 18:34:07 INFO  ren0 [MIFocalGuidingPathTracer] ITERATION 0, until 10.0 seconds
2025-05-19 18:34:19 INFO  ren0 [MIFocalGuidingPathTracer]   12.32 seconds elapsed, passes this iteration: 5, total passes: 5
2025-05-19 18:34:19 INFO  ren0 [MIFocalGuidingPathTracer] Got 1633316 non-zero samples
2025-05-19 18:34:20 INFO  ren0 [gaussian_mixture_model.h:811] Processing mega batch of size 1633316
2025-05-19 18:34:20 INFO  ren0 [gaussian_mixture_model.h:550] KMeans
2025-05-19 18:34:21 INFO  ren0 [MIFocalGuidingPathTracer] GMM[
weight = 0.042652 mean = [-1.16826 1.70184 0.499359] covariance = [[4.75479 -0.134628 -3.40832][-0.134628 2.0338 0.428045][-3.40832 0.428045 4.21427]]
weight = 0.0170767 mean = [-4.78636 2.21129 6.28392] covariance = [[2.75288e-05 1.30612e-06 9.27283e-07][1.30612e-06 2.93083e-05 -2.78349e-07][9.27283e-07 -2.78349e-07 2.64748e-05]]
weight = 0.395964 mean = [0.511884 2.95201 0.881759] covariance = [[10.3452 2.79793 -2.1776][2.79793 4.70865 2.05997][-2.1776 2.05997 11.4615]]
weight = 0.042652 mean = [1.74464 1.43909 -2.20333] covariance = [[4.75479 -0.134628 -3.40832][-0.134628 2.0338 0.428045][-3.40832 0.428045 4.21427]]
weight = 0.0536556 mean = [-2.92035 0.968436 7.46015] covariance = [[0.757235 -0.50438 0.477336][-0.50438 0.336 -0.31796][0.477336 -0.31796 0.300927]]
weight = 0.395964 mean = [-2.5925 0.62879 -1.63169] covariance = [[10.3452 2.79793 -2.1776][2.79793 4.70865 2.05997][-2.1776 2.05997 11.4615]]
weight = 0.0161289 mean = [4.01694 1.07309 -3.68377] covariance = [[0.00704557 0.000212709 -0.00418217][0.000212709 9.8048e-05 -0.000166919][-0.00418217 -0.000166919 0.00270258]]
weight = 0.0359064 mean = [-4.29138 -0.709762 7.94319] covariance = [[0.0158447 0.0203086 0.0071226][0.0203086 0.0260577 0.00913597][0.0071226 0.00913597 0.00321609]]
]
2025-05-19 18:34:21 INFO  ren0 [octree.h:535] root weight: 5.035e+05 (503464.437500)
2025-05-19 18:34:21 INFO  ren0 [octree.h:536] splitting threshold: 5.035e+02 (503.464447)
2025-05-19 18:34:21 INFO  ren0 [octree.h:535] root weight: 9.412e+04 (94115.398438)
2025-05-19 18:34:21 INFO  ren0 [octree.h:536] splitting threshold: 9.412e+01 (94.115402)
2025-05-19 18:34:21 INFO  ren0 [octree.h:551] node count: 585 -> 947 -> 704

2025-05-19 18:34:21 INFO  ren0 [octree.h:551] node count: 585 -> 651 -> 613

2025-05-19 18:34:21 INFO  ren0 [MIFocalGuidingPathTracer] ITERATION 1, until 20.0 seconds
2025-05-19 18:34:39 INFO  ren0 [MIFocalGuidingPathTracer]   31.40 seconds elapsed, passes this iteration: 1, total passes: 6
2025-05-19 18:34:39 INFO  ren0 [MIFocalGuidingPathTracer] Got 77382 non-zero samples
2025-05-19 18:34:39 INFO  ren0 [gaussian_mixture_model.h:811] Processing mega batch of size 77382
2025-05-19 18:34:39 INFO  ren0 [MIFocalGuidingPathTracer] GMM[
weight = 0.00101275 mean = [0.585964 2.36793 -1.40744] covariance = [[4.53546 -0.163395 -3.32384][-0.163395 2.5738 -0.353522][-3.32384 -0.353522 4.74271]]
weight = 0.00839498 mean = [-4.78504 2.21369 6.28407] covariance = [[3.40452e-05 -5.01546e-06 5.11233e-07][-5.01546e-06 2.78367e-05 -1.03334e-06][5.11233e-07 -1.03334e-06 3.64251e-05]]
weight = 0.00101275 mean = [-2.18748 2.26389 1.46198] covariance = [[4.53546 -0.163395 -3.32384][-0.163395 2.5738 -0.353522][-3.32384 -0.353522 4.74271]]
weight = 0.0841348 mean = [0.391829 1.59113 -0.964166] covariance = [[8.92233 -0.512039 -7.28969][-0.512039 2.11559 0.698397][-7.28969 0.698397 7.85988]]
weight = 0.00839498 mean = [-4.78768 2.2089 6.28376] covariance = [[3.40452e-05 -5.01546e-06 5.11233e-07][-5.01546e-06 2.78367e-05 -1.03334e-06][5.11233e-07 -1.03334e-06 3.64251e-05]]
weight = 0.848179 mean = [-1.02127 1.95495 -0.435564] covariance = [[14.6214 5.82034 1.68331][5.82034 7.18994 4.17456][1.68331 4.17456 15.1731]]
weight = 0.0151479 mean = [4.01694 1.07309 -3.68377] covariance = [[0.0070457 0.000212735 -0.00418227][0.000212735 9.8056e-05 -0.000166945][-0.00418227 -0.000166945 0.00270267]]
weight = 0.0337223 mean = [-4.29138 -0.709762 7.94319] covariance = [[0.0158441 0.0203085 0.00712378][0.0203085 0.0260577 0.00913617][0.00712378 0.00913617 0.0032139]]
]
2025-05-19 18:34:39 INFO  ren0 [octree.h:535] root weight: 2.518e+05 (251823.593750)
2025-05-19 18:34:39 INFO  ren0 [octree.h:536] splitting threshold: 2.518e+02 (251.823608)
2025-05-19 18:34:39 INFO  ren0 [octree.h:535] root weight: 4.682e+04 (46815.140625)
2025-05-19 18:34:39 INFO  ren0 [octree.h:536] splitting threshold: 4.682e+01 (46.815144)
2025-05-19 18:34:39 INFO  ren0 [octree.h:551] node count: 704 -> 704 -> 704

2025-05-19 18:34:39 INFO  ren0 [octree.h:551] node count: 613 -> 613 -> 613

2025-05-19 18:34:39 INFO  ren0 [MIFocalGuidingPathTracer] ITERATION 2, until 30.0 seconds
2025-05-19 18:34:56 INFO  ren0 [MIFocalGuidingPathTracer]   48.44 seconds elapsed, passes this iteration: 1, total passes: 7
2025-05-19 18:34:56 INFO  ren0 [MIFocalGuidingPathTracer] Got 78971 non-zero samples
2025-05-19 18:34:56 INFO  ren0 [gaussian_mixture_model.h:811] Processing mega batch of size 78971
2025-05-19 18:34:56 INFO  ren0 [MIFocalGuidingPathTracer] GMM[
weight = 0.00832509 mean = [-4.78768 2.2089 6.28376] covariance = [[3.40452e-05 -5.01546e-06 5.11233e-07][-5.01546e-06 2.78367e-05 -1.03334e-06][5.11233e-07 -1.03334e-06 3.64251e-05]]
weight = 0.951145 mean = [-1.10812 1.93125 -0.378344] covariance = [[14.2806 4.24989 0.268747][4.24989 6.20402 3.3644][0.268747 3.3644 12.8682]]
weight = 0.0125641 mean = [4.01695 1.07309 -3.68378] covariance = [[0.00704845 0.000213348 -0.00418337][0.000213348 9.82022e-05 -0.000167214][-0.00418337 -0.000167214 0.00270325]]
weight = 0.0279661 mean = [-4.29138 -0.709763 7.94319] covariance = [[0.0158434 0.0203083 0.00712479][0.0203083 0.0260576 0.00913631][0.00712479 0.00913631 0.00321197]]
]
2025-05-19 18:34:56 INFO  ren0 [octree.h:535] root weight: 1.274e+05 (127436.835938)
2025-05-19 18:34:56 INFO  ren0 [octree.h:536] splitting threshold: 1.274e+02 (127.436844)
2025-05-19 18:34:56 INFO  ren0 [octree.h:535] root weight: 2.381e+04 (23807.482422)
2025-05-19 18:34:56 INFO  ren0 [octree.h:536] splitting threshold: 2.381e+01 (23.807484)
2025-05-19 18:34:56 INFO  ren0 [octree.h:551] node count: 704 -> 705 -> 704

2025-05-19 18:34:56 INFO  ren0 [octree.h:551] node count: 613 -> 614 -> 614

2025-05-19 18:34:56 INFO  ren0 [MIFocalGuidingPathTracer] ITERATION 3, until 40.0 seconds
2025-05-19 18:35:05 INFO  ren0 [MIFocalGuidingPathTracer]   58.36 seconds elapsed, passes this iteration: 1, total passes: 8
2025-05-19 18:35:05 INFO  ren0 [MIFocalGuidingPathTracer] Got 81876 non-zero samples
2025-05-19 18:35:05 INFO  ren0 [gaussian_mixture_model.h:811] Processing mega batch of size 81876
2025-05-19 18:35:06 INFO  ren0 [MIFocalGuidingPathTracer] GMM[
weight = 0.478784 mean = [0.363409 2.97312 0.706534] covariance = [[9.34225 1.68019 -2.11221][1.68019 4.63018 1.43867][-2.11221 1.43867 10.7571]]
weight = 0.0065768 mean = [3.97511 1.07171 -3.65835] covariance = [[0.00355667 9.72671e-05 -0.00205569][9.72671e-05 0.000104368 -9.66994e-05][-0.00205569 -9.66994e-05 0.00142051]]
weight = 0.0146396 mean = [-4.35431 -0.790465 7.91488] covariance = [[0.00793431 0.0101515 0.00356251][0.0101515 0.0130405 0.00456695][0.00356251 0.00456695 0.00161855]]
weight = 0.478784 mean = [-2.75717 1.05338 -1.40703] covariance = [[9.34225 1.68019 -2.11221][1.68019 4.63018 1.43867][-2.11221 1.43867 10.7571]]
weight = 0.0065768 mean = [4.0588 1.07448 -3.70921] covariance = [[0.00355667 9.72671e-05 -0.00205569][9.72671e-05 0.000104368 -9.66994e-05][-0.00205569 -9.66994e-05 0.00142051]]
weight = 0.0146396 mean = [-4.22846 -0.629058 7.9715] covariance = [[0.00793431 0.0101515 0.00356251][0.0101515 0.0130405 0.00456695][0.00356251 0.00456695 0.00161855]]
]
2025-05-19 18:35:06 INFO  ren0 [octree.h:535] root weight: 6.473e+04 (64734.726562)
2025-05-19 18:35:06 INFO  ren0 [octree.h:536] splitting threshold: 6.473e+01 (64.734726)
2025-05-19 18:35:06 INFO  ren0 [octree.h:535] root weight: 1.233e+04 (12325.537109)
2025-05-19 18:35:06 INFO  ren0 [octree.h:536] splitting threshold: 1.233e+01 (12.325538)
2025-05-19 18:35:06 INFO  ren0 [octree.h:551] node count: 704 -> 705 -> 704

2025-05-19 18:35:06 INFO  ren0 [octree.h:551] node count: 614 -> 616 -> 615

2025-05-19 18:35:06 INFO  ren0 [MIFocalGuidingPathTracer] ITERATION 4, until 50.0 seconds
2025-05-19 18:35:20 INFO  ren0 [MIFocalGuidingPathTracer]   72.40 seconds elapsed, passes this iteration: 1, total passes: 9
2025-05-19 18:35:20 INFO  ren0 [MIFocalGuidingPathTracer] Got 91331 non-zero samples
2025-05-19 18:35:20 INFO  ren0 [gaussian_mixture_model.h:811] Processing mega batch of size 91331
2025-05-19 18:35:20 INFO  ren0 [gaussian_mixture_model.h:550] KMeans
2025-05-19 18:35:20 INFO  ren0 [MIFocalGuidingPathTracer] GMM[
weight = 0.161838 mean = [-5.59485 3.23957 -2.49663] covariance = [[0.564635 0.258161 -0.624098][0.258161 0.589705 -0.221369][-0.624098 -0.221369 1.17788]]
weight = 0.207965 mean = [-3.68056 -0.125834 7.71864] covariance = [[7.96404 -0.489156 -4.79346][-0.489156 0.535536 0.504217][-4.79346 0.504217 4.80366]]
weight = 0.0620916 mean = [-0.545022 5.08325 5.62038] covariance = [[8.67615 0.744728 0.0446488][0.744728 2.1502 -0.794176][0.0446488 -0.794176 6.23886]]
weight = 0.0697105 mean = [-2.52562 6.1843 1.66653] covariance = [[3.01286 -0.777432 -1.79247][-0.777432 1.36702 0.697992][-1.79247 0.697992 3.287]]
weight = 0.120389 mean = [-2.24018 1.99692 -3.31557] covariance = [[4.28799 1.61441 -0.590827][1.61441 2.68691 -0.760578][-0.590827 -0.760578 1.7185]]
weight = 0.0903704 mean = [1.95216 3.6843 -2.81323] covariance = [[2.95811 0.0083922 -0.0655876][0.0083922 1.85635 0.222445][-0.0655876 0.222445 1.28529]]
weight = 0.0648599 mean = [0.848 1.40226 -0.682768] covariance = [[16.3807 0.902814 -0.226923][0.902814 5.01864 2.64497][-0.226923 2.64497 9.38106]]
weight = 0.19349 mean = [-4.7434 3.19295 0.416439] covariance = [[2.0021 0.216357 -0.375341][0.216357 1.84082 0.00571702][-0.375341 0.00571702 5.57872]]
weight = 0.0292855 mean = [-1.02295 2.32485 4.14907] covariance = [[4.77353 0.810967 -2.75062][0.810967 1.14627 -0.733425][-2.75062 -0.733425 4.60233]]
]
2025-05-19 18:35:20 INFO  ren0 [octree.h:535] root weight: 3.446e+04 (34457.074219)
2025-05-19 18:35:20 INFO  ren0 [octree.h:536] splitting threshold: 3.446e+01 (34.457077)
2025-05-19 18:35:20 INFO  ren0 [octree.h:535] root weight: 6.657e+03 (6657.174316)
2025-05-19 18:35:20 INFO  ren0 [octree.h:536] splitting threshold: 6.657e+00 (6.657175)
2025-05-19 18:35:20 INFO  ren0 [octree.h:551] node count: 704 -> 717 -> 705

2025-05-19 18:35:20 INFO  ren0 [octree.h:551] node count: 615 -> 619 -> 619

2025-05-19 18:35:20 INFO  ren0 [MIFocalGuidingPathTracer] ITERATION 5, until 60.0 seconds
2025-05-19 18:35:46 INFO  ren0 [MIFocalGuidingPathTracer]   98.83 seconds elapsed, passes this iteration: 1, total passes: 10
2025-05-19 18:35:46 INFO  ren0 [MIFocalGuidingPathTracer] Got 166448 non-zero samples
2025-05-19 18:35:46 INFO  ren0 [gaussian_mixture_model.h:811] Processing mega batch of size 166448
2025-05-19 18:35:46 INFO  ren0 [MIFocalGuidingPathTracer] GMM[
weight = 0.0107858 mean = [-4.94565 2.87489 -3.59523] covariance = [[0.19223 -0.0528396 -0.136994][-0.0528396 0.311637 0.000800373][-0.136994 0.000800373 0.434277]]
weight = 0.105447 mean = [-5.045 2.97627 -3.47697] covariance = [[0.382564 -0.051965 -0.406839][-0.051965 0.376131 0.00747046][-0.406839 0.00747046 0.865035]]
weight = 0.147651 mean = [-4.89237 -0.515506 6.57737] covariance = [[3.09578 0.264847 -1.02613][0.264847 0.828785 0.799552][-1.02613 0.799552 3.62833]]
weight = 0.056506 mean = [0.351305 4.88227 6.34964] covariance = [[10.3573 -1.33952 -0.00261931][-1.33952 3.57492 -0.681032][-0.00261931 -0.681032 5.52271]]
weight = 0.0639537 mean = [-1.59068 6.04852 0.127997] covariance = [[2.19014 -0.159208 -1.57753][-0.159208 1.29226 0.729623][-1.57753 0.729623 2.77073]]
weight = 0.230885 mean = [-2.95143 0.811658 -3.10176] covariance = [[1.83979 0.337971 -0.0949066][0.337971 3.04396 -0.210976][-0.0949066 -0.210976 1.1963]]
weight = 0.065094 mean = [1.94873 3.29242 -3.04765] covariance = [[3.51442 -0.72875 -1.0116][-0.72875 1.75695 0.744051][-1.0116 0.744051 1.80658]]
weight = 0.0107858 mean = [-5.3676 2.99782 -2.69829] covariance = [[0.19223 -0.0528396 -0.136994][-0.0528396 0.311637 0.000800373][-0.136994 0.000800373 0.434277]]
weight = 0.308892 mean = [-3.65765 1.42182 0.835846] covariance = [[6.67172 -0.0590686 -1.03222][-0.0590686 3.96978 -0.681808][-1.03222 -0.681808 9.12078]]
]
2025-05-19 18:35:46 INFO  ren0 [octree.h:535] root weight: 1.894e+04 (18938.367188)
2025-05-19 18:35:46 INFO  ren0 [octree.h:536] splitting threshold: 1.894e+01 (18.938368)
2025-05-19 18:35:46 INFO  ren0 [octree.h:535] root weight: 3.925e+03 (3924.700684)
2025-05-19 18:35:46 INFO  ren0 [octree.h:536] splitting threshold: 3.925e+00 (3.924701)
2025-05-19 18:35:46 INFO  ren0 [octree.h:551] node count: 705 -> 729 -> 708

2025-05-19 18:35:46 INFO  ren0 [octree.h:551] node count: 619 -> 627 -> 618

2025-05-19 18:35:46 INFO  ren0 [MIFocalGuidingPathTracer] ITERATION 6, until 70.0 seconds
2025-05-19 18:36:11 INFO  ren0 [MIFocalGuidingPathTracer]   124.09 seconds elapsed, passes this iteration: 1, total passes: 11
2025-05-19 18:36:11 INFO  ren0 [MIFocalGuidingPathTracer] Got 142508 non-zero samples
2025-05-19 18:36:11 INFO  ren0 [gaussian_mixture_model.h:811] Processing mega batch of size 142508
2025-05-19 18:36:11 INFO  ren0 [MIFocalGuidingPathTracer] GMM[
weight = 0.0844542 mean = [-5.40221 1.12441 8.89581] covariance = [[2.53305 0.113356 -0.041691][0.113356 1.5423 0.742813][-0.041691 0.742813 1.99926]]
weight = 0.057833 mean = [-1.27796 2.80252 8.06733] covariance = [[6.07018 0.0979756 -0.244398][0.0979756 3.91972 -1.21923][-0.244398 -1.21923 5.30868]]
weight = 0.0844542 mean = [-3.75136 0.328606 7.60611] covariance = [[2.53305 0.113356 -0.041691][0.113356 1.5423 0.742813][-0.041691 0.742813 1.99926]]
weight = 0.057833 mean = [1.35776 3.97038 5.99349] covariance = [[6.07018 0.0979756 -0.244398][0.0979756 3.91972 -1.21923][-0.244398 -1.21923 5.30868]]
weight = 0.0189171 mean = [-0.646731 5.65836 -1.10118] covariance = [[2.37602 0.167046 -0.717119][0.167046 1.84842 0.339351][-0.717119 0.339351 2.10108]]
weight = 0.129256 mean = [2.35122 2.81332 -3.09962] covariance = [[3.36586 -1.11474 -0.582427][-1.11474 3.6412 0.718285][-0.582427 0.718285 1.65172]]
weight = 0.0189171 mean = [-2.48739 5.8636 0.486914] covariance = [[2.37602 0.167046 -0.717119][0.167046 1.84842 0.339351][-0.717119 0.339351 2.10108]]
weight = 0.152538 mean = [-3.25798 1.7685 -3.05923] covariance = [[3.22403 0.498756 -0.404676][0.498756 3.23987 -0.268507][-0.404676 -0.268507 1.54265]]
weight = 0.395797 mean = [-1.78068 1.92136 1.72777] covariance = [[10.3614 -2.3004 -1.49543][-2.3004 3.55577 -0.630535][-1.49543 -0.630535 11.8816]]
]
2025-05-19 18:36:11 INFO  ren0 [octree.h:535] root weight: 1.033e+04 (10329.062500)
2025-05-19 18:36:11 INFO  ren0 [octree.h:536] splitting threshold: 1.033e+01 (10.329063)
2025-05-19 18:36:11 INFO  ren0 [octree.h:535] root weight: 2.207e+03 (2206.998047)
2025-05-19 18:36:11 INFO  ren0 [octree.h:536] splitting threshold: 2.207e+00 (2.206998)
2025-05-19 18:36:11 INFO  ren0 [octree.h:551] node count: 708 -> 724 -> 703

2025-05-19 18:36:11 INFO  ren0 [octree.h:551] node count: 618 -> 626 -> 626

2025-05-19 18:36:11 INFO  ren0 [MIFocalGuidingPathTracer] ITERATION 7, until 80.0 seconds
2025-05-19 18:36:42 INFO  ren0 [MIFocalGuidingPathTracer]   155.20 seconds elapsed, passes this iteration: 1, total passes: 12
2025-05-19 18:36:42 INFO  ren0 [MIFocalGuidingPathTracer] Got 174599 non-zero samples
2025-05-19 18:36:42 INFO  ren0 [gaussian_mixture_model.h:811] Processing mega batch of size 174599
2025-05-19 18:36:42 INFO  ren0 [MIFocalGuidingPathTracer] GMM[
weight = 0.00762753 mean = [-5.51734 0.999441 8.35741] covariance = [[1.16218 0.0807848 -0.16953][0.0807848 1.4006 -0.190764][-0.16953 -0.190764 0.931034]]
weight = 0.00762753 mean = [-5.03912 1.30172 9.49692] covariance = [[1.16218 0.0807848 -0.16953][0.0807848 1.4006 -0.190764][-0.16953 -0.190764 0.931034]]
weight = 0.0222387 mean = [-3.39596 0.2516 7.50556] covariance = [[2.38545 0.0296552 0.151525][0.0296552 1.43471 0.570992][0.151525 0.570992 2.1675]]
weight = 0.0895688 mean = [1.48899 4.02388 6.27477] covariance = [[9.10643 -0.771218 -0.965452][-0.771218 4.84768 -2.29097][-0.965452 -2.29097 7.63754]]
weight = 0.0222387 mean = [-5.11565 0.918338 8.58097] covariance = [[2.38545 0.0296552 0.151525][0.0296552 1.43471 0.570992][0.151525 0.570992 2.1675]]
weight = 0.00318485 mean = [-5.62065 1.16557 8.33427] covariance = [[0.477472 0.0804351 -0.133573][0.0804351 1.58335 -0.445333][-0.133573 -0.445333 1.22313]]
weight = 0.151419 mean = [1.69942 3.50928 -2.98272] covariance = [[3.94656 -1.20675 -0.785226][-1.20675 3.87094 0.611997][-0.785226 0.611997 1.58877]]
weight = 0.0605135 mean = [-1.80538 5.24331 -0.402695] covariance = [[2.2806 0.136497 -1.00643][0.136497 1.63916 0.825914][-1.00643 0.825914 2.58389]]
weight = 0.635582 mean = [-2.39477 2.47829 -0.798026] covariance = [[7.54476 -1.05267 1.61998][-1.05267 3.39621 -0.683729][1.61998 -0.683729 11.3581]]
]
2025-05-19 18:36:42 INFO  ren0 [octree.h:535] root weight: 5.736e+03 (5735.946289)
2025-05-19 18:36:42 INFO  ren0 [octree.h:536] splitting threshold: 5.736e+00 (5.735947)
2025-05-19 18:36:42 INFO  ren0 [octree.h:535] root weight: 1.383e+03 (1382.886719)
