2025-04-13 22:51:29 INFO  main [mitsuba.cpp:274] Mitsuba version 0.6.0 (Linux, 64 bit), Copyright (c) 2017 Wenzel Jakob
2025-04-13 22:51:29 INFO  main [mitsuba.cpp:377] Parsing scene description from "../../scenes/dining-room/dining-room.xml" ..
2025-04-13 22:51:29 INFO  main [scenehandler.cpp:675] In file "/home/julia/PBRT/PMM_focal_guiding/mitsuba/dist/../../scenes/dining-room/dining-room.xml" (near line 18): Parsing included file "pmm_focal_guiding.xml" ..
2025-04-13 22:51:29 INFO  main [PluginManager] Loading plugin "plugins/pmm_focal_guiding.so" ..
2025-04-13 22:51:29 INFO  main [octree.h:501] root weight: 8.000e-20 (0.000000)
2025-04-13 22:51:29 INFO  main [octree.h:502] splitting threshold: 8.000e-23 (0.000000)
2025-04-13 22:51:29 INFO  main [octree.h:517] node count: 1 -> 585 -> 585

2025-04-13 22:51:29 INFO  main [octree.h:501] root weight: 8.000e-20 (0.000000)
2025-04-13 22:51:29 INFO  main [octree.h:502] splitting threshold: 8.000e-23 (0.000000)
2025-04-13 22:51:29 INFO  main [octree.h:517] node count: 1 -> 585 -> 585

2025-04-13 22:51:29 INFO  main [PMMFocalGuidingIntegrator] Saving to: 
2025-04-13 22:51:29 INFO  main [PMMFocalGuidingIntegrator] GMM params: alpha = 1.000000, split_th = 4.000000, merge_th = 0.500000, min_num_comp = 3, max_num_comp = 20, init = Random
2025-04-13 22:51:29 INFO  main [PMMFocalGuidingIntegrator] iterationCount: 8
2025-04-13 22:51:29 INFO  main [PMMFocalGuidingIntegrator] PMMFocalGuidingIntegrator
  maxDepth = 40,
  rrDepth = 14,
  strictNormals = 1
  gmm = GMM[
]
]
2025-04-13 22:51:29 WARN  main [scenehandler.cpp:795] In file "/home/julia/PBRT/PMM_focal_guiding/mitsuba/dist/../../scenes/dining-room/../_integrators/pmm_focal_guiding.xml" (near line 49): Unqueried attribute "budget" in element "integrator"
2025-04-13 22:51:29 WARN  main [scenehandler.cpp:795] In file "/home/julia/PBRT/PMM_focal_guiding/mitsuba/dist/../../scenes/dining-room/../_integrators/pmm_focal_guiding.xml" (near line 49): Unqueried attribute "dumpPrimaryRays" in element "integrator"
2025-04-13 22:51:29 WARN  main [scenehandler.cpp:795] In file "/home/julia/PBRT/PMM_focal_guiding/mitsuba/dist/../../scenes/dining-room/../_integrators/pmm_focal_guiding.xml" (near line 49): Unqueried attribute "dumpScene" in element "integrator"
2025-04-13 22:51:29 WARN  main [scenehandler.cpp:795] In file "/home/julia/PBRT/PMM_focal_guiding/mitsuba/dist/../../scenes/dining-room/../_integrators/pmm_focal_guiding.xml" (near line 49): Unqueried attribute "normalBinning" in element "integrator"
2025-04-13 22:51:29 WARN  main [scenehandler.cpp:795] In file "/home/julia/PBRT/PMM_focal_guiding/mitsuba/dist/../../scenes/dining-room/../_integrators/pmm_focal_guiding.xml" (near line 49): Unqueried attribute "samplingMode" in element "integrator"
2025-04-13 22:51:29 WARN  main [scenehandler.cpp:795] In file "/home/julia/PBRT/PMM_focal_guiding/mitsuba/dist/../../scenes/dining-room/../_integrators/pmm_focal_guiding.xml" (near line 49): Unqueried attribute "unboundedSplatting" in element "integrator"
2025-04-13 22:51:29 INFO  main [PluginManager] Loading plugin "plugins/independent.so" ..
2025-04-13 22:51:29 INFO  main [PluginManager] Loading plugin "plugins/box.so" ..
2025-04-13 22:51:29 INFO  main [PluginManager] Loading plugin "plugins/hdrfilm.so" ..
2025-04-13 22:51:29 INFO  main [PluginManager] Loading plugin "plugins/perspective.so" ..
2025-04-13 22:51:29 INFO  main [PluginManager] Loading plugin "plugins/roughplastic.so" ..
2025-04-13 22:51:29 INFO  main [PluginManager] Loading plugin "plugins/twosided.so" ..
2025-04-13 22:51:29 INFO  main [PluginManager] Loading plugin "plugins/roughconductor.so" ..
2025-04-13 22:51:29 INFO  main [spectrum.cpp:599] "Cu.eta.spd": loaded a spectral power distribution with 55 entries (between 302.400421 and 885.601257 nm)
2025-04-13 22:51:29 INFO  main [spectrum.cpp:599] "Cu.k.spd": loaded a spectral power distribution with 55 entries (between 302.400421 and 885.601257 nm)
2025-04-13 22:51:29 INFO  main [PluginManager] Loading plugin "plugins/diffuse.so" ..
2025-04-13 22:51:29 INFO  main [PluginManager] Loading plugin "plugins/bitmap.so" ..
2025-04-13 22:51:29 INFO  main [BitmapTexture] Loading texture "picture3.jpg"
2025-04-13 22:51:29 INFO  main [MIPMap] Mapped MIP map cache file "/home/julia/PBRT/PMM_focal_guiding/mitsuba/dist/../../scenes/dining-room/textures/picture3.mip" into memory (18.8 MiB).
2025-04-13 22:51:29 INFO  main [BitmapTexture] Loading texture "Tiles.jpg"
2025-04-13 22:51:29 INFO  main [PluginManager] Loading plugin "plugins/lanczos.so" ..
2025-04-13 22:51:29 INFO  main [spectrum.cpp:599] "Cu.eta.spd": loaded a spectral power distribution with 55 entries (between 302.400421 and 885.601257 nm)
2025-04-13 22:51:29 INFO  main [spectrum.cpp:599] "Cu.k.spd": loaded a spectral power distribution with 55 entries (between 302.400421 and 885.601257 nm)
2025-04-13 22:51:29 INFO  main [PluginManager] Loading plugin "plugins/conductor.so" ..
2025-04-13 22:51:29 INFO  main [spectrum.cpp:599] "Ir.eta.spd": loaded a spectral power distribution with 28 entries (between 302.389984 and 885.570984 nm)
2025-04-13 22:51:29 INFO  main [spectrum.cpp:599] "Ir.k.spd": loaded a spectral power distribution with 28 entries (between 302.389984 and 885.570984 nm)
2025-04-13 22:51:29 INFO  main [spectrum.cpp:599] "Cu.eta.spd": loaded a spectral power distribution with 55 entries (between 302.400421 and 885.601257 nm)
2025-04-13 22:51:29 INFO  main [spectrum.cpp:599] "Cu.k.spd": loaded a spectral power distribution with 55 entries (between 302.400421 and 885.601257 nm)
2025-04-13 22:51:29 INFO  main [BitmapTexture] Loading texture "Teacup.png"
2025-04-13 22:51:29 INFO  main [spectrum.cpp:599] "Cu.eta.spd": loaded a spectral power distribution with 55 entries (between 302.400421 and 885.601257 nm)
2025-04-13 22:51:29 INFO  main [spectrum.cpp:599] "Cu.k.spd": loaded a spectral power distribution with 55 entries (between 302.400421 and 885.601257 nm)
2025-04-13 22:51:29 INFO  main [PluginManager] Loading plugin "plugins/area.so" ..
2025-04-13 22:51:29 INFO  main [PluginManager] Loading plugin "plugins/disk.so" ..
2025-04-13 22:51:29 INFO  main [PluginManager] Loading plugin "plugins/ply.so" ..
2025-04-13 22:51:29 INFO  main [PLYLoader] Loading geometry from "parabol1.ply" ..
2025-04-13 22:51:29 INFO  main [PLYLoader] "parabol1": Loaded 25856 triangles, 13057 vertices (456.0 KiB in 23 ms).
2025-04-13 22:51:29 INFO  main [PLYLoader] Loading geometry from "parabol2.ply" ..
2025-04-13 22:51:29 INFO  main [PLYLoader] "parabol2": Loaded 25856 triangles, 13057 vertices (456.0 KiB in 22 ms).
2025-04-13 22:51:29 INFO  main [PluginManager] Loading plugin "plugins/obj.so" ..
2025-04-13 22:51:29 INFO  main [WavefrontOBJ] Loading geometry from "Mesh013.obj" ..
2025-04-13 22:51:29 INFO  main [WavefrontOBJ] Mesh013: 1056 triangles, 577 vertices (merged 2591 vertices).
2025-04-13 22:51:29 INFO  main [WavefrontOBJ] Done with "Mesh013.obj" (took 7 ms)
2025-04-13 22:51:29 INFO  main [WavefrontOBJ] Loading geometry from "Mesh016.obj" ..
2025-04-13 22:51:29 INFO  main [WavefrontOBJ] Mesh016: 384 triangles, 768 vertices (merged 384 vertices).
2025-04-13 22:51:29 INFO  main [WavefrontOBJ] Done with "Mesh016.obj" (took 5 ms)
2025-04-13 22:51:29 INFO  main [WavefrontOBJ] Loading geometry from "Mesh015.obj" ..
2025-04-13 22:51:29 INFO  main [WavefrontOBJ] Mesh015: 3136 triangles, 1680 vertices (merged 7728 vertices).
2025-04-13 22:51:29 INFO  main [WavefrontOBJ] Done with "Mesh015.obj" (took 19 ms)
2025-04-13 22:51:29 INFO  main [WavefrontOBJ] Loading geometry from "Mesh023.obj" ..
2025-04-13 22:51:29 INFO  main [WavefrontOBJ] Mesh023: 1056 triangles, 577 vertices (merged 2591 vertices).
2025-04-13 22:51:29 INFO  main [WavefrontOBJ] Done with "Mesh023.obj" (took 7 ms)
2025-04-13 22:51:29 INFO  main [WavefrontOBJ] Loading geometry from "Mesh020.obj" ..
2025-04-13 22:51:29 INFO  main [WavefrontOBJ] Mesh020: 384 triangles, 768 vertices (merged 384 vertices).
2025-04-13 22:51:29 INFO  main [WavefrontOBJ] Done with "Mesh020.obj" (took 5 ms)
2025-04-13 22:51:29 INFO  main [WavefrontOBJ] Loading geometry from "Mesh017.obj" ..
2025-04-13 22:51:29 INFO  main [WavefrontOBJ] Mesh017: 3136 triangles, 1680 vertices (merged 7728 vertices).
2025-04-13 22:51:29 INFO  main [WavefrontOBJ] Done with "Mesh017.obj" (took 18 ms)
2025-04-13 22:51:29 INFO  main [WavefrontOBJ] Loading geometry from "Mesh024.obj" ..
2025-04-13 22:51:29 INFO  main [WavefrontOBJ] Mesh024: 34 triangles, 68 vertices (merged 34 vertices).
2025-04-13 22:51:29 INFO  main [WavefrontOBJ] Done with "Mesh024.obj" (took 0 ms)
2025-04-13 22:51:29 INFO  main [WavefrontOBJ] Loading geometry from "Mesh041.obj" ..
2025-04-13 22:51:29 INFO  main [WavefrontOBJ] Mesh041: 8 triangles, 16 vertices (merged 8 vertices).
2025-04-13 22:51:29 INFO  main [WavefrontOBJ] Done with "Mesh041.obj" (took 1 ms)
2025-04-13 22:51:29 INFO  main [WavefrontOBJ] Loading geometry from "Mesh011.obj" ..
2025-04-13 22:51:29 INFO  main [WavefrontOBJ] Mesh011: 8992 triangles, 4544 vertices (merged 22432 vertices).
2025-04-13 22:51:29 INFO  main [WavefrontOBJ] Done with "Mesh011.obj" (took 51 ms)
2025-04-13 22:51:29 INFO  main [WavefrontOBJ] Loading geometry from "Mesh026.obj" ..
2025-04-13 22:51:29 INFO  main [WavefrontOBJ] Mesh026: 7624 triangles, 4070 vertices (merged 18802 vertices).
2025-04-13 22:51:29 INFO  main [WavefrontOBJ] Done with "Mesh026.obj" (took 47 ms)
2025-04-13 22:51:29 INFO  main [WavefrontOBJ] Loading geometry from "Mesh018.obj" ..
2025-04-13 22:51:29 INFO  main [WavefrontOBJ] Mesh018: 2016 triangles, 1260 vertices (merged 4788 vertices).
2025-04-13 22:51:29 INFO  main [WavefrontOBJ] Done with "Mesh018.obj" (took 15 ms)
2025-04-13 22:51:29 INFO  main [WavefrontOBJ] Loading geometry from "Mesh007.obj" ..
2025-04-13 22:51:30 INFO  main [WavefrontOBJ] Mesh007: 4352 triangles, 2178 vertices (merged 10878 vertices).
2025-04-13 22:51:30 INFO  main [WavefrontOBJ] Done with "Mesh007.obj" (took 28 ms)
2025-04-13 22:51:30 INFO  main [WavefrontOBJ] Loading geometry from "Mesh005.obj" ..
2025-04-13 22:51:30 INFO  main [WavefrontOBJ] Mesh005: 160 triangles, 144 vertices (merged 336 vertices).
2025-04-13 22:51:30 INFO  main [WavefrontOBJ] Done with "Mesh005.obj" (took 2 ms)
2025-04-13 22:51:30 INFO  main [WavefrontOBJ] Loading geometry from "Mesh019.obj" ..
2025-04-13 22:51:30 INFO  main [WavefrontOBJ] Mesh019: 560 triangles, 400 vertices (merged 1280 vertices).
2025-04-13 22:51:30 INFO  main [WavefrontOBJ] Done with "Mesh019.obj" (took 5 ms)
2025-04-13 22:51:30 INFO  main [WavefrontOBJ] Loading geometry from "Mesh021.obj" ..
2025-04-13 22:51:30 INFO  main [WavefrontOBJ] Mesh021: 720 triangles, 482 vertices (merged 1678 vertices).
2025-04-13 22:51:30 INFO  main [WavefrontOBJ] Done with "Mesh021.obj" (took 7 ms)
2025-04-13 22:51:30 INFO  main [WavefrontOBJ] Loading geometry from "Mesh037.obj" ..
2025-04-13 22:51:30 INFO  main [WavefrontOBJ] Mesh037: 7624 triangles, 4070 vertices (merged 18802 vertices).
2025-04-13 22:51:30 INFO  main [WavefrontOBJ] Done with "Mesh037.obj" (took 45 ms)
2025-04-13 22:51:30 INFO  main [WavefrontOBJ] Loading geometry from "Mesh004.obj" ..
2025-04-13 22:51:30 INFO  main [WavefrontOBJ] Mesh004: 2016 triangles, 1260 vertices (merged 4788 vertices).
2025-04-13 22:51:30 INFO  main [WavefrontOBJ] Done with "Mesh004.obj" (took 14 ms)
2025-04-13 22:51:30 INFO  main [WavefrontOBJ] Loading geometry from "Mesh014.obj" ..
2025-04-13 22:51:30 INFO  main [WavefrontOBJ] Mesh014: 160 triangles, 144 vertices (merged 336 vertices).
2025-04-13 22:51:30 INFO  main [WavefrontOBJ] Done with "Mesh014.obj" (took 3 ms)
2025-04-13 22:51:30 INFO  main [WavefrontOBJ] Loading geometry from "Mesh012.obj" ..
2025-04-13 22:51:30 INFO  main [WavefrontOBJ] Mesh012: 560 triangles, 400 vertices (merged 1280 vertices).
2025-04-13 22:51:30 INFO  main [WavefrontOBJ] Done with "Mesh012.obj" (took 5 ms)
2025-04-13 22:51:30 INFO  main [WavefrontOBJ] Loading geometry from "Mesh028.obj" ..
2025-04-13 22:51:30 INFO  main [WavefrontOBJ] Mesh028: 720 triangles, 482 vertices (merged 1678 vertices).
2025-04-13 22:51:30 INFO  main [WavefrontOBJ] Done with "Mesh028.obj" (took 6 ms)
2025-04-13 22:51:30 INFO  main [WavefrontOBJ] Loading geometry from "Mesh025.obj" ..
2025-04-13 22:51:30 INFO  main [WavefrontOBJ] Mesh025: 4352 triangles, 2178 vertices (merged 10878 vertices).
2025-04-13 22:51:30 INFO  main [WavefrontOBJ] Done with "Mesh025.obj" (took 28 ms)
2025-04-13 22:51:30 INFO  main [WavefrontOBJ] Loading geometry from "Mesh008.obj" ..
2025-04-13 22:51:30 INFO  main [WavefrontOBJ] Mesh008: 6320 triangles, 3270 vertices (merged 15690 vertices).
2025-04-13 22:51:30 INFO  main [WavefrontOBJ] Done with "Mesh008.obj" (took 38 ms)
2025-04-13 22:51:30 INFO  main [WavefrontOBJ] Loading geometry from "Mesh032.obj" ..
2025-04-13 22:51:30 INFO  main [WavefrontOBJ] Mesh032: 13248 triangles, 6686 vertices (merged 33058 vertices).
2025-04-13 22:51:30 INFO  main [WavefrontOBJ] Done with "Mesh032.obj" (took 84 ms)
2025-04-13 22:51:30 INFO  main [WavefrontOBJ] Loading geometry from "Mesh035.obj" ..
2025-04-13 22:51:30 INFO  main [WavefrontOBJ] Mesh035: 14480 triangles, 7404 vertices (merged 36036 vertices).
2025-04-13 22:51:30 INFO  main [WavefrontOBJ] Done with "Mesh035.obj" (took 84 ms)
2025-04-13 22:51:30 INFO  main [WavefrontOBJ] Loading geometry from "Mesh042.obj" ..
2025-04-13 22:51:30 INFO  main [WavefrontOBJ] Mesh042: 2320 triangles, 1492 vertices (merged 5468 vertices).
2025-04-13 22:51:30 INFO  main [WavefrontOBJ] Done with "Mesh042.obj" (took 17 ms)
2025-04-13 22:51:30 INFO  main [WavefrontOBJ] Loading geometry from "Mesh010.obj" ..
2025-04-13 22:51:30 INFO  main [WavefrontOBJ] Mesh010: 13248 triangles, 6686 vertices (merged 33058 vertices).
2025-04-13 22:51:30 INFO  main [WavefrontOBJ] Done with "Mesh010.obj" (took 80 ms)
2025-04-13 22:51:30 INFO  main [WavefrontOBJ] Loading geometry from "Mesh036.obj" ..
2025-04-13 22:51:30 INFO  main [WavefrontOBJ] Mesh036: 14480 triangles, 7404 vertices (merged 36036 vertices).
2025-04-13 22:51:30 INFO  main [WavefrontOBJ] Done with "Mesh036.obj" (took 84 ms)
2025-04-13 22:51:30 INFO  main [WavefrontOBJ] Loading geometry from "Mesh027.obj" ..
2025-04-13 22:51:30 INFO  main [WavefrontOBJ] Mesh027: 2320 triangles, 1492 vertices (merged 5468 vertices).
2025-04-13 22:51:30 INFO  main [WavefrontOBJ] Done with "Mesh027.obj" (took 18 ms)
2025-04-13 22:51:30 INFO  main [WavefrontOBJ] Loading geometry from "Mesh043.obj" ..
2025-04-13 22:51:30 INFO  main [WavefrontOBJ] Mesh043: 13248 triangles, 6686 vertices (merged 33058 vertices).
2025-04-13 22:51:30 INFO  main [WavefrontOBJ] Done with "Mesh043.obj" (took 80 ms)
2025-04-13 22:51:30 INFO  main [WavefrontOBJ] Loading geometry from "Mesh044.obj" ..
2025-04-13 22:51:30 INFO  main [WavefrontOBJ] Mesh044: 14480 triangles, 7404 vertices (merged 36036 vertices).
2025-04-13 22:51:30 INFO  main [WavefrontOBJ] Done with "Mesh044.obj" (took 80 ms)
2025-04-13 22:51:30 INFO  main [WavefrontOBJ] Loading geometry from "Mesh031.obj" ..
2025-04-13 22:51:30 INFO  main [WavefrontOBJ] Mesh031: 2320 triangles, 1492 vertices (merged 5468 vertices).
2025-04-13 22:51:30 INFO  main [WavefrontOBJ] Done with "Mesh031.obj" (took 16 ms)
2025-04-13 22:51:30 INFO  main [WavefrontOBJ] Loading geometry from "Mesh022.obj" ..
2025-04-13 22:51:30 INFO  main [WavefrontOBJ] Mesh022: 13248 triangles, 6686 vertices (merged 33058 vertices).
2025-04-13 22:51:30 INFO  main [WavefrontOBJ] Done with "Mesh022.obj" (took 78 ms)
2025-04-13 22:51:30 INFO  main [WavefrontOBJ] Loading geometry from "Mesh038.obj" ..
2025-04-13 22:51:30 INFO  main [WavefrontOBJ] Mesh038: 14480 triangles, 7404 vertices (merged 36036 vertices).
2025-04-13 22:51:30 INFO  main [WavefrontOBJ] Done with "Mesh038.obj" (took 85 ms)
2025-04-13 22:51:30 INFO  main [WavefrontOBJ] Loading geometry from "Mesh030.obj" ..
2025-04-13 22:51:30 INFO  main [WavefrontOBJ] Mesh030: 2320 triangles, 1492 vertices (merged 5468 vertices).
2025-04-13 22:51:30 INFO  main [WavefrontOBJ] Done with "Mesh030.obj" (took 17 ms)
2025-04-13 22:51:30 INFO  main [WavefrontOBJ] Loading geometry from "Mesh046.obj" ..
2025-04-13 22:51:31 INFO  main [WavefrontOBJ] Mesh046: 13248 triangles, 6686 vertices (merged 33058 vertices).
2025-04-13 22:51:31 INFO  main [WavefrontOBJ] Done with "Mesh046.obj" (took 85 ms)
2025-04-13 22:51:31 INFO  main [WavefrontOBJ] Loading geometry from "Mesh047.obj" ..
2025-04-13 22:51:31 INFO  main [WavefrontOBJ] Mesh047: 14480 triangles, 7404 vertices (merged 36036 vertices).
2025-04-13 22:51:31 INFO  main [WavefrontOBJ] Done with "Mesh047.obj" (took 82 ms)
2025-04-13 22:51:31 INFO  main [WavefrontOBJ] Loading geometry from "Mesh034.obj" ..
2025-04-13 22:51:31 INFO  main [WavefrontOBJ] Mesh034: 2320 triangles, 1492 vertices (merged 5468 vertices).
2025-04-13 22:51:31 INFO  main [WavefrontOBJ] Done with "Mesh034.obj" (took 16 ms)
2025-04-13 22:51:31 INFO  main [WavefrontOBJ] Loading geometry from "Mesh033.obj" ..
2025-04-13 22:51:31 INFO  main [WavefrontOBJ] Mesh033: 44 triangles, 96 vertices (merged 36 vertices).
2025-04-13 22:51:31 INFO  main [WavefrontOBJ] Done with "Mesh033.obj" (took 1 ms)
2025-04-13 22:51:31 INFO  main [WavefrontOBJ] Loading geometry from "Mesh006.obj" ..
2025-04-13 22:51:31 INFO  main [WavefrontOBJ] Mesh006: 4 triangles, 6 vertices (merged 6 vertices).
2025-04-13 22:51:31 INFO  main [WavefrontOBJ] Done with "Mesh006.obj" (took 1 ms)
2025-04-13 22:51:31 INFO  main [WavefrontOBJ] Loading geometry from "Mesh048.obj" ..
2025-04-13 22:51:31 INFO  main [WavefrontOBJ] Mesh048: 30 triangles, 38 vertices (merged 52 vertices).
2025-04-13 22:51:31 INFO  main [WavefrontOBJ] Done with "Mesh048.obj" (took 1 ms)
2025-04-13 22:51:31 INFO  main [WavefrontOBJ] Loading geometry from "Mesh049.obj" ..
2025-04-13 22:51:31 INFO  main [WavefrontOBJ] Mesh049: 13248 triangles, 6686 vertices (merged 33058 vertices).
2025-04-13 22:51:31 INFO  main [WavefrontOBJ] Done with "Mesh049.obj" (took 79 ms)
2025-04-13 22:51:31 INFO  main [WavefrontOBJ] Loading geometry from "Mesh051.obj" ..
2025-04-13 22:51:31 INFO  main [WavefrontOBJ] Mesh051: 14480 triangles, 7404 vertices (merged 36036 vertices).
2025-04-13 22:51:31 INFO  main [WavefrontOBJ] Done with "Mesh051.obj" (took 83 ms)
2025-04-13 22:51:31 INFO  main [WavefrontOBJ] Loading geometry from "Mesh040.obj" ..
2025-04-13 22:51:31 INFO  main [WavefrontOBJ] Mesh040: 2320 triangles, 1492 vertices (merged 5468 vertices).
2025-04-13 22:51:31 INFO  main [WavefrontOBJ] Done with "Mesh040.obj" (took 15 ms)
2025-04-13 22:51:31 INFO  main [WavefrontOBJ] Loading geometry from "Mesh003.obj" ..
2025-04-13 22:51:31 INFO  main [WavefrontOBJ] Mesh003: 18176 triangles, 9150 vertices (merged 45378 vertices).
2025-04-13 22:51:31 INFO  main [WavefrontOBJ] Done with "Mesh003.obj" (took 104 ms)
2025-04-13 22:51:31 INFO  main [WavefrontOBJ] Loading geometry from "Mesh002.obj" ..
2025-04-13 22:51:31 INFO  main [WavefrontOBJ] Mesh002: 7624 triangles, 4070 vertices (merged 18802 vertices).
2025-04-13 22:51:31 INFO  main [WavefrontOBJ] Done with "Mesh002.obj" (took 49 ms)
2025-04-13 22:51:31 INFO  main [WavefrontOBJ] Loading geometry from "Mesh009.obj" ..
2025-04-13 22:51:31 INFO  main [WavefrontOBJ] Mesh009: 2016 triangles, 1260 vertices (merged 4788 vertices).
2025-04-13 22:51:31 INFO  main [WavefrontOBJ] Done with "Mesh009.obj" (took 15 ms)
2025-04-13 22:51:31 INFO  main [WavefrontOBJ] Loading geometry from "Mesh045.obj" ..
2025-04-13 22:51:31 INFO  main [WavefrontOBJ] Mesh045: 4352 triangles, 2178 vertices (merged 10878 vertices).
2025-04-13 22:51:31 INFO  main [WavefrontOBJ] Done with "Mesh045.obj" (took 28 ms)
2025-04-13 22:51:31 INFO  main [WavefrontOBJ] Loading geometry from "Mesh029.obj" ..
2025-04-13 22:51:31 INFO  main [WavefrontOBJ] Mesh029: 160 triangles, 144 vertices (merged 336 vertices).
2025-04-13 22:51:31 INFO  main [WavefrontOBJ] Done with "Mesh029.obj" (took 2 ms)
2025-04-13 22:51:31 INFO  main [WavefrontOBJ] Loading geometry from "Mesh039.obj" ..
2025-04-13 22:51:31 INFO  main [WavefrontOBJ] Mesh039: 560 triangles, 400 vertices (merged 1280 vertices).
2025-04-13 22:51:31 INFO  main [WavefrontOBJ] Done with "Mesh039.obj" (took 5 ms)
2025-04-13 22:51:31 INFO  main [WavefrontOBJ] Loading geometry from "Mesh050.obj" ..
2025-04-13 22:51:31 INFO  main [WavefrontOBJ] Mesh050: 720 triangles, 482 vertices (merged 1678 vertices).
2025-04-13 22:51:31 INFO  main [WavefrontOBJ] Done with "Mesh050.obj" (took 8 ms)
2025-04-13 22:51:31 INFO  main [WavefrontOBJ] Loading geometry from "Mesh001.obj" ..
2025-04-13 22:51:31 INFO  main [WavefrontOBJ] Mesh001: 170 triangles, 340 vertices (merged 170 vertices).
2025-04-13 22:51:31 INFO  main [WavefrontOBJ] Done with "Mesh001.obj" (took 3 ms)
2025-04-13 22:51:31 INFO  main [WavefrontOBJ] Loading geometry from "Mesh000.obj" ..
2025-04-13 22:51:31 INFO  main [WavefrontOBJ] Mesh000: 22 triangles, 44 vertices (merged 22 vertices).
2025-04-13 22:51:31 INFO  main [WavefrontOBJ] Done with "Mesh000.obj" (took 1 ms)
2025-04-13 22:51:31 INFO  main [PluginManager] Loading plugin "plugins/rectangle.so" ..
2025-04-13 22:51:31 INFO  ren0 [KDTreeBase] Constructing a SAH kd-tree (321251 primitives) ..
2025-04-13 22:51:35 INFO  ren0 [KDTreeBase] Finished -- took 3516 ms.
2025-04-13 22:51:35 INFO  ren0 [PMMFocalGuidingIntegrator] Starting preprocess
2025-04-13 22:51:35 INFO  ren0 [octree.h:501] root weight: 8.000e-20 (0.000000)
2025-04-13 22:51:35 INFO  ren0 [octree.h:502] splitting threshold: 8.000e-23 (0.000000)
2025-04-13 22:51:35 INFO  ren0 [octree.h:517] node count: 1 -> 585 -> 585

2025-04-13 22:51:35 INFO  ren0 [octree.h:501] root weight: 4.096e-17 (0.000000)
2025-04-13 22:51:35 INFO  ren0 [octree.h:502] splitting threshold: 4.096e-20 (0.000000)
2025-04-13 22:51:35 INFO  ren0 [octree.h:517] node count: 585 -> 585 -> 585

2025-04-13 22:51:35 INFO  ren0 [octree.h:501] root weight: 8.000e-20 (0.000000)
2025-04-13 22:51:35 INFO  ren0 [octree.h:502] splitting threshold: 8.000e-23 (0.000000)
2025-04-13 22:51:35 INFO  ren0 [octree.h:517] node count: 1 -> 585 -> 585

2025-04-13 22:51:35 INFO  ren0 [octree.h:501] root weight: 4.096e-17 (0.000000)
2025-04-13 22:51:35 INFO  ren0 [octree.h:502] splitting threshold: 4.096e-20 (0.000000)
2025-04-13 22:51:35 INFO  ren0 [octree.h:517] node count: 585 -> 585 -> 585

2025-04-13 22:51:35 INFO  ren0 [PMMFocalGuidingIntegrator] Octree[
AABB: AABB3[min=[-6.3658, -1.5274, -4.73046], max=[5.27597, 8.04131, 10.0598]]
Nodes count: 585
]
2025-04-13 22:51:35 INFO  ren0 [PMMFocalGuidingIntegrator] Octree[
AABB: AABB3[min=[-6.3658, -1.5274, -4.73046], max=[5.27597, 8.04131, 10.0598]]
Nodes count: 585
]
2025-04-13 22:51:35 INFO  ren0 [PMMFocalGuidingIntegrator] GMM[
]
2025-04-13 22:51:35 INFO  ren0 [PMMFocalGuidingIntegrator] Starting training... (8) iterations
2025-04-13 22:51:35 INFO  ren0 [PMMFocalGuidingIntegrator] Rendering 0 iteration
2025-04-13 22:51:35 INFO  ren0 [SamplingIntegrator] Starting render job (1280x720, 4 samples, 8 cores, SSE2 enabled) ..
2025-04-13 22:53:14 INFO  ren0 [PMMFocalGuidingIntegrator] iteration render time: 1.6526m
2025-04-13 22:53:14 INFO  ren0 [PMMFocalGuidingIntegrator] Got 76542 non-zero samples
2025-04-13 22:53:14 INFO  ren0 [gaussian_mixture_model.h:630] Starting batch processing in parallel
2025-04-13 22:53:14 INFO  ren0 [gaussian_mixture_model.h:432] Random
2025-04-13 22:53:14 INFO  ren0 [gaussian_mixture_model.h:498] Starting initialization using random value from the first batch
2025-04-13 22:53:14 INFO  ren0 [gaussian_mixture_model.h:511] Initialized using random value from the first batch
2025-04-13 22:53:14 INFO  ren0 [gaussian_mixture_model.h:653] Finished component cache
2025-04-13 22:53:15 INFO  ren0 [gaussian_mixture_model.h:691] Finish E step
2025-04-13 22:53:17 INFO  ren0 [gaussian_mixture_model.h:184] sample count: 76542
2025-04-13 22:53:17 INFO  ren0 [gaussian_mixture_model.h:246] components before the merge: 20
2025-04-13 22:53:17 INFO  ren0 [gaussian_mixture_model.h:265] components after the merge: 15, merged 5 component
2025-04-13 22:53:17 INFO  ren0 [gaussian_mixture_model.h:283] components after the split: 20, split 5 components
2025-04-13 22:53:17 INFO  ren0 [gaussian_mixture_model.h:713] Finish M step
2025-04-13 22:53:17 INFO  ren0 [octree.h:501] root weight: 8.005e+06 (8004851.500000)
2025-04-13 22:53:17 INFO  ren0 [octree.h:502] splitting threshold: 8.005e+03 (8004.852051)
2025-04-13 22:53:17 INFO  ren0 [octree.h:501] root weight: 8.070e+02 (807.048279)
2025-04-13 22:53:17 INFO  ren0 [octree.h:502] splitting threshold: 8.070e-01 (0.807048)
2025-04-13 22:53:17 INFO  ren0 [octree.h:517] node count: 585 -> 1162 -> 1123

2025-04-13 22:53:17 INFO  ren0 [octree.h:517] node count: 585 -> 585 -> 577

2025-04-13 22:53:17 INFO  ren0 [PMMFocalGuidingIntegrator] diverge probability: 0.000

2025-04-13 22:53:17 INFO  ren0 [PMMFocalGuidingIntegrator] iteration postprocessing time: 2.9104s
2025-04-13 22:53:17 INFO  ren0 [PMMFocalGuidingIntegrator] GMM[
weight = 0.0231036 mean = [-0.762674 0.923862 -0.695691] covariance = [[1.39853 -1.51732 0.0532187][-1.51732 1.70478 -0.113091][0.0532187 -0.113091 1.02771]]
weight = 0.0131667 mean = [-0.357195 2.28812 -3.33878] covariance = [[3.20413 0.766934 -1.27206][0.766934 0.407844 -0.282283][-1.27206 -0.282283 0.777822]]
weight = 0.0231036 mean = [-2.42413 2.76398 -0.83992] covariance = [[1.39853 -1.51732 0.0532187][-1.51732 1.70478 -0.113091][0.0532187 -0.113091 1.02771]]
weight = 0.0131667 mean = [-2.87343 1.65586 -2.26928] covariance = [[3.20413 0.766934 -1.27206][0.766934 0.407844 -0.282283][-1.27206 -0.282283 0.777822]]
weight = 1.86245e-05 mean = [-4.47509 0.890772 7.81878] covariance = [[1.80646 0.11004 0.00774846][0.11004 3.22047 0.36155][0.00774846 0.36155 1.70014]]
weight = 6.00105e-05 mean = [4.22789 2.30111 -2.76462] covariance = [[0.747359 0.108047 0.178204][0.108047 1.96291 -0.0667088][0.178204 -0.0667088 1.45183]]
weight = 1.86245e-05 mean = [-4.28895 3.3944 8.38196] covariance = [[1.80646 0.11004 0.00774846][0.11004 3.22047 0.36155][0.00774846 0.36155 1.70014]]
weight = 6.00105e-05 mean = [4.372 4.2744 -2.96614] covariance = [[0.747359 0.108047 0.178204][0.108047 1.96291 -0.0667088][0.178204 -0.0667088 1.45183]]
weight = 6.27756e-05 mean = [-3.70474 4.92805 3.5587] covariance = [[2.80585 -0.301668 0.158862][-0.301668 4.12778 -0.250414][0.158862 -0.250414 3.60545]]
weight = 0.0333576 mean = [-1.26154 0.677632 -3.38116] covariance = [[0.202665 -0.574119 -0.163077][-0.574119 2.12808 0.851033][-0.163077 0.851033 0.606335]]
weight = 6.91527e-05 mean = [1.24654 6.17926 -1.99505] covariance = [[3.99736 0.877507 -0.589401][0.877507 1.90668 0.131199][-0.589401 0.131199 1.84314]]
weight = 0.820571 mean = [-2.21535 2.8922 -1.84987] covariance = [[0.562556 -0.440653 -0.0323354][-0.440653 1.34161 -0.0721933][-0.0323354 -0.0721933 0.334272]]
weight = 0.0333576 mean = [-1.80212 2.72866 -2.48455] covariance = [[0.202665 -0.574119 -0.163077][-0.574119 2.12808 0.851033][-0.163077 0.851033 0.606335]]
weight = 0.000116786 mean = [3.05857 4.41115 0.281468] covariance = [[3.39397 0.979546 0.578986][0.979546 3.71109 1.41003][0.578986 1.41003 2.28478]]
weight = 0.0278781 mean = [-1.46075 1.66927 -2.79131] covariance = [[4.68357 -2.77392 -1.70118][-2.77392 1.70542 1.01058][-1.70118 1.01058 0.892921]]
weight = 5.50232e-05 mean = [2.47342 6.51452 6.65305] covariance = [[3.08083 -0.187684 0.0914518][-0.187684 1.94989 0.535256][0.0914518 0.535256 4.06657]]
weight = 8.22302e-05 mean = [2.10469 1.37233 2.06312] covariance = [[4.64308 -0.473905 1.28592][-0.473905 2.5027 0.0896241][1.28592 0.0896241 2.47987]]
weight = 6.51757e-05 mean = [1.29373 1.10766 7.41991] covariance = [[4.54756 -0.0199013 0.225962][-0.0199013 2.94977 0.328596][0.225962 0.328596 2.32305]]
weight = 0.00184584 mean = [-1.61952 1.72614 -0.0204734] covariance = [[0.0505521 0.038997 -0.0416803][0.038997 5.5951 -5.7291][-0.0416803 -5.7291 5.92044]]
weight = 0.00984049 mean = [-3.70818 1.37787 -1.48897] covariance = [[3.4417 3.67495 -0.991083][3.67495 3.93967 -1.06254][-0.991083 -1.06254 0.300696]]
]
2025-04-13 22:53:17 INFO  ren0 [PMMFocalGuidingIntegrator] Octree[
AABB: AABB3[min=[-6.3658, -1.5274, -4.73046], max=[5.27597, 8.04131, 10.0598]]
Nodes count: 1123
]
2025-04-13 22:53:17 INFO  ren0 [PMMFocalGuidingIntegrator] Octree[
AABB: AABB3[min=[-6.3658, -1.5274, -4.73046], max=[5.27597, 8.04131, 10.0598]]
Nodes count: 577
]
2025-04-13 22:53:17 INFO  ren0 [PMMFocalGuidingIntegrator] Rendering 1 iteration
2025-04-13 22:53:17 INFO  ren0 [SamplingIntegrator] Starting render job (1280x720, 4 samples, 8 cores, SSE2 enabled) ..
2025-04-13 22:53:23 INFO  wrk3 [PMMFocalGuidingIntegrator] w0 is 0
2025-04-13 22:53:56 INFO  wrk5 [PMMFocalGuidingIntegrator] w0 is 0
2025-04-13 22:57:17 INFO  wrk5 [PMMFocalGuidingIntegrator] w0 is 0
2025-04-13 22:57:21 INFO  wrk7 [PMMFocalGuidingIntegrator] w0 is 0
2025-04-13 22:58:57 INFO  ren0 [PMMFocalGuidingIntegrator] iteration render time: 5.6746m
2025-04-13 22:58:57 INFO  ren0 [PMMFocalGuidingIntegrator] Got 304518 non-zero samples
2025-04-13 22:58:57 INFO  ren0 [gaussian_mixture_model.h:630] Starting batch processing in parallel
2025-04-13 22:58:57 INFO  ren0 [gaussian_mixture_model.h:653] Finished component cache
2025-04-13 22:59:03 INFO  ren0 [gaussian_mixture_model.h:691] Finish E step
2025-04-13 22:59:10 INFO  ren0 [gaussian_mixture_model.h:184] sample count: 304518
2025-04-13 22:59:10 INFO  ren0 [gaussian_mixture_model.h:246] components before the merge: 20
2025-04-13 22:59:10 INFO  ren0 [gaussian_mixture_model.h:265] components after the merge: 12, merged 8 component
2025-04-13 22:59:10 INFO  ren0 [gaussian_mixture_model.h:283] components after the split: 20, split 8 components
2025-04-13 22:59:10 INFO  ren0 [gaussian_mixture_model.h:713] Finish M step
2025-04-13 22:59:10 INFO  ren0 [octree.h:501] root weight: 3.201e+07 (32014062.000000)
2025-04-13 22:59:10 INFO  ren0 [octree.h:502] splitting threshold: 3.201e+04 (32014.064453)
2025-04-13 22:59:10 INFO  ren0 [octree.h:501] root weight: 1.010e+04 (10103.767578)
2025-04-13 22:59:10 INFO  ren0 [octree.h:502] splitting threshold: 1.010e+01 (10.103768)
2025-04-13 22:59:10 INFO  ren0 [octree.h:517] node count: 1123 -> 1493 -> 1071

2025-04-13 22:59:10 INFO  ren0 [octree.h:517] node count: 577 -> 577 -> 577

2025-04-13 22:59:10 INFO  ren0 [PMMFocalGuidingIntegrator] diverge probability: 0.000

2025-04-13 22:59:10 INFO  ren0 [PMMFocalGuidingIntegrator] iteration postprocessing time: 12.6257s
2025-04-13 22:59:10 INFO  ren0 [PMMFocalGuidingIntegrator] GMM[
weight = 0.0309862 mean = [-1.61762 1.84671 -0.480424] covariance = [[0.580802 -0.60918 -0.068544][-0.60918 0.753109 -0.179716][-0.068544 -0.179716 1.43522]]
weight = 0.0373877 mean = [-1.97576 2.16766 -3.07176] covariance = [[1.39084 0.241153 -0.437882][0.241153 0.322661 -0.331331][-0.437882 -0.331331 0.878633]]
weight = 0.0309862 mean = [-2.635 2.88545 0.131036] covariance = [[0.580802 -0.60918 -0.068544][-0.60918 0.753109 -0.179716][-0.068544 -0.179716 1.43522]]
weight = 0.0373877 mean = [-0.449077 2.65089 -4.03113] covariance = [[1.39084 0.241153 -0.437882][0.241153 0.322661 -0.331331][-0.437882 -0.331331 0.878633]]
weight = 0.00763413 mean = [1.82626 6.04511 -2.09113] covariance = [[1.6594 -0.377228 -0.318004][-0.377228 0.984438 0.193172][-0.318004 0.193172 0.428307]]
weight = 0.0224614 mean = [-2.08527 3.79878 -2.00863] covariance = [[0.126817 -0.340187 -0.103093][-0.340187 1.24805 0.460177][-0.103093 0.460177 0.452714]]
weight = 0.000995862 mean = [2.28052 3.0848 -0.382371] covariance = [[1.41628 1.14618 0.92972][1.14618 3.19477 -0.0204246][0.92972 -0.0204246 3.76852]]
weight = 0.00278976 mean = [1.08607 -0.0257605 0.127289] covariance = [[1.05909 0.136313 0.56102][0.136313 1.07049 0.69409][0.56102 0.69409 1.36948]]
weight = 9.0122e-05 mean = [-3.48732 3.33662 4.33584] covariance = [[2.9885 -0.314686 -0.382851][-0.314686 5.93579 -0.177225][-0.382851 -0.177225 6.99939]]
weight = 0.000743286 mean = [-1.91143 2.62807 -0.759077] covariance = [[0.204745 -0.0574349 -0.0802617][-0.0574349 0.799241 -0.78966][-0.0802617 -0.78966 0.906692]]
weight = 0.00763413 mean = [3.55422 5.25069 -2.56251] covariance = [[1.6594 -0.377228 -0.318004][-0.377228 0.984438 0.193172][-0.318004 0.193172 0.428307]]
weight = 0.00188926 mean = [-3.28005 1.83741 -1.60023] covariance = [[1.7398 1.86057 -0.474806][1.86057 2.00558 -0.511054][-0.474806 -0.511054 0.140981]]
weight = 0.0224614 mean = [-1.66123 2.2405 -2.70445] covariance = [[0.126817 -0.340187 -0.103093][-0.340187 1.24805 0.460177][-0.103093 0.460177 0.452714]]
weight = 0.000995862 mean = [2.78563 5.20376 -1.8722] covariance = [[1.41628 1.14618 0.92972][1.14618 3.19477 -0.0204246][0.92972 -0.0204246 3.76852]]
weight = 0.790046 mean = [-1.88765 2.84841 -1.9095] covariance = [[0.683289 -0.269112 -0.0903408][-0.269112 0.690926 -0.0912326][-0.0903408 -0.0912326 0.466684]]
weight = 3.0149e-05 mean = [1.95628 5.64185 5.70585] covariance = [[3.24062 0.471434 -0.0957321][0.471434 2.37798 1.21475][-0.0957321 1.21475 5.06995]]
weight = 0.00278976 mean = [1.98943 1.05075 1.67236] covariance = [[1.05909 0.136313 0.56102][0.136313 1.07049 0.69409][0.56102 0.69409 1.36948]]
weight = 5.81771e-05 mean = [0.526729 1.98168 6.47508] covariance = [[4.29679 -1.16986 1.00482][-1.16986 2.94435 -0.835219][1.00482 -0.835219 2.54068]]
weight = 0.000743286 mean = [-1.93601 1.39111 0.567102] covariance = [[0.204745 -0.0574349 -0.0802617][-0.0574349 0.799241 -0.78966][-0.0802617 -0.78966 0.906692]]
weight = 0.00188926 mean = [-1.41696 3.83846 -2.11189] covariance = [[1.7398 1.86057 -0.474806][1.86057 2.00558 -0.511054][-0.474806 -0.511054 0.140981]]
]
2025-04-13 22:59:10 INFO  ren0 [PMMFocalGuidingIntegrator] Octree[
AABB: AABB3[min=[-6.3658, -1.5274, -4.73046], max=[5.27597, 8.04131, 10.0598]]
Nodes count: 1071
]
2025-04-13 22:59:10 INFO  ren0 [PMMFocalGuidingIntegrator] Octree[
AABB: AABB3[min=[-6.3658, -1.5274, -4.73046], max=[5.27597, 8.04131, 10.0598]]
Nodes count: 577
]
2025-04-13 22:59:10 INFO  ren0 [PMMFocalGuidingIntegrator] Rendering 2 iteration
2025-04-13 22:59:10 INFO  ren0 [SamplingIntegrator] Starting render job (1280x720, 4 samples, 8 cores, SSE2 enabled) ..
2025-04-13 22:59:28 INFO  wrk3 [PMMFocalGuidingIntegrator] w0 is 0
2025-04-13 23:00:01 INFO  wrk0 [PMMFocalGuidingIntegrator] w0 is 0
2025-04-13 23:00:01 INFO  wrk0 [PMMFocalGuidingIntegrator] w0 is 0
2025-04-13 23:04:35 INFO  wrk5 [PMMFocalGuidingIntegrator] w0 is 0
2025-04-13 23:04:35 INFO  ren0 [PMMFocalGuidingIntegrator] iteration render time: 5.4177m
2025-04-13 23:04:35 INFO  ren0 [PMMFocalGuidingIntegrator] Got 351724 non-zero samples
2025-04-13 23:04:35 INFO  ren0 [gaussian_mixture_model.h:630] Starting batch processing in parallel
2025-04-13 23:04:35 INFO  ren0 [gaussian_mixture_model.h:653] Finished component cache
2025-04-13 23:04:41 INFO  ren0 [gaussian_mixture_model.h:691] Finish E step
2025-04-13 23:04:51 INFO  ren0 [gaussian_mixture_model.h:184] sample count: 351724
2025-04-13 23:04:51 INFO  ren0 [gaussian_mixture_model.h:246] components before the merge: 20
2025-04-13 23:04:51 INFO  ren0 [gaussian_mixture_model.h:265] components after the merge: 8, merged 12 component
2025-04-13 23:04:51 INFO  ren0 [gaussian_mixture_model.h:283] components after the split: 20, split 12 components
2025-04-13 23:04:51 INFO  ren0 [gaussian_mixture_model.h:713] Finish M step
2025-04-13 23:04:51 INFO  ren0 [octree.h:501] root weight: 4.002e+07 (40022468.000000)
2025-04-13 23:04:51 INFO  ren0 [octree.h:502] splitting threshold: 4.002e+04 (40022.468750)
2025-04-13 23:04:51 INFO  ren0 [octree.h:501] root weight: 1.577e+04 (15774.889648)
2025-04-13 23:04:51 INFO  ren0 [octree.h:502] splitting threshold: 1.577e+01 (15.774890)
2025-04-13 23:04:51 INFO  ren0 [octree.h:517] node count: 1071 -> 1315 -> 1096

2025-04-13 23:04:51 INFO  ren0 [octree.h:517] node count: 577 -> 577 -> 577

2025-04-13 23:04:51 INFO  ren0 [PMMFocalGuidingIntegrator] diverge probability: 0.000

2025-04-13 23:04:51 INFO  ren0 [PMMFocalGuidingIntegrator] iteration postprocessing time: 16.1549s
2025-04-13 23:04:51 INFO  ren0 [PMMFocalGuidingIntegrator] GMM[
weight = 0.0174093 mean = [-2.39738 2.37696 -3.17021] covariance = [[0.784824 -0.0564548 -0.0410499][-0.0564548 0.28672 -0.270263][-0.0410499 -0.270263 0.626719]]
weight = 0.000776995 mean = [-4.52651 2.35699 0.126459] covariance = [[2.71406 0.416138 1.37586][0.416138 3.23376 1.22454][1.37586 1.22454 8.45961]]
weight = 0.0120195 mean = [-1.95892 3.22688 -2.14955] covariance = [[0.0606873 -0.102264 -0.0103676][-0.102264 0.352031 0.0825223][-0.0103676 0.0825223 0.226607]]
weight = 0.0174093 mean = [-0.768688 2.56938 -3.87293] covariance = [[0.784824 -0.0564548 -0.0410499][-0.0564548 0.28672 -0.270263][-0.0410499 -0.270263 0.626719]]
weight = 0.000609062 mean = [-1.80365 1.51768 0.372459] covariance = [[0.231121 -0.0599544 -0.0712419][-0.0599544 0.236565 -0.203796][-0.0712419 -0.203796 0.273318]]
weight = 0.00112565 mean = [-2.81873 2.34788 -1.70126] covariance = [[0.872952 0.933507 -0.23025][0.933507 1.0155 -0.24798][-0.23025 -0.24798 0.0767756]]
weight = 0.0174093 mean = [-1.92034 2.43332 -3.37603] covariance = [[0.784824 -0.0564548 -0.0410499][-0.0564548 0.28672 -0.270263][-0.0410499 -0.270263 0.626719]]
weight = 0.0174093 mean = [-3.54903 2.2409 -2.67332] covariance = [[0.784824 -0.0564548 -0.0410499][-0.0564548 0.28672 -0.270263][-0.0410499 -0.270263 0.626719]]
weight = 0.000776995 mean = [-3.58805 3.27544 4.17473] covariance = [[2.71406 0.416138 1.37586][0.416138 3.23376 1.22454][1.37586 1.22454 8.45961]]
weight = 0.0120195 mean = [-1.85924 2.89249 -2.29819] covariance = [[0.0606873 -0.102264 -0.0103676][-0.102264 0.352031 0.0825223][-0.0103676 0.0825223 0.226607]]
weight = 0.0120195 mean = [-2.19957 4.03416 -1.79069] covariance = [[0.0606873 -0.102264 -0.0103676][-0.102264 0.352031 0.0825223][-0.0103676 0.0825223 0.226607]]
weight = 0.000609062 mean = [-1.66889 3.0551 -1.35482] covariance = [[0.231121 -0.0599544 -0.0712419][-0.0599544 0.236565 -0.203796][-0.0712419 -0.203796 0.273318]]
weight = 0.0120195 mean = [-1.61859 2.08521 -2.65705] covariance = [[0.0606873 -0.102264 -0.0103676][-0.102264 0.352031 0.0825223][-0.0103676 0.0825223 0.226607]]
weight = 0.000609062 mean = [-1.74783 2.1545 -0.343003] covariance = [[0.231121 -0.0599544 -0.0712419][-0.0599544 0.236565 -0.203796][-0.0712419 -0.203796 0.273318]]
weight = 0.846695 mean = [-1.92636 2.86469 -1.61471] covariance = [[0.96672 -0.0963636 -0.0960927][-0.0963636 0.597279 -0.142226][-0.0960927 -0.142226 0.769257]]
weight = 0.000562826 mean = [-1.96675 3.26732 -1.92869] covariance = [[0.438711 0.464878 -0.114333][0.464878 0.509763 -0.122883][-0.114333 -0.122883 0.0458322]]
weight = 0.0292848 mean = [1.68586 3.38053 -0.454221] covariance = [[2.29984 1.12072 -0.538729][1.12072 4.51196 -1.50331][-0.538729 -1.50331 3.20153]]
weight = 6.36583e-05 mean = [0.19069 2.29064 6.22361] covariance = [[4.02104 -1.05069 0.880107][-1.05069 2.5314 -0.673238][0.880107 -0.673238 2.45593]]
weight = 0.000609062 mean = [-1.72471 2.41828 -0.639357] covariance = [[0.231121 -0.0599544 -0.0712419][-0.0599544 0.236565 -0.203796][-0.0712419 -0.203796 0.273318]]
weight = 0.000562826 mean = [-1.03483 4.27305 -2.17747] covariance = [[0.438711 0.464878 -0.114333][0.464878 0.509763 -0.122883][-0.114333 -0.122883 0.0458322]]
]
2025-04-13 23:04:51 INFO  ren0 [PMMFocalGuidingIntegrator] Octree[
AABB: AABB3[min=[-6.3658, -1.5274, -4.73046], max=[5.27597, 8.04131, 10.0598]]
Nodes count: 1096
]
2025-04-13 23:04:51 INFO  ren0 [PMMFocalGuidingIntegrator] Octree[
AABB: AABB3[min=[-6.3658, -1.5274, -4.73046], max=[5.27597, 8.04131, 10.0598]]
Nodes count: 577
]
2025-04-13 23:04:51 INFO  ren0 [PMMFocalGuidingIntegrator] Rendering 3 iteration
2025-04-13 23:04:51 INFO  ren0 [SamplingIntegrator] Starting render job (1280x720, 4 samples, 8 cores, SSE2 enabled) ..
2025-04-13 23:04:59 INFO  wrk4 [PMMFocalGuidingIntegrator] w0 is 0
