2025-05-20 20:46:56 INFO  main [mitsuba.cpp:274] Mitsuba version 0.6.0 (Linux, 64 bit), Copyright (c) 2017 Wenzel Jakob
2025-05-20 20:46:56 INFO  main [mitsuba.cpp:377] Parsing scene description from "scene/modern-hall/modern-hall.xml" ..
2025-05-20 20:46:56 INFO  main [scenehandler.cpp:675] In file "/mitsuba/scene/modern-hall/modern-hall.xml" (near line 20): Parsing included file "pmm_focal_recursive.xml" ..
2025-05-20 20:46:56 INFO  main [PluginManager] Loading plugin "plugins/pmm_focal_recursive.so" ..
2025-05-20 20:46:56 INFO  main [octree.h:534] root weight: 8.000e-20 (0.000000)
2025-05-20 20:46:56 INFO  main [octree.h:535] splitting threshold: 8.000e-23 (0.000000)
2025-05-20 20:46:56 INFO  main [octree.h:550] node count: 1 -> 585 -> 585

2025-05-20 20:46:56 INFO  main [octree.h:534] root weight: 8.000e-20 (0.000000)
2025-05-20 20:46:56 INFO  main [octree.h:535] splitting threshold: 8.000e-23 (0.000000)
2025-05-20 20:46:56 INFO  main [octree.h:550] node count: 1 -> 585 -> 585

2025-05-20 20:46:56 INFO  main [MIFocalGuidingPathTracer] Final render will have 32 spp, m_budget will not be taken into account.
2025-05-20 20:46:56 INFO  main [MIFocalGuidingPathTracer] budget: 1800
2025-05-20 20:46:56 INFO  main [MIFocalGuidingPathTracer] dumpPrimaryRays: false
2025-05-20 20:46:56 INFO  main [MIFocalGuidingPathTracer] dumpScene: false
2025-05-20 20:46:56 INFO  main [MIFocalGuidingPathTracer] finalSpp: 32
2025-05-20 20:46:56 INFO  main [MIFocalGuidingPathTracer] gmm.alpha: 0.4
2025-05-20 20:46:56 INFO  main [MIFocalGuidingPathTracer] gmm.initMethod: KMeans
2025-05-20 20:46:56 INFO  main [MIFocalGuidingPathTracer] gmm.maxNumComp: 10
2025-05-20 20:46:56 INFO  main [MIFocalGuidingPathTracer] gmm.mergingThreshold: 0.65
2025-05-20 20:46:56 INFO  main [MIFocalGuidingPathTracer] gmm.minNumComp: 3
2025-05-20 20:46:56 INFO  main [MIFocalGuidingPathTracer] gmm.splittingThreshold: 100
2025-05-20 20:46:56 INFO  main [MIFocalGuidingPathTracer] iterationBudget: 10
2025-05-20 20:46:56 INFO  main [MIFocalGuidingPathTracer] iterationCount: 15
2025-05-20 20:46:56 INFO  main [MIFocalGuidingPathTracer] maxDepth: 40
2025-05-20 20:46:56 INFO  main [MIFocalGuidingPathTracer] minSamplesToStartFitting: 10
2025-05-20 20:46:56 INFO  main [MIFocalGuidingPathTracer] normalBinning: disabled
2025-05-20 20:46:56 INFO  main [MIFocalGuidingPathTracer] renderMaxSeconds: 36000
2025-05-20 20:46:56 INFO  main [MIFocalGuidingPathTracer] rrDepth: 14
2025-05-20 20:46:56 INFO  main [MIFocalGuidingPathTracer] samplingMode: 2
2025-05-20 20:46:56 INFO  main [MIFocalGuidingPathTracer] shouldPretrain: false
2025-05-20 20:46:56 INFO  main [MIFocalGuidingPathTracer] strictNormals: true
2025-05-20 20:46:56 INFO  main [MIFocalGuidingPathTracer] trainingSamples: 4
2025-05-20 20:46:56 INFO  main [MIFocalGuidingPathTracer] tree.threshold: 0.001
2025-05-20 20:46:56 INFO  main [MIFocalGuidingPathTracer] unboundedSplatting: true
2025-05-20 20:46:56 INFO  main [PluginManager] Loading plugin "plugins/independent.so" ..
2025-05-20 20:46:56 INFO  main [PluginManager] Loading plugin "plugins/box.so" ..
2025-05-20 20:46:56 INFO  main [PluginManager] Loading plugin "plugins/hdrfilm.so" ..
2025-05-20 20:46:56 INFO  main [PluginManager] Loading plugin "plugins/perspective.so" ..
2025-05-20 20:46:56 INFO  main [PluginManager] Loading plugin "plugins/dielectric.so" ..
2025-05-20 20:46:56 INFO  main [PluginManager] Loading plugin "plugins/bitmap.so" ..
2025-05-20 20:46:56 INFO  main [BitmapTexture] Loading texture "wood5.jpg"
2025-05-20 20:46:56 INFO  main [PluginManager] Loading plugin "plugins/lanczos.so" ..
2025-05-20 20:46:56 INFO  main [MIPMap] Generating MIP map cache file "/mitsuba/scene/modern-hall/textures/wood5.mip" ..
2025-05-20 20:46:56 INFO  main [PluginManager] Loading plugin "plugins/roughplastic.so" ..
2025-05-20 20:46:56 INFO  main [PluginManager] Loading plugin "plugins/twosided.so" ..
2025-05-20 20:46:56 INFO  main [BitmapTexture] Loading texture "Tiles.jpg"
2025-05-20 20:46:56 INFO  main [PluginManager] Loading plugin "plugins/diffuse.so" ..
2025-05-20 20:46:56 INFO  main [BitmapTexture] Loading texture "Wallpaper.jpg"
2025-05-20 20:46:56 INFO  main [PluginManager] Loading plugin "plugins/roughconductor.so" ..
2025-05-20 20:46:56 INFO  main [spectrum.cpp:599] "Cu.eta.spd": loaded a spectral power distribution with 55 entries (between 302.400421 and 885.601257 nm)
2025-05-20 20:46:56 INFO  main [spectrum.cpp:599] "Cu.k.spd": loaded a spectral power distribution with 55 entries (between 302.400421 and 885.601257 nm)
2025-05-20 20:46:56 INFO  main [spectrum.cpp:599] "Cu.eta.spd": loaded a spectral power distribution with 55 entries (between 302.400421 and 885.601257 nm)
2025-05-20 20:46:56 INFO  main [spectrum.cpp:599] "Cu.k.spd": loaded a spectral power distribution with 55 entries (between 302.400421 and 885.601257 nm)
2025-05-20 20:46:56 INFO  main [PluginManager] Loading plugin "plugins/difftrans.so" ..
2025-05-20 20:46:56 INFO  main [PluginManager] Loading plugin "plugins/area.so" ..
2025-05-20 20:46:56 INFO  main [PluginManager] Loading plugin "plugins/rectangle.so" ..
2025-05-20 20:46:56 INFO  main [PluginManager] Loading plugin "plugins/cube.so" ..
2025-05-20 20:46:56 INFO  main [PluginManager] Loading plugin "plugins/obj.so" ..
2025-05-20 20:46:56 INFO  main [WavefrontOBJ] Loading geometry from "Mesh008.obj" ..
2025-05-20 20:46:56 INFO  main [WavefrontOBJ] Mesh008: 5184 triangles, 2664 vertices (merged 12888 vertices).
2025-05-20 20:46:56 INFO  main [WavefrontOBJ] Done with "Mesh008.obj" (took 13 ms)
2025-05-20 20:46:56 INFO  main [WavefrontOBJ] Loading geometry from "Mesh004.obj" ..
2025-05-20 20:46:56 INFO  main [WavefrontOBJ] Mesh004: 5184 triangles, 2664 vertices (merged 12888 vertices).
2025-05-20 20:46:56 INFO  main [WavefrontOBJ] Done with "Mesh004.obj" (took 10 ms)
2025-05-20 20:46:56 INFO  main [WavefrontOBJ] Loading geometry from "Mesh003.obj" ..
2025-05-20 20:46:56 INFO  main [WavefrontOBJ] Mesh003: 5184 triangles, 2664 vertices (merged 12888 vertices).
2025-05-20 20:46:56 INFO  main [WavefrontOBJ] Done with "Mesh003.obj" (took 11 ms)
2025-05-20 20:46:56 INFO  main [WavefrontOBJ] Loading geometry from "Mesh006.obj" ..
2025-05-20 20:46:56 INFO  main [WavefrontOBJ] Mesh006: 5184 triangles, 2664 vertices (merged 12888 vertices).
2025-05-20 20:46:56 INFO  main [WavefrontOBJ] Done with "Mesh006.obj" (took 11 ms)
2025-05-20 20:46:56 INFO  main [WavefrontOBJ] Loading geometry from "Mesh012.obj" ..
2025-05-20 20:46:56 INFO  main [WavefrontOBJ] Mesh012: 444 triangles, 882 vertices (merged 450 vertices).
2025-05-20 20:46:56 INFO  main [WavefrontOBJ] Done with "Mesh012.obj" (took 2 ms)
2025-05-20 20:46:56 INFO  main [WavefrontOBJ] Loading geometry from "Mesh013.obj" ..
2025-05-20 20:46:56 INFO  main [WavefrontOBJ] Mesh013: 5184 triangles, 2664 vertices (merged 12888 vertices).
2025-05-20 20:46:56 INFO  main [WavefrontOBJ] Done with "Mesh013.obj" (took 11 ms)
2025-05-20 20:46:56 INFO  main [WavefrontOBJ] Loading geometry from "Mesh010.obj" ..
2025-05-20 20:46:56 INFO  main [WavefrontOBJ] Mesh010: 32 triangles, 60 vertices (merged 36 vertices).
2025-05-20 20:46:56 INFO  main [WavefrontOBJ] Done with "Mesh010.obj" (took 0 ms)
2025-05-20 20:46:56 INFO  main [WavefrontOBJ] Loading geometry from "Mesh015.obj" ..
2025-05-20 20:46:56 INFO  main [WavefrontOBJ] Mesh015: 32 triangles, 60 vertices (merged 36 vertices).
2025-05-20 20:46:56 INFO  main [WavefrontOBJ] Done with "Mesh015.obj" (took 0 ms)
2025-05-20 20:46:56 INFO  main [WavefrontOBJ] Loading geometry from "Mesh002.obj" ..
2025-05-20 20:46:56 INFO  main [WavefrontOBJ] Mesh002: 32 triangles, 60 vertices (merged 36 vertices).
2025-05-20 20:46:56 INFO  main [WavefrontOBJ] Done with "Mesh002.obj" (took 0 ms)
2025-05-20 20:46:56 INFO  main [WavefrontOBJ] Loading geometry from "Mesh007.obj" ..
2025-05-20 20:46:56 INFO  main [WavefrontOBJ] Mesh007: 32 triangles, 60 vertices (merged 36 vertices).
2025-05-20 20:46:56 INFO  main [WavefrontOBJ] Done with "Mesh007.obj" (took 0 ms)
2025-05-20 20:46:56 INFO  main [WavefrontOBJ] Loading geometry from "Mesh005.obj" ..
2025-05-20 20:46:56 INFO  main [WavefrontOBJ] Mesh005: 12 triangles, 20 vertices (merged 16 vertices).
2025-05-20 20:46:56 INFO  main [WavefrontOBJ] Done with "Mesh005.obj" (took 0 ms)
2025-05-20 20:46:56 INFO  main [WavefrontOBJ] Loading geometry from "Mesh016.obj" ..
2025-05-20 20:46:56 INFO  main [WavefrontOBJ] Mesh016: 120 triangles, 204 vertices (merged 156 vertices).
2025-05-20 20:46:56 INFO  main [WavefrontOBJ] Done with "Mesh016.obj" (took 0 ms)
2025-05-20 20:46:56 INFO  main [WavefrontOBJ] Loading geometry from "Mesh017.obj" ..
2025-05-20 20:46:56 INFO  main [WavefrontOBJ] Mesh017: 20 triangles, 40 vertices (merged 20 vertices).
2025-05-20 20:46:56 INFO  main [WavefrontOBJ] Done with "Mesh017.obj" (took 0 ms)
2025-05-20 20:46:56 INFO  main [WavefrontOBJ] Loading geometry from "Mesh018.obj" ..
2025-05-20 20:46:56 INFO  main [WavefrontOBJ] Mesh018: 2 triangles, 4 vertices (merged 2 vertices).
2025-05-20 20:46:56 INFO  main [WavefrontOBJ] Done with "Mesh018.obj" (took 0 ms)
2025-05-20 20:46:56 INFO  main [WavefrontOBJ] Loading geometry from "Mesh011.obj" ..
2025-05-20 20:46:56 INFO  main [WavefrontOBJ] Mesh011: 32 triangles, 30 vertices (merged 66 vertices).
2025-05-20 20:46:56 INFO  main [WavefrontOBJ] Done with "Mesh011.obj" (took 0 ms)
2025-05-20 20:46:56 INFO  main [PluginManager] Loading plugin "plugins/homogeneous.so" ..
2025-05-20 20:46:56 INFO  main [PluginManager] Loading plugin "plugins/isotropic.so" ..
2025-05-20 20:46:56 INFO  main [WavefrontOBJ] Loading geometry from "Mesh014.obj" ..
2025-05-20 20:46:56 INFO  main [WavefrontOBJ] Mesh014: 36 triangles, 72 vertices (merged 36 vertices).
2025-05-20 20:46:56 INFO  main [WavefrontOBJ] Done with "Mesh014.obj" (took 0 ms)
2025-05-20 20:46:56 INFO  main [WavefrontOBJ] Loading geometry from "Mesh001.obj" ..
2025-05-20 20:46:56 INFO  main [WavefrontOBJ] Mesh001: 924 triangles, 2016 vertices (merged 756 vertices).
2025-05-20 20:46:56 INFO  main [WavefrontOBJ] Done with "Mesh001.obj" (took 5 ms)
2025-05-20 20:46:56 INFO  main [WavefrontOBJ] Loading geometry from "Mesh000.obj" ..
2025-05-20 20:46:56 INFO  main [WavefrontOBJ] Mesh000: 3127 triangles, 2075 vertices (merged 7306 vertices).
2025-05-20 20:46:56 INFO  main [WavefrontOBJ] Done with "Mesh000.obj" (took 12 ms)
2025-05-20 20:46:56 INFO  main [WavefrontOBJ] Loading geometry from "Mesh009.obj" ..
2025-05-20 20:46:56 INFO  main [WavefrontOBJ] Mesh009: 146 triangles, 110 vertices (merged 328 vertices).
2025-05-20 20:46:56 INFO  main [WavefrontOBJ] Done with "Mesh009.obj" (took 0 ms)
2025-05-20 20:46:56 INFO  ren0 [KDTreeBase] Constructing a SAH kd-tree (30963 primitives) ..
2025-05-20 20:46:56 INFO  ren0 [KDTreeBase] Finished -- took 109 ms.
2025-05-20 20:46:56 INFO  ren0 [octree.h:534] root weight: 8.000e-20 (0.000000)
2025-05-20 20:46:56 INFO  ren0 [octree.h:535] splitting threshold: 8.000e-23 (0.000000)
2025-05-20 20:46:56 INFO  ren0 [octree.h:550] node count: 1 -> 585 -> 585

2025-05-20 20:46:56 INFO  ren0 [octree.h:534] root weight: 4.096e-17 (0.000000)
2025-05-20 20:46:56 INFO  ren0 [octree.h:535] splitting threshold: 4.096e-20 (0.000000)
2025-05-20 20:46:56 INFO  ren0 [octree.h:550] node count: 585 -> 585 -> 585

2025-05-20 20:46:56 INFO  ren0 [octree.h:534] root weight: 8.000e-20 (0.000000)
2025-05-20 20:46:56 INFO  ren0 [octree.h:535] splitting threshold: 8.000e-23 (0.000000)
2025-05-20 20:46:56 INFO  ren0 [octree.h:550] node count: 1 -> 585 -> 585

2025-05-20 20:46:56 INFO  ren0 [octree.h:534] root weight: 8.000e-20 (0.000000)
2025-05-20 20:46:56 INFO  ren0 [octree.h:535] splitting threshold: 8.000e-23 (0.000000)
2025-05-20 20:46:56 INFO  ren0 [octree.h:550] node count: 1 -> 585 -> 585

2025-05-20 20:46:56 INFO  ren0 [octree.h:534] root weight: 4.096e-17 (0.000000)
2025-05-20 20:46:56 INFO  ren0 [octree.h:535] splitting threshold: 4.096e-20 (0.000000)
2025-05-20 20:46:56 INFO  ren0 [octree.h:550] node count: 585 -> 585 -> 585

2025-05-20 20:46:56 INFO  ren0 [octree.h:534] root weight: 8.000e-20 (0.000000)
2025-05-20 20:46:56 INFO  ren0 [octree.h:535] splitting threshold: 8.000e-23 (0.000000)
2025-05-20 20:46:56 INFO  ren0 [octree.h:550] node count: 1 -> 585 -> 585

2025-05-20 20:46:56 INFO  ren0 [MIFocalGuidingPathTracer] AABB3[min=[-21.7494, -3.70393, -3.09172], max=[7.19249, 11.2965, 6.96201]]
2025-05-20 20:46:56 INFO  ren0 [MIFocalGuidingPathTracer] Starting render job (1280x720, 12 cores, SSE2 enabled) ..
2025-05-20 20:46:56 INFO  ren0 [MIFocalGuidingPathTracer] ITERATION 0, until 10.0 seconds
2025-05-20 20:47:06 INFO  ren0 [MIFocalGuidingPathTracer]   10.11 seconds elapsed, passes this iteration: 6, total passes: 6
2025-05-20 20:47:06 INFO  ren0 [MIFocalGuidingPathTracer] Got 119212 non-zero samples
2025-05-20 20:47:06 INFO  ren0 [gaussian_mixture_model.h:815] Processing mega batch of size 119212
2025-05-20 20:47:06 INFO  ren0 [gaussian_mixture_model.h:554] KMeans
2025-05-20 20:47:06 INFO  ren0 [gaussian_mixture_model.h:215] Before splitting
2025-05-20 20:47:06 INFO  ren0 [gaussian_mixture_model.h:216] GMM[
weight = 0.0372562 mean = [6.10315 3.63085 -1.59797] covariance = [[0.753931 0.0204288 0.386005][0.0204288 1.87996 0.439358][0.386005 0.439358 1.40482]]
weight = 0.0694157 mean = [4.91446 3.56375 4.72654] covariance = [[2.0031 -0.199377 0.213656][-0.199377 3.59019 -0.573051][0.213656 -0.573051 2.44306]]
weight = 0.00768129 mean = [-14.7176 5.21437 2.24177] covariance = [[12.6755 3.85822 3.32407][3.85822 9.09717 -0.0683942][3.32407 -0.0683942 6.33669]]
weight = 0.038805 mean = [-4.8276 1.21156 -0.452672] covariance = [[10.3534 2.21711 -3.86962][2.21711 3.7697 -2.3878][-3.86962 -2.3878 5.8883]]
weight = 0.0564041 mean = [-6.86551 4.98466 -1.29279] covariance = [[7.17723 1.74226 -2.62541][1.74226 2.92474 -0.906342][-2.62541 -0.906342 4.6136]]
weight = 0.0522892 mean = [0.610808 1.1594 -0.27052] covariance = [[2.87631 0.479099 0.702261][0.479099 2.99662 -1.18614][0.702261 -1.18614 6.68291]]
weight = 0.361923 mean = [3.04471 1.05113 -2.11447] covariance = [[1.65758 -0.164805 1.15807][-0.164805 0.850843 -0.192022][1.15807 -0.192022 2.82731]]
weight = 0.00599373 mean = [-0.648472 9.64659 1.9247] covariance = [[10.5761 1.68922 -1.18642][1.68922 1.95479 -2.08575][-1.18642 -2.08575 8.3539]]
weight = 0.235805 mean = [1.52153 2.77475 -2.07781] covariance = [[3.14434 0.624507 1.70071][0.624507 1.93589 1.11074][1.70071 1.11074 2.34998]]
weight = 0.134427 mean = [-1.79743 3.99542 -1.83349] covariance = [[3.29723 -1.00022 1.21391][-1.00022 1.15554 0.379944][1.21391 0.379944 3.85655]]
]
2025-05-20 20:47:06 INFO  ren0 [gaussian_mixture_model.h:218] Before merging
2025-05-20 20:47:06 INFO  ren0 [gaussian_mixture_model.h:219] GMM[
weight = 0.0372562 mean = [6.10315 3.63085 -1.59797] covariance = [[0.753931 0.0204288 0.386005][0.0204288 1.87996 0.439358][0.386005 0.439358 1.40482]]
weight = 0.0694157 mean = [4.91446 3.56375 4.72654] covariance = [[2.0031 -0.199377 0.213656][-0.199377 3.59019 -0.573051][0.213656 -0.573051 2.44306]]
weight = 0.00768129 mean = [-14.7176 5.21437 2.24177] covariance = [[12.6755 3.85822 3.32407][3.85822 9.09717 -0.0683942][3.32407 -0.0683942 6.33669]]
weight = 0.038805 mean = [-4.8276 1.21156 -0.452672] covariance = [[10.3534 2.21711 -3.86962][2.21711 3.7697 -2.3878][-3.86962 -2.3878 5.8883]]
weight = 0.0564041 mean = [-6.86551 4.98466 -1.29279] covariance = [[7.17723 1.74226 -2.62541][1.74226 2.92474 -0.906342][-2.62541 -0.906342 4.6136]]
weight = 0.0522892 mean = [0.610808 1.1594 -0.27052] covariance = [[2.87631 0.479099 0.702261][0.479099 2.99662 -1.18614][0.702261 -1.18614 6.68291]]
weight = 0.361923 mean = [3.04471 1.05113 -2.11447] covariance = [[1.65758 -0.164805 1.15807][-0.164805 0.850843 -0.192022][1.15807 -0.192022 2.82731]]
weight = 0.00599373 mean = [-0.648472 9.64659 1.9247] covariance = [[10.5761 1.68922 -1.18642][1.68922 1.95479 -2.08575][-1.18642 -2.08575 8.3539]]
weight = 0.235805 mean = [1.52153 2.77475 -2.07781] covariance = [[3.14434 0.624507 1.70071][0.624507 1.93589 1.11074][1.70071 1.11074 2.34998]]
weight = 0.134427 mean = [-1.79743 3.99542 -1.83349] covariance = [[3.29723 -1.00022 1.21391][-1.00022 1.15554 0.379944][1.21391 0.379944 3.85655]]
]
2025-05-20 20:47:06 INFO  ren0 [gaussian_mixture_model.h:215] Before splitting
2025-05-20 20:47:06 INFO  ren0 [gaussian_mixture_model.h:216] GMM[
weight = 0.040837 mean = [6.16423 3.53908 -1.45567] covariance = [[0.713048 -0.0832768 0.296962][-0.0832768 2.06507 0.561546][0.296962 0.561546 1.48897]]
weight = 0.0858031 mean = [4.83081 3.39967 4.60326] covariance = [[2.21862 -0.408124 0.313641][-0.408124 4.26877 -0.77406][0.313641 -0.77406 2.67675]]
weight = 0.00956671 mean = [-13.7175 5.30979 2.44062] covariance = [[11.5908 2.13017 3.21486][2.13017 7.17145 -0.0774226][3.21486 -0.0774226 5.96295]]
weight = 0.0406369 mean = [-4.73654 0.9667 -0.0747122] covariance = [[9.99613 1.11456 -2.51454][1.11456 4.09897 -2.50152][-2.51454 -2.50152 6.41567]]
weight = 0.0560891 mean = [-7.00843 4.90287 -0.99498] covariance = [[7.30577 1.70512 -2.34729][1.70512 3.07342 -0.770213][-2.34729 -0.770213 4.90181]]
weight = 0.377834 mean = [2.9651 1.05818 -2.22725] covariance = [[1.46965 -0.21796 1.0354][-0.21796 0.739953 -0.200619][1.0354 -0.200619 2.3036]]
weight = 0.00783974 mean = [-0.541697 9.57397 1.32302] covariance = [[11.9468 1.15812 -0.349099][1.15812 1.83811 -1.92152][-0.349099 -1.92152 8.02335]]
weight = 0.251278 mean = [1.5142 2.65244 -1.80457] covariance = [[3.13076 0.695365 1.65323][0.695365 2.3747 0.77776][1.65323 0.77776 3.05571]]
weight = 0.130116 mean = [-1.69307 3.93455 -1.87228] covariance = [[3.28045 -1.16087 1.00096][-1.16087 1.18508 0.426539][1.00096 0.426539 3.51885]]
]
2025-05-20 20:47:06 INFO  ren0 [gaussian_mixture_model.h:218] Before merging
2025-05-20 20:47:06 INFO  ren0 [gaussian_mixture_model.h:219] GMM[
weight = 0.0204185 mean = [6.20409 4.196 -1.04339] covariance = [[0.709882 -0.135636 0.264102][-0.135636 1.20198 0.019876][0.264102 0.019876 1.14903]]
weight = 0.0858031 mean = [4.83081 3.39967 4.60326] covariance = [[2.21862 -0.408124 0.313641][-0.408124 4.26877 -0.77406][0.313641 -0.77406 2.67675]]
weight = 0.00956671 mean = [-13.7175 5.30979 2.44062] covariance = [[11.5908 2.13017 3.21486][2.13017 7.17145 -0.0774226][3.21486 -0.0774226 5.96295]]
weight = 0.0406369 mean = [-4.73654 0.9667 -0.0747122] covariance = [[9.99613 1.11456 -2.51454][1.11456 4.09897 -2.50152][-2.51454 -2.50152 6.41567]]
weight = 0.0560891 mean = [-7.00843 4.90287 -0.99498] covariance = [[7.30577 1.70512 -2.34729][1.70512 3.07342 -0.770213][-2.34729 -0.770213 4.90181]]
weight = 0.0204185 mean = [6.12438 2.88215 -1.86795] covariance = [[0.709882 -0.135636 0.264102][-0.135636 1.20198 0.019876][0.264102 0.019876 1.14903]]
weight = 0.377834 mean = [2.9651 1.05818 -2.22725] covariance = [[1.46965 -0.21796 1.0354][-0.21796 0.739953 -0.200619][1.0354 -0.200619 2.3036]]
weight = 0.00783974 mean = [-0.541697 9.57397 1.32302] covariance = [[11.9468 1.15812 -0.349099][1.15812 1.83811 -1.92152][-0.349099 -1.92152 8.02335]]
weight = 0.251278 mean = [1.5142 2.65244 -1.80457] covariance = [[3.13076 0.695365 1.65323][0.695365 2.3747 0.77776][1.65323 0.77776 3.05571]]
weight = 0.130116 mean = [-1.69307 3.93455 -1.87228] covariance = [[3.28045 -1.16087 1.00096][-1.16087 1.18508 0.426539][1.00096 0.426539 3.51885]]
]
2025-05-20 20:47:06 INFO  ren0 [MIFocalGuidingPathTracer] GMM[
weight = 0.0204185 mean = [6.20409 4.196 -1.04339] covariance = [[0.709882 -0.135636 0.264102][-0.135636 1.20198 0.019876][0.264102 0.019876 1.14903]]
weight = 0.0858031 mean = [4.83081 3.39967 4.60326] covariance = [[2.21862 -0.408124 0.313641][-0.408124 4.26877 -0.77406][0.313641 -0.77406 2.67675]]
weight = 0.00956671 mean = [-13.7175 5.30979 2.44062] covariance = [[11.5908 2.13017 3.21486][2.13017 7.17145 -0.0774226][3.21486 -0.0774226 5.96295]]
weight = 0.0406369 mean = [-4.73654 0.9667 -0.0747122] covariance = [[9.99613 1.11456 -2.51454][1.11456 4.09897 -2.50152][-2.51454 -2.50152 6.41567]]
weight = 0.0560891 mean = [-7.00843 4.90287 -0.99498] covariance = [[7.30577 1.70512 -2.34729][1.70512 3.07342 -0.770213][-2.34729 -0.770213 4.90181]]
weight = 0.0204185 mean = [6.12438 2.88215 -1.86795] covariance = [[0.709882 -0.135636 0.264102][-0.135636 1.20198 0.019876][0.264102 0.019876 1.14903]]
weight = 0.00783974 mean = [-0.541697 9.57397 1.32302] covariance = [[11.9468 1.15812 -0.349099][1.15812 1.83811 -1.92152][-0.349099 -1.92152 8.02335]]
weight = 0.629112 mean = [2.38559 1.69495 -2.05843] covariance = [[2.63811 -0.408041 1.13506][-0.408041 2.00261 0.351811][1.13506 0.351811 2.64687]]
weight = 0.130116 mean = [-1.69307 3.93455 -1.87228] covariance = [[3.28045 -1.16087 1.00096][-1.16087 1.18508 0.426539][1.00096 0.426539 3.51885]]
]
2025-05-20 20:47:06 INFO  ren0 [octree.h:534] root weight: 2.737e+06 (2737361.750000)
2025-05-20 20:47:06 INFO  ren0 [octree.h:535] splitting threshold: 2.737e+03 (2737.361816)
2025-05-20 20:47:06 INFO  ren0 [octree.h:534] root weight: 3.161e+05 (316117.343750)
2025-05-20 20:47:06 INFO  ren0 [octree.h:535] splitting threshold: 3.161e+02 (316.117371)
2025-05-20 20:47:06 INFO  ren0 [octree.h:550] node count: 585 -> 870 -> 680

2025-05-20 20:47:06 INFO  ren0 [octree.h:550] node count: 585 -> 605 -> 425

2025-05-20 20:47:06 INFO  ren0 [MIFocalGuidingPathTracer] ITERATION 1, until 20.0 seconds
2025-05-20 20:47:25 INFO  ren0 [MIFocalGuidingPathTracer]   28.63 seconds elapsed, passes this iteration: 1, total passes: 7
2025-05-20 20:47:25 INFO  ren0 [MIFocalGuidingPathTracer] Got 30932 non-zero samples
2025-05-20 20:47:25 INFO  ren0 [gaussian_mixture_model.h:815] Processing mega batch of size 30932
2025-05-20 20:47:25 INFO  ren0 [gaussian_mixture_model.h:215] Before splitting
2025-05-20 20:47:25 INFO  ren0 [gaussian_mixture_model.h:216] GMM[
weight = 0.0658269 mean = [6.29251 4.18402 -1.29851] covariance = [[0.60255 -0.133009 -0.074539][-0.133009 1.13647 0.22077][-0.074539 0.22077 1.43979]]
weight = 0.0801671 mean = [4.19116 3.04936 3.81404] covariance = [[3.3208 -0.458306 0.100034][-0.458306 3.86006 -0.64518][0.100034 -0.64518 3.14753]]
weight = 0.00456471 mean = [-14.1348 5.31938 1.97186] covariance = [[13.616 0.237239 4.52297][0.237239 8.79334 -1.62386][4.52297 -1.62386 7.01897]]
weight = 0.0407506 mean = [-4.22331 1.38321 -0.0948421] covariance = [[10.8254 0.0963308 -0.843741][0.0963308 3.56033 -1.421][-0.843741 -1.421 5.47339]]
weight = 0.0410634 mean = [-6.48974 4.32059 -0.615853] covariance = [[5.53496 1.31231 -0.97699][1.31231 3.07438 -0.405573][-0.97699 -0.405573 4.02259]]
weight = 0.0493614 mean = [6.4434 2.96346 -1.85522] covariance = [[0.448405 0.0345144 -0.0110912][0.0345144 2.1063 -0.385797][-0.0110912 -0.385797 0.834527]]
weight = 0.00576199 mean = [0.173565 9.57854 0.659187] covariance = [[21.2913 0.848675 -1.06807][0.848675 1.46033 -1.68178][-1.06807 -1.68178 6.08965]]
weight = 0.521326 mean = [2.68851 1.81262 -1.88351] covariance = [[3.78897 -0.874569 1.19436][-0.874569 2.82025 0.462032][1.19436 0.462032 2.37115]]
weight = 0.191178 mean = [-1.68617 3.83687 -2.07886] covariance = [[2.15747 -0.651318 1.10921][-0.651318 0.644419 0.211291][1.10921 0.211291 2.83943]]
]
2025-05-20 20:47:25 INFO  ren0 [gaussian_mixture_model.h:218] Before merging
2025-05-20 20:47:25 INFO  ren0 [gaussian_mixture_model.h:219] GMM[
weight = 0.0329135 mean = [6.20954 4.48447 -0.754357] covariance = [[0.588791 -0.083152 0.0157601][-0.083152 0.955939 -0.106214][0.0157601 -0.106214 0.847581]]
weight = 0.0801671 mean = [4.19116 3.04936 3.81404] covariance = [[3.3208 -0.458306 0.100034][-0.458306 3.86006 -0.64518][0.100034 -0.64518 3.14753]]
weight = 0.00456471 mean = [-14.1348 5.31938 1.97186] covariance = [[13.616 0.237239 4.52297][0.237239 8.79334 -1.62386][4.52297 -1.62386 7.01897]]
weight = 0.0407506 mean = [-4.22331 1.38321 -0.0948421] covariance = [[10.8254 0.0963308 -0.843741][0.0963308 3.56033 -1.421][-0.843741 -1.421 5.47339]]
weight = 0.0410634 mean = [-6.48974 4.32059 -0.615853] covariance = [[5.53496 1.31231 -0.97699][1.31231 3.07438 -0.405573][-0.97699 -0.405573 4.02259]]
weight = 0.0493614 mean = [6.4434 2.96346 -1.85522] covariance = [[0.448405 0.0345144 -0.0110912][0.0345144 2.1063 -0.385797][-0.0110912 -0.385797 0.834527]]
weight = 0.0329135 mean = [6.37548 3.88357 -1.84267] covariance = [[0.588791 -0.083152 0.0157601][-0.083152 0.955939 -0.106214][0.0157601 -0.106214 0.847581]]
weight = 0.00576199 mean = [0.173565 9.57854 0.659187] covariance = [[21.2913 0.848675 -1.06807][0.848675 1.46033 -1.68178][-1.06807 -1.68178 6.08965]]
weight = 0.521326 mean = [2.68851 1.81262 -1.88351] covariance = [[3.78897 -0.874569 1.19436][-0.874569 2.82025 0.462032][1.19436 0.462032 2.37115]]
weight = 0.191178 mean = [-1.68617 3.83687 -2.07886] covariance = [[2.15747 -0.651318 1.10921][-0.651318 0.644419 0.211291][1.10921 0.211291 2.83943]]
]
2025-05-20 20:47:25 INFO  ren0 [MIFocalGuidingPathTracer] GMM[
weight = 0.0329135 mean = [6.20954 4.48447 -0.754357] covariance = [[0.588791 -0.083152 0.0157601][-0.083152 0.955939 -0.106214][0.0157601 -0.106214 0.847581]]
weight = 0.0801671 mean = [4.19116 3.04936 3.81404] covariance = [[3.3208 -0.458306 0.100034][-0.458306 3.86006 -0.64518][0.100034 -0.64518 3.14753]]
weight = 0.00456471 mean = [-14.1348 5.31938 1.97186] covariance = [[13.616 0.237239 4.52297][0.237239 8.79334 -1.62386][4.52297 -1.62386 7.01897]]
weight = 0.0818139 mean = [-5.36086 2.85751 -0.356344] covariance = [[9.45422 -0.957669 -0.615416][-0.957669 5.47346 -1.29394][-0.615416 -1.29394 4.81309]]
weight = 0.0493614 mean = [6.4434 2.96346 -1.85522] covariance = [[0.448405 0.0345144 -0.0110912][0.0345144 2.1063 -0.385797][-0.0110912 -0.385797 0.834527]]
weight = 0.0329135 mean = [6.37548 3.88357 -1.84267] covariance = [[0.588791 -0.083152 0.0157601][-0.083152 0.955939 -0.106214][0.0157601 -0.106214 0.847581]]
weight = 0.00576199 mean = [0.173565 9.57854 0.659187] covariance = [[21.2913 0.848675 -1.06807][0.848675 1.46033 -1.68178][-1.06807 -1.68178 6.08965]]
weight = 0.521326 mean = [2.68851 1.81262 -1.88351] covariance = [[3.78897 -0.874569 1.19436][-0.874569 2.82025 0.462032][1.19436 0.462032 2.37115]]
weight = 0.191178 mean = [-1.68617 3.83687 -2.07886] covariance = [[2.15747 -0.651318 1.10921][-0.651318 0.644419 0.211291][1.10921 0.211291 2.83943]]
]
2025-05-20 20:47:25 INFO  ren0 [octree.h:534] root weight: 2.303e+06 (2303144.500000)
2025-05-20 20:47:25 INFO  ren0 [octree.h:535] splitting threshold: 2.303e+03 (2303.144531)
2025-05-20 20:47:25 INFO  ren0 [octree.h:534] root weight: 2.333e+05 (233324.984375)
2025-05-20 20:47:25 INFO  ren0 [octree.h:535] splitting threshold: 2.333e+02 (233.324997)
2025-05-20 20:47:25 INFO  ren0 [octree.h:550] node count: 680 -> 818 -> 780

2025-05-20 20:47:25 INFO  ren0 [octree.h:550] node count: 425 -> 436 -> 425

2025-05-20 20:47:25 INFO  ren0 [MIFocalGuidingPathTracer] ITERATION 2, until 30.0 seconds
2025-05-20 20:47:45 INFO  ren0 [MIFocalGuidingPathTracer]   48.72 seconds elapsed, passes this iteration: 1, total passes: 8
2025-05-20 20:47:45 INFO  ren0 [MIFocalGuidingPathTracer] Got 41924 non-zero samples
2025-05-20 20:47:45 INFO  ren0 [gaussian_mixture_model.h:815] Processing mega batch of size 41924
2025-05-20 20:47:45 INFO  ren0 [gaussian_mixture_model.h:215] Before splitting
2025-05-20 20:47:45 INFO  ren0 [gaussian_mixture_model.h:216] GMM[
weight = 0.035691 mean = [6.19351 4.19816 -1.09704] covariance = [[0.672168 -0.191181 -0.064693][-0.191181 1.10317 0.121319][-0.064693 0.121319 1.61173]]
weight = 0.134108 mean = [4.76365 2.95237 3.59962] covariance = [[3.20082 -0.50139 0.371713][-0.50139 2.91364 -0.334388][0.371713 -0.334388 1.94385]]
weight = 0.00245574 mean = [-13.5154 5.05899 2.12147] covariance = [[18.3602 0.31359 4.44176][0.31359 8.85864 -1.78903][4.44176 -1.78903 6.24718]]
weight = 0.0824152 mean = [-5.63592 3.99111 -0.0782333] covariance = [[5.41209 -0.00362761 1.15217][-0.00362761 4.14324 0.334468][1.15217 0.334468 5.06348]]
weight = 0.0353317 mean = [6.52009 2.7769 -1.88572] covariance = [[0.436819 -0.0457257 -0.0665938][-0.0457257 2.06975 -0.519202][-0.0665938 -0.519202 0.979474]]
weight = 0.00786724 mean = [6.38475 3.64107 -2.20475] covariance = [[0.692929 -0.311194 -0.277134][-0.311194 0.693547 -0.0544138][-0.277134 -0.0544138 0.991841]]
weight = 0.00301444 mean = [0.137503 9.46594 0.905159] covariance = [[20.184 0.867455 -1.00366][0.867455 1.6324 -2.04626][-1.00366 -2.04626 6.76887]]
weight = 0.495368 mean = [2.44775 1.90346 -1.97571] covariance = [[3.58351 -0.769511 1.29398][-0.769511 2.12593 0.392086][1.29398 0.392086 2.19192]]
weight = 0.203749 mean = [-1.72153 3.81539 -2.20672] covariance = [[3.19207 -1.41182 0.784622][-1.41182 1.01535 0.235773][0.784622 0.235773 2.14431]]
]
2025-05-20 20:47:45 INFO  ren0 [gaussian_mixture_model.h:218] Before merging
2025-05-20 20:47:45 INFO  ren0 [gaussian_mixture_model.h:219] GMM[
weight = 0.0178455 mean = [6.12107 4.36015 -0.479542] covariance = [[0.661683 -0.167713 0.0247684][-0.167713 1.0507 -0.0787301][0.0247684 -0.0787301 0.849139]]
weight = 0.134108 mean = [4.76365 2.95237 3.59962] covariance = [[3.20082 -0.50139 0.371713][-0.50139 2.91364 -0.334388][0.371713 -0.334388 1.94385]]
weight = 0.00245574 mean = [-13.5154 5.05899 2.12147] covariance = [[18.3602 0.31359 4.44176][0.31359 8.85864 -1.78903][4.44176 -1.78903 6.24718]]
weight = 0.0178455 mean = [6.26595 4.03618 -1.71453] covariance = [[0.661683 -0.167713 0.0247684][-0.167713 1.0507 -0.0787301][0.0247684 -0.0787301 0.849139]]
weight = 0.0824152 mean = [-5.63592 3.99111 -0.0782333] covariance = [[5.41209 -0.00362761 1.15217][-0.00362761 4.14324 0.334468][1.15217 0.334468 5.06348]]
weight = 0.0353317 mean = [6.52009 2.7769 -1.88572] covariance = [[0.436819 -0.0457257 -0.0665938][-0.0457257 2.06975 -0.519202][-0.0665938 -0.519202 0.979474]]
weight = 0.00786724 mean = [6.38475 3.64107 -2.20475] covariance = [[0.692929 -0.311194 -0.277134][-0.311194 0.693547 -0.0544138][-0.277134 -0.0544138 0.991841]]
weight = 0.00301444 mean = [0.137503 9.46594 0.905159] covariance = [[20.184 0.867455 -1.00366][0.867455 1.6324 -2.04626][-1.00366 -2.04626 6.76887]]
weight = 0.495368 mean = [2.44775 1.90346 -1.97571] covariance = [[3.58351 -0.769511 1.29398][-0.769511 2.12593 0.392086][1.29398 0.392086 2.19192]]
weight = 0.203749 mean = [-1.72153 3.81539 -2.20672] covariance = [[3.19207 -1.41182 0.784622][-1.41182 1.01535 0.235773][0.784622 0.235773 2.14431]]
]
2025-05-20 20:47:45 INFO  ren0 [MIFocalGuidingPathTracer] GMM[
weight = 0.0178455 mean = [6.12107 4.36015 -0.479542] covariance = [[0.661683 -0.167713 0.0247684][-0.167713 1.0507 -0.0787301][0.0247684 -0.0787301 0.849139]]
weight = 0.134108 mean = [4.76365 2.95237 3.59962] covariance = [[3.20082 -0.50139 0.371713][-0.50139 2.91364 -0.334388][0.371713 -0.334388 1.94385]]
weight = 0.00245574 mean = [-13.5154 5.05899 2.12147] covariance = [[18.3602 0.31359 4.44176][0.31359 8.85864 -1.78903][4.44176 -1.78903 6.24718]]
weight = 0.0824152 mean = [-5.63592 3.99111 -0.0782333] covariance = [[5.41209 -0.00362761 1.15217][-0.00362761 4.14324 0.334468][1.15217 0.334468 5.06348]]
weight = 0.0610445 mean = [6.42835 3.25641 -1.87679] covariance = [[0.548406 -0.180244 -0.0733542][-0.180244 1.9244 -0.307326][-0.0733542 -0.307326 0.964588]]
weight = 0.00301444 mean = [0.137503 9.46594 0.905159] covariance = [[20.184 0.867455 -1.00366][0.867455 1.6324 -2.04626][-1.00366 -2.04626 6.76887]]
weight = 0.495368 mean = [2.44775 1.90346 -1.97571] covariance = [[3.58351 -0.769511 1.29398][-0.769511 2.12593 0.392086][1.29398 0.392086 2.19192]]
weight = 0.203749 mean = [-1.72153 3.81539 -2.20672] covariance = [[3.19207 -1.41182 0.784622][-1.41182 1.01535 0.235773][0.784622 0.235773 2.14431]]
]
2025-05-20 20:47:45 INFO  ren0 [octree.h:534] root weight: 2.135e+06 (2134934.500000)
2025-05-20 20:47:45 INFO  ren0 [octree.h:535] splitting threshold: 2.135e+03 (2134.934570)
2025-05-20 20:47:45 INFO  ren0 [octree.h:534] root weight: 2.105e+05 (210491.453125)
2025-05-20 20:47:45 INFO  ren0 [octree.h:535] splitting threshold: 2.105e+02 (210.491470)
2025-05-20 20:47:45 INFO  ren0 [octree.h:550] node count: 780 -> 916 -> 795

2025-05-20 20:47:45 INFO  ren0 [octree.h:550] node count: 425 -> 435 -> 422

2025-05-20 20:47:45 INFO  ren0 [MIFocalGuidingPathTracer] ITERATION 3, until 40.0 seconds
2025-05-20 20:48:05 INFO  ren0 [MIFocalGuidingPathTracer]   68.90 seconds elapsed, passes this iteration: 1, total passes: 9
2025-05-20 20:48:05 INFO  ren0 [MIFocalGuidingPathTracer] Got 49460 non-zero samples
2025-05-20 20:48:05 INFO  ren0 [gaussian_mixture_model.h:815] Processing mega batch of size 49460
2025-05-20 20:48:05 INFO  ren0 [gaussian_mixture_model.h:215] Before splitting
2025-05-20 20:48:05 INFO  ren0 [gaussian_mixture_model.h:216] GMM[
weight = 0.00774922 mean = [6.14701 4.1529 -0.838697] covariance = [[0.673375 -0.198417 -0.00516405][-0.198417 1.14142 0.100142][-0.00516405 0.100142 1.43741]]
weight = 0.0845442 mean = [4.72383 2.55585 3.55116] covariance = [[3.53913 0.16091 0.802486][0.16091 4.02023 -0.221392][0.802486 -0.221392 2.08805]]
weight = 0.00133172 mean = [-13.9154 4.67662 2.57036] covariance = [[23.1028 -1.2026 2.30979][-1.2026 11.1151 -0.724438][2.30979 -0.724438 5.63329]]
weight = 0.0431568 mean = [-5.78491 3.39296 0.397247] covariance = [[5.46473 1.37768 0.96808][1.37768 5.80027 0.484508][0.96808 0.484508 4.26408]]
weight = 0.019958 mean = [6.38785 2.32311 -1.54356] covariance = [[0.497486 -0.38114 0.116598][-0.38114 1.61973 -0.32321][0.116598 -0.32321 0.629291]]
weight = 0.00190992 mean = [-2.93418 9.33114 1.71008] covariance = [[11.5724 0.112412 -1.2981][0.112412 0.607466 -0.683559][-1.2981 -0.683559 3.75366]]
weight = 0.727762 mean = [2.62548 1.3196 -2.61794] covariance = [[1.20734 -0.318284 0.369544][-0.318284 0.770987 0.232248][0.369544 0.232248 0.861523]]
weight = 0.113589 mean = [-0.95362 3.26151 -2.51471] covariance = [[4.45409 -2.42875 0.0800965][-2.42875 1.54801 0.301222][0.0800965 0.301222 1.15841]]
]
2025-05-20 20:48:05 INFO  ren0 [gaussian_mixture_model.h:218] Before merging
2025-05-20 20:48:05 INFO  ren0 [gaussian_mixture_model.h:219] GMM[
weight = 0.00387461 mean = [6.0928 4.35676 -0.269534] covariance = [[0.667508 -0.176315 0.0565424][-0.176315 1.05831 -0.131914][0.0565424 -0.131914 0.789529]]
weight = 0.0422721 mean = [5.05407 3.50854 3.57846] covariance = [[3.32102 -0.468328 0.784455][-0.468328 2.20502 -0.27341][0.784455 -0.27341 2.08657]]
weight = 0.00133172 mean = [-13.9154 4.67662 2.57036] covariance = [[23.1028 -1.2026 2.30979][-1.2026 11.1151 -0.724438][2.30979 -0.724438 5.63329]]
weight = 0.00387461 mean = [6.20121 3.94905 -1.40786] covariance = [[0.667508 -0.176315 0.0565424][-0.176315 1.05831 -0.131914][0.0565424 -0.131914 0.789529]]
weight = 0.0431568 mean = [-5.78491 3.39296 0.397247] covariance = [[5.46473 1.37768 0.96808][1.37768 5.80027 0.484508][0.96808 0.484508 4.26408]]
weight = 0.0422721 mean = [4.39358 1.60317 3.52386] covariance = [[3.32102 -0.468328 0.784455][-0.468328 2.20502 -0.27341][0.784455 -0.27341 2.08657]]
weight = 0.019958 mean = [6.38785 2.32311 -1.54356] covariance = [[0.497486 -0.38114 0.116598][-0.38114 1.61973 -0.32321][0.116598 -0.32321 0.629291]]
weight = 0.00190992 mean = [-2.93418 9.33114 1.71008] covariance = [[11.5724 0.112412 -1.2981][0.112412 0.607466 -0.683559][-1.2981 -0.683559 3.75366]]
weight = 0.727762 mean = [2.62548 1.3196 -2.61794] covariance = [[1.20734 -0.318284 0.369544][-0.318284 0.770987 0.232248][0.369544 0.232248 0.861523]]
weight = 0.113589 mean = [-0.95362 3.26151 -2.51471] covariance = [[4.45409 -2.42875 0.0800965][-2.42875 1.54801 0.301222][0.0800965 0.301222 1.15841]]
]
2025-05-20 20:48:05 INFO  ren0 [MIFocalGuidingPathTracer] GMM[
weight = 0.00387461 mean = [6.0928 4.35676 -0.269534] covariance = [[0.667508 -0.176315 0.0565424][-0.176315 1.05831 -0.131914][0.0565424 -0.131914 0.789529]]
weight = 0.0422721 mean = [5.05407 3.50854 3.57846] covariance = [[3.32102 -0.468328 0.784455][-0.468328 2.20502 -0.27341][0.784455 -0.27341 2.08657]]
weight = 0.00133172 mean = [-13.9154 4.67662 2.57036] covariance = [[23.1028 -1.2026 2.30979][-1.2026 11.1151 -0.724438][2.30979 -0.724438 5.63329]]
weight = 0.00387461 mean = [6.20121 3.94905 -1.40786] covariance = [[0.667508 -0.176315 0.0565424][-0.176315 1.05831 -0.131914][0.0565424 -0.131914 0.789529]]
weight = 0.0431568 mean = [-5.78491 3.39296 0.397247] covariance = [[5.46473 1.37768 0.96808][1.37768 5.80027 0.484508][0.96808 0.484508 4.26408]]
weight = 0.0422721 mean = [4.39358 1.60317 3.52386] covariance = [[3.32102 -0.468328 0.784455][-0.468328 2.20502 -0.27341][0.784455 -0.27341 2.08657]]
weight = 0.019958 mean = [6.38785 2.32311 -1.54356] covariance = [[0.497486 -0.38114 0.116598][-0.38114 1.61973 -0.32321][0.116598 -0.32321 0.629291]]
weight = 0.00190992 mean = [-2.93418 9.33114 1.71008] covariance = [[11.5724 0.112412 -1.2981][0.112412 0.607466 -0.683559][-1.2981 -0.683559 3.75366]]
weight = 0.84135 mean = [2.14227 1.58178 -2.604] covariance = [[3.14164 -1.41487 0.287317][-1.41487 1.31628 0.264971][0.287317 0.264971 0.90286]]
]
2025-05-20 20:48:05 INFO  ren0 [octree.h:534] root weight: 2.117e+06 (2116649.000000)
2025-05-20 20:48:05 INFO  ren0 [octree.h:535] splitting threshold: 2.117e+03 (2116.649170)
2025-05-20 20:48:05 INFO  ren0 [octree.h:534] root weight: 1.878e+05 (187829.515625)
2025-05-20 20:48:05 INFO  ren0 [octree.h:535] splitting threshold: 1.878e+02 (187.829529)
2025-05-20 20:48:05 INFO  ren0 [octree.h:550] node count: 795 -> 945 -> 766

2025-05-20 20:48:05 INFO  ren0 [octree.h:550] node count: 422 -> 433 -> 417

2025-05-20 20:48:05 INFO  ren0 [MIFocalGuidingPathTracer] ITERATION 4, until 50.0 seconds
2025-05-20 20:48:24 INFO  ren0 [MIFocalGuidingPathTracer]   87.67 seconds elapsed, passes this iteration: 1, total passes: 10
2025-05-20 20:48:24 INFO  ren0 [MIFocalGuidingPathTracer] Got 86613 non-zero samples
2025-05-20 20:48:24 INFO  ren0 [gaussian_mixture_model.h:815] Processing mega batch of size 86613
2025-05-20 20:48:24 INFO  ren0 [gaussian_mixture_model.h:215] Before splitting
2025-05-20 20:48:24 INFO  ren0 [gaussian_mixture_model.h:216] GMM[
weight = 0.0167603 mean = [5.91765 4.35023 -0.299161] covariance = [[0.85695 -0.0888181 0.227862][-0.0888181 0.97901 -0.239629][0.227862 -0.239629 1.18731]]
weight = 0.136 mean = [4.69105 3.47693 3.65314] covariance = [[2.94512 -0.396031 1.19746][-0.396031 2.37631 -0.212702][1.19746 -0.212702 3.46895]]
weight = 0.00936598 mean = [-11.979 6.05051 0.940974] covariance = [[11.6386 -1.11614 0.835988][-1.11614 13.3397 -5.08435][0.835988 -5.08435 5.66238]]
weight = 0.0161195 mean = [6.0612 4.33255 -1.8085] covariance = [[1.1527 -0.0420332 -0.278531][-0.0420332 0.600828 -0.116331][-0.278531 -0.116331 0.942863]]
weight = 0.196756 mean = [-6.01453 3.30681 -0.737267] covariance = [[7.32136 -1.03845 0.520402][-1.03845 7.69765 1.37089][0.520402 1.37089 3.97559]]
weight = 0.0995943 mean = [3.533 1.81796 2.82024] covariance = [[3.88838 0.309961 2.04276][0.309961 2.77488 0.605752][2.04276 0.605752 3.71371]]
weight = 0.0359803 mean = [6.25091 3.12261 -1.87711] covariance = [[0.710521 -0.287694 -0.0476638][-0.287694 2.08561 -0.460942][-0.0476638 -0.460942 0.826407]]
weight = 0.00463414 mean = [0.652311 9.4081 1.52838] covariance = [[20.3755 0.612201 1.29554][0.612201 0.741049 -0.476589][1.29554 -0.476589 4.60237]]
weight = 0.484789 mean = [1.16183 2.06547 -2.48234] covariance = [[5.09198 -2.33786 0.305724][-2.33786 1.78659 0.0776273][0.305724 0.0776273 0.754224]]
]
2025-05-20 20:48:24 INFO  ren0 [gaussian_mixture_model.h:218] Before merging
2025-05-20 20:48:24 INFO  ren0 [gaussian_mixture_model.h:219] GMM[
weight = 0.00838015 mean = [6.14597 4.06137 0.175325] covariance = [[0.752695 0.0430897 0.0111866][0.0430897 0.812141 0.0344894][0.0111866 0.0344894 0.737042]]
